# G-code interpreter output — auto-generated by gcode_interpreter.py
# Units: X/Y/Z in mm | Toolhead_Speed in mm/min | Extrusion_Length in mm | Extrusion_Speed in mm/min
X,Y,Z,QX,QY,QZ,QW,Toolhead_Speed_mm_per_min,Extrusion_Length_mm,Extrusion_Speed_mm_per_min,Move_Type,Segment_ID,GCode_Line
-743.5620,-245.4060,-532.2000,0.500000,-0.500000,-0.500000,0.500000,900.0000,0.000000,0.000000,travel,0,27
-741.7810,-247.0780,-531.7500,0.500000,-0.500000,-0.500000,0.500000,900.0000,0.262000,94.929159,extrusion,1,31
-739.5580,-248.0900,-531.7500,0.500000,-0.500000,-0.500000,0.500000,900.0000,0.261960,96.525151,extrusion,1,32
-737.6010,-248.3490,-531.7500,0.500000,-0.500000,-0.500000,0.500000,900.0000,0.211720,96.525729,extrusion,1,33
-697.6010,-248.3490,-531.7500,0.500000,-0.500000,-0.500000,0.500000,900.0000,4.289990,96.524775,extrusion,1,34
-695.1910,-247.9520,-531.7500,0.500000,-0.500000,-0.500000,0.500000,900.0000,0.261960,96.526478,extrusion,1,35
-693.0350,-246.8020,-531.7500,0.500000,-0.500000,-0.500000,0.500000,900.0000,0.262070,96.525542,extrusion,1,36
-691.3640,-245.0210,-531.7500,0.500000,-0.500000,-0.500000,0.500000,900.0000,0.261920,96.523931,extrusion,1,37
-690.3520,-242.7980,-531.7500,0.500000,-0.500000,-0.500000,0.500000,900.0000,0.261960,96.525151,extrusion,1,38
-690.0920,-240.8410,-531.7500,0.500000,-0.500000,-0.500000,0.500000,900.0000,0.211730,96.523861,extrusion,1,39
-690.0920,-160.8410,-531.7500,0.500000,-0.500000,-0.500000,0.500000,900.0000,8.579980,96.524775,extrusion,1,40
-690.4900,-158.4300,-531.7500,0.500000,-0.500000,-0.500000,0.500000,900.0000,0.262080,96.525272,extrusion,1,41
-691.6400,-156.2750,-531.7500,0.500000,-0.500000,-0.500000,0.500000,900.0000,0.261970,96.523561,extrusion,1,42
-693.4200,-154.6030,-531.7500,0.500000,-0.500000,-0.500000,0.500000,900.0000,0.261920,96.525695,extrusion,1,43
-695.6440,-153.5920,-531.7500,0.500000,-0.500000,-0.500000,0.500000,900.0000,0.262010,96.523967,extrusion,1,44
-697.6010,-153.3320,-531.7500,0.500000,-0.500000,-0.500000,0.500000,900.0000,0.211730,96.523861,extrusion,1,45
-737.6010,-153.3320,-531.7500,0.500000,-0.500000,-0.500000,0.500000,900.0000,4.289990,96.524775,extrusion,1,46
-740.0110,-153.7290,-531.7500,0.500000,-0.500000,-0.500000,0.500000,900.0000,0.261960,96.526478,extrusion,1,47
-742.1660,-154.8790,-531.7500,0.500000,-0.500000,-0.500000,0.500000,900.0000,0.261970,96.523561,extrusion,1,48
-743.8380,-156.6600,-531.7500,0.500000,-0.500000,-0.500000,0.500000,900.0000,0.262000,96.526364,extrusion,1,49
-744.8500,-158.8830,-531.7500,0.500000,-0.500000,-0.500000,0.500000,900.0000,0.261960,96.525151,extrusion,1,50
-745.1090,-160.8410,-531.7500,0.500000,-0.500000,-0.500000,0.500000,900.0000,0.211820,96.522848,extrusion,1,51
-745.1090,-240.8410,-531.7500,0.500000,-0.500000,-0.500000,0.500000,900.0000,8.579980,96.524775,extrusion,1,52
-744.7120,-243.2510,-531.7500,0.500000,-0.500000,-0.500000,0.500000,900.0000,0.261960,96.526478,extrusion,1,53
-743.5620,-245.4060,-531.7500,0.500000,-0.500000,-0.500000,0.500000,900.0000,0.261970,96.523561,extrusion,1,54
-743.0150,-245.0990,-531.7500,0.500000,-0.500000,-0.500000,0.500000,900.0000,0.000000,0.000000,travel,2,55
-742.9630,-245.1910,-531.7500,0.500000,-0.500000,-0.500000,0.500000,900.0000,0.011330,96.490536,extrusion,3,56
-741.2010,-246.7330,-531.7500,0.500000,-0.500000,-0.500000,0.500000,900.0000,0.251120,96.524628,extrusion,3,57
-739.0240,-247.5970,-531.7500,0.500000,-0.500000,-0.500000,0.500000,900.0000,0.251200,96.525302,extrusion,3,58
-737.6010,-247.7460,-531.7500,0.500000,-0.500000,-0.500000,0.500000,900.0000,0.153450,96.524307,extrusion,3,59
-697.6010,-247.7460,-531.7500,0.500000,-0.500000,-0.500000,0.500000,900.0000,4.289990,96.524775,extrusion,3,60
-695.2930,-247.3490,-531.7500,0.500000,-0.500000,-0.500000,0.500000,900.0000,0.251170,96.525670,extrusion,3,61
-693.2500,-246.2030,-531.7500,0.500000,-0.500000,-0.500000,0.500000,900.0000,0.251230,96.525042,extrusion,3,62
-691.7080,-244.4410,-531.7500,0.500000,-0.500000,-0.500000,0.500000,900.0000,0.251120,96.524628,extrusion,3,63
-690.8440,-242.2640,-531.7500,0.500000,-0.500000,-0.500000,0.500000,900.0000,0.251200,96.525302,extrusion,3,64
-690.6960,-240.8410,-531.7500,0.500000,-0.500000,-0.500000,0.500000,900.0000,0.153440,96.525019,extrusion,3,65
-690.6960,-160.8410,-531.7500,0.500000,-0.500000,-0.500000,0.500000,900.0000,8.579980,96.524775,extrusion,3,66
-691.0930,-158.5330,-531.7500,0.500000,-0.500000,-0.500000,0.500000,900.0000,0.251170,96.525670,extrusion,3,67
-692.2380,-156.4900,-531.7500,0.500000,-0.500000,-0.500000,0.500000,900.0000,0.251180,96.525984,extrusion,3,68
-694.0010,-154.9480,-531.7500,0.500000,-0.500000,-0.500000,0.500000,900.0000,0.251200,96.524352,extrusion,3,69
-696.1770,-154.0840,-531.7500,0.500000,-0.500000,-0.500000,0.500000,900.0000,0.251100,96.525180,extrusion,3,70
-697.6010,-153.9350,-531.7500,0.500000,-0.500000,-0.500000,0.500000,900.0000,0.153560,96.526402,extrusion,3,71
-737.6010,-153.9350,-531.7500,0.500000,-0.500000,-0.500000,0.500000,900.0000,4.289990,96.524775,extrusion,3,72
-739.9090,-154.3330,-531.7500,0.500000,-0.500000,-0.500000,0.500000,900.0000,0.251190,96.526360,extrusion,3,73
-741.9510,-155.4780,-531.7500,0.500000,-0.500000,-0.500000,0.500000,900.0000,0.251080,96.523506,extrusion,3,74
-743.4930,-157.2410,-531.7500,0.500000,-0.500000,-0.500000,0.500000,900.0000,0.251200,96.524352,extrusion,3,75
-744.3580,-159.4170,-531.7500,0.500000,-0.500000,-0.500000,0.500000,900.0000,0.251140,96.525335,extrusion,3,76
-744.5060,-160.8410,-531.7500,0.500000,-0.500000,-0.500000,0.500000,900.0000,0.153550,96.527109,extrusion,3,77
-744.5060,-240.8410,-531.7500,0.500000,-0.500000,-0.500000,0.500000,900.0000,8.579980,96.524775,extrusion,3,78
-744.1090,-243.1490,-531.7500,0.500000,-0.500000,-0.500000,0.500000,900.0000,0.251170,96.525670,extrusion,3,79
-743.0150,-245.0990,-531.7500,0.500000,-0.500000,-0.500000,0.500000,900.0000,0.239800,96.524048,extrusion,3,80
-742.4750,-244.7790,-531.7500,0.500000,-0.500000,-0.500000,0.500000,900.0000,0.000000,0.000000,travel,4,81
-742.3650,-244.9650,-531.7500,0.500000,-0.500000,-0.500000,0.500000,900.0000,0.023180,96.541958,extrusion,5,82
-740.6250,-246.3690,-531.7500,0.500000,-0.500000,-0.500000,0.500000,900.0000,0.239790,96.525043,extrusion,5,83
-737.6010,-247.1420,-531.7500,0.500000,-0.500000,-0.500000,0.500000,900.0000,0.334750,96.524307,extrusion,5,84
-697.6010,-247.1420,-531.7500,0.500000,-0.500000,-0.500000,0.500000,900.0000,4.289990,96.524775,extrusion,5,85
-695.4000,-246.7450,-531.7500,0.500000,-0.500000,-0.500000,0.500000,900.0000,0.239870,96.526413,extrusion,5,86
-693.4760,-245.6050,-531.7500,0.500000,-0.500000,-0.500000,0.500000,900.0000,0.239850,96.524482,extrusion,5,87
-692.0720,-243.8640,-531.7500,0.500000,-0.500000,-0.500000,0.500000,900.0000,0.239870,96.523644,extrusion,5,88
-691.2990,-240.8410,-531.7500,0.500000,-0.500000,-0.500000,0.500000,900.0000,0.334650,96.525434,extrusion,5,89
-691.2990,-160.8410,-531.7500,0.500000,-0.500000,-0.500000,0.500000,900.0000,8.579980,96.524775,extrusion,5,90
-691.6960,-158.6400,-531.7500,0.500000,-0.500000,-0.500000,0.500000,900.0000,0.239870,96.526413,extrusion,5,91
-692.8360,-156.7160,-531.7500,0.500000,-0.500000,-0.500000,0.500000,900.0000,0.239850,96.524482,extrusion,5,92
-694.5770,-155.3120,-531.7500,0.500000,-0.500000,-0.500000,0.500000,900.0000,0.239870,96.523644,extrusion,5,93
-697.6010,-154.5390,-531.7500,0.500000,-0.500000,-0.500000,0.500000,900.0000,0.334750,96.524307,extrusion,5,94
-737.6010,-154.5390,-531.7500,0.500000,-0.500000,-0.500000,0.500000,900.0000,4.289990,96.524775,extrusion,5,95
-739.8020,-154.9360,-531.7500,0.500000,-0.500000,-0.500000,0.500000,900.0000,0.239870,96.526413,extrusion,5,96
-741.7250,-156.0760,-531.7500,0.500000,-0.500000,-0.500000,0.500000,900.0000,0.239760,96.525393,extrusion,5,97
-743.1300,-157.8170,-531.7500,0.500000,-0.500000,-0.500000,0.500000,900.0000,0.239940,96.524714,extrusion,5,98
-743.9020,-160.8410,-531.7500,0.500000,-0.500000,-0.500000,0.500000,900.0000,0.334730,96.526194,extrusion,5,99
-743.9020,-240.8410,-531.7500,0.500000,-0.500000,-0.500000,0.500000,900.0000,8.579980,96.524775,extrusion,5,100
-743.5060,-243.0410,-531.7500,0.500000,-0.500000,-0.500000,0.500000,900.0000,0.239740,96.524227,extrusion,5,101
-742.4750,-244.7790,-531.7500,0.500000,-0.500000,-0.500000,0.500000,900.0000,0.216730,96.524970,extrusion,5,102
-722.5090,-172.5120,-531.7500,0.500000,-0.500000,-0.500000,0.500000,900.0000,0.000000,0.000000,travel,6,105
-722.7140,-172.7970,-531.7500,0.500000,-0.500000,-0.500000,0.500000,900.0000,0.037650,96.519269,extrusion,7,108
-723.1650,-173.7310,-531.7500,0.500000,-0.500000,-0.500000,0.500000,900.0000,0.111240,96.526464,extrusion,7,109
-723.4470,-174.7300,-531.7500,0.500000,-0.500000,-0.500000,0.500000,900.0000,0.111330,96.525274,extrusion,7,110
-723.5510,-175.7620,-531.7500,0.500000,-0.500000,-0.500000,0.500000,900.0000,0.111240,96.522741,extrusion,7,111
-723.4740,-176.7960,-531.7500,0.500000,-0.500000,-0.500000,0.500000,900.0000,0.111200,96.521907,extrusion,7,112
-723.2190,-177.8020,-531.7500,0.500000,-0.500000,-0.500000,0.500000,900.0000,0.111310,96.528719,extrusion,7,113
-722.7930,-178.7470,-531.7500,0.500000,-0.500000,-0.500000,0.500000,900.0000,0.111170,96.522087,extrusion,7,114
-722.2100,-179.6050,-531.7500,0.500000,-0.500000,-0.500000,0.500000,900.0000,0.111250,96.521863,extrusion,7,115
-721.4860,-180.3480,-531.7500,0.500000,-0.500000,-0.500000,0.500000,900.0000,0.111260,96.522826,extrusion,7,116
-720.6440,-180.9540,-531.7500,0.500000,-0.500000,-0.500000,0.500000,900.0000,0.111260,96.523947,extrusion,7,117
-719.7100,-181.4050,-531.7500,0.500000,-0.500000,-0.500000,0.500000,900.0000,0.111240,96.526464,extrusion,7,118
-718.7120,-181.6870,-531.7500,0.500000,-0.500000,-0.500000,0.500000,900.0000,0.111230,96.528062,extrusion,7,119
-718.5560,-181.7140,-531.7500,0.500000,-0.500000,-0.500000,0.500000,900.0000,0.016980,96.526451,extrusion,7,120
-717.7190,-181.7870,-531.7500,0.500000,-0.500000,-0.500000,0.500000,900.0000,0.090110,96.526048,extrusion,7,121
-716.6520,-181.7150,-531.7500,0.500000,-0.500000,-0.500000,0.500000,900.0000,0.114700,96.528375,extrusion,7,122
-715.6400,-181.4590,-531.7500,0.500000,-0.500000,-0.500000,0.500000,900.0000,0.111960,96.528578,extrusion,7,123
-714.6940,-181.0330,-531.7500,0.500000,-0.500000,-0.500000,0.500000,900.0000,0.111270,96.524012,extrusion,7,124
-713.8370,-180.4490,-531.7500,0.500000,-0.500000,-0.500000,0.500000,900.0000,0.111230,96.529094,extrusion,7,125
-713.0930,-179.7260,-531.7500,0.500000,-0.500000,-0.500000,0.500000,900.0000,0.111260,96.521032,extrusion,7,126
-712.4870,-178.8840,-531.7500,0.500000,-0.500000,-0.500000,0.500000,900.0000,0.111260,96.523947,extrusion,7,127
-712.0360,-177.9500,-531.7500,0.500000,-0.500000,-0.500000,0.500000,900.0000,0.111240,96.526464,extrusion,7,128
-711.7550,-176.9520,-531.7500,0.500000,-0.500000,-0.500000,0.500000,900.0000,0.111200,96.527295,extrusion,7,129
-711.6510,-175.9190,-531.7500,0.500000,-0.500000,-0.500000,0.500000,900.0000,0.111350,96.525595,extrusion,7,130
-711.7270,-174.8850,-531.7500,0.500000,-0.500000,-0.500000,0.500000,900.0000,0.111200,96.528776,extrusion,7,131
-711.9820,-173.8800,-531.7500,0.500000,-0.500000,-0.500000,0.500000,900.0000,0.111200,96.523479,extrusion,7,132
-712.4080,-172.9340,-531.7500,0.500000,-0.500000,-0.500000,0.500000,900.0000,0.111270,96.524012,extrusion,7,133
-712.9920,-172.0760,-531.7500,0.500000,-0.500000,-0.500000,0.500000,900.0000,0.111310,96.521595,extrusion,7,134
-713.7160,-171.3330,-531.7500,0.500000,-0.500000,-0.500000,0.500000,900.0000,0.111260,96.522826,extrusion,7,135
-714.5570,-170.7270,-531.7500,0.500000,-0.500000,-0.500000,0.500000,900.0000,0.111170,96.521368,extrusion,7,136
-715.4920,-170.2760,-531.7500,0.500000,-0.500000,-0.500000,0.500000,900.0000,0.111330,96.520750,extrusion,7,137
-716.4900,-169.9950,-531.7500,0.500000,-0.500000,-0.500000,0.500000,900.0000,0.111200,96.527295,extrusion,7,138
-717.5220,-169.8900,-531.7500,0.500000,-0.500000,-0.500000,0.500000,900.0000,0.111250,96.522043,extrusion,7,139
-718.5560,-169.9670,-531.7500,0.500000,-0.500000,-0.500000,0.500000,900.0000,0.111200,96.521907,extrusion,7,140
-719.5620,-170.2220,-531.7500,0.500000,-0.500000,-0.500000,0.500000,900.0000,0.111310,96.528719,extrusion,7,141
-720.5080,-170.6480,-531.7500,0.500000,-0.500000,-0.500000,0.500000,900.0000,0.111270,96.524012,extrusion,7,142
-721.3650,-171.2320,-531.7500,0.500000,-0.500000,-0.500000,0.500000,900.0000,0.111230,96.529094,extrusion,7,143
-722.1080,-171.9550,-531.7500,0.500000,-0.500000,-0.500000,0.500000,900.0000,0.111190,96.527010,extrusion,7,144
-722.5090,-172.5120,-531.7500,0.500000,-0.500000,-0.500000,0.500000,900.0000,0.073610,96.526336,extrusion,7,145
-722.0190,-172.8590,-531.7500,0.500000,-0.500000,-0.500000,0.500000,900.0000,0.000000,0.000000,travel,8,146
-722.2200,-173.1430,-531.7500,0.500000,-0.500000,-0.500000,0.500000,900.0000,0.037320,96.535976,extrusion,9,148
-722.6180,-173.9860,-531.7500,0.500000,-0.500000,-0.500000,0.500000,900.0000,0.099980,96.523378,extrusion,9,149
-722.8640,-174.8860,-531.7500,0.500000,-0.500000,-0.500000,0.500000,900.0000,0.100070,96.529050,extrusion,9,150
-722.9500,-175.8140,-531.7500,0.500000,-0.500000,-0.500000,0.500000,900.0000,0.099950,96.520685,extrusion,9,151
-722.8730,-176.7440,-531.7500,0.500000,-0.500000,-0.500000,0.500000,900.0000,0.100080,96.521345,extrusion,9,152
-722.6360,-177.6450,-531.7500,0.500000,-0.500000,-0.500000,0.500000,900.0000,0.099920,96.525615,extrusion,9,153
-722.2460,-178.4920,-531.7500,0.500000,-0.500000,-0.500000,0.500000,900.0000,0.100010,96.527019,extrusion,9,154
-721.7150,-179.2590,-531.7500,0.500000,-0.500000,-0.500000,0.500000,900.0000,0.100050,96.524506,extrusion,9,155
-721.0590,-179.9210,-531.7500,0.500000,-0.500000,-0.500000,0.500000,900.0000,0.099950,96.520685,extrusion,9,156
-720.2980,-180.4600,-531.7500,0.500000,-0.500000,-0.500000,0.500000,900.0000,0.100020,96.529289,extrusion,9,157
-719.4550,-180.8580,-531.7500,0.500000,-0.500000,-0.500000,0.500000,900.0000,0.099980,96.523378,extrusion,9,158
-718.5040,-181.1130,-531.7500,0.500000,-0.500000,-0.500000,0.500000,900.0000,0.105600,96.527064,extrusion,9,159
-717.6660,-181.1860,-531.7500,0.500000,-0.500000,-0.500000,0.500000,900.0000,0.090220,96.529422,extrusion,9,160
-716.7000,-181.1130,-531.7500,0.500000,-0.500000,-0.500000,0.500000,900.0000,0.103900,96.526018,extrusion,9,161
-715.7960,-180.8760,-531.7500,0.500000,-0.500000,-0.500000,0.500000,900.0000,0.100230,96.524459,extrusion,9,162
-714.9490,-180.4860,-531.7500,0.500000,-0.500000,-0.500000,0.500000,900.0000,0.100010,96.527019,extrusion,9,163
-714.1830,-179.9550,-531.7500,0.500000,-0.500000,-0.500000,0.500000,900.0000,0.099960,96.522730,extrusion,9,164
-713.5200,-179.2990,-531.7500,0.500000,-0.500000,-0.500000,0.500000,900.0000,0.100030,96.524345,extrusion,9,165
-712.9820,-178.5380,-531.7500,0.500000,-0.500000,-0.500000,0.500000,900.0000,0.099950,96.521518,extrusion,9,166
-712.5830,-177.6950,-531.7500,0.500000,-0.500000,-0.500000,0.500000,900.0000,0.100030,96.527397,extrusion,9,167
-712.3380,-176.7950,-531.7500,0.500000,-0.500000,-0.500000,0.500000,900.0000,0.100040,96.527337,extrusion,9,168
-712.2520,-175.8670,-531.7500,0.500000,-0.500000,-0.500000,0.500000,900.0000,0.099950,96.520685,extrusion,9,169
-712.3280,-174.9380,-531.7500,0.500000,-0.500000,-0.500000,0.500000,900.0000,0.099970,96.526831,extrusion,9,170
-712.5650,-174.0360,-531.7500,0.500000,-0.500000,-0.500000,0.500000,900.0000,0.100020,96.522019,extrusion,9,171
-712.9550,-173.1890,-531.7500,0.500000,-0.500000,-0.500000,0.500000,900.0000,0.100010,96.527019,extrusion,9,172
-713.4860,-172.4220,-531.7500,0.500000,-0.500000,-0.500000,0.500000,900.0000,0.100050,96.524506,extrusion,9,173
-714.1420,-171.7600,-531.7500,0.500000,-0.500000,-0.500000,0.500000,900.0000,0.099950,96.520685,extrusion,9,174
-714.9030,-171.2210,-531.7500,0.500000,-0.500000,-0.500000,0.500000,900.0000,0.100020,96.529289,extrusion,9,175
-715.7470,-170.8230,-531.7500,0.500000,-0.500000,-0.500000,0.500000,900.0000,0.100080,96.526278,extrusion,9,176
-716.6460,-170.5770,-531.7500,0.500000,-0.500000,-0.500000,0.500000,900.0000,0.099960,96.522730,extrusion,9,177
-717.5740,-170.4920,-531.7500,0.500000,-0.500000,-0.500000,0.500000,900.0000,0.099940,96.520530,extrusion,9,178
-718.5040,-170.5680,-531.7500,0.500000,-0.500000,-0.500000,0.500000,900.0000,0.100070,96.520180,extrusion,9,179
-719.4060,-170.8050,-531.7500,0.500000,-0.500000,-0.500000,0.500000,900.0000,0.100020,96.522019,extrusion,9,180
-720.2530,-171.1950,-531.7500,0.500000,-0.500000,-0.500000,0.500000,900.0000,0.100010,96.527019,extrusion,9,181
-721.0190,-171.7260,-531.7500,0.500000,-0.500000,-0.500000,0.500000,900.0000,0.099960,96.522730,extrusion,9,182
-721.6810,-172.3820,-531.7500,0.500000,-0.500000,-0.500000,0.500000,900.0000,0.099950,96.520685,extrusion,9,183
-722.0190,-172.8590,-531.7500,0.500000,-0.500000,-0.500000,0.500000,900.0000,0.062700,96.525303,extrusion,9,184
-718.4170,-219.9570,-531.7500,0.500000,-0.500000,-0.500000,0.500000,900.0000,0.000000,0.000000,travel,10,186
-718.5560,-219.9670,-531.7500,0.500000,-0.500000,-0.500000,0.500000,900.0000,0.014950,96.549028,extrusion,11,188
-719.5620,-220.2220,-531.7500,0.500000,-0.500000,-0.500000,0.500000,900.0000,0.111310,96.528719,extrusion,11,189
-720.5080,-220.6480,-531.7500,0.500000,-0.500000,-0.500000,0.500000,900.0000,0.111270,96.524012,extrusion,11,190
-721.3650,-221.2320,-531.7500,0.500000,-0.500000,-0.500000,0.500000,900.0000,0.111230,96.529094,extrusion,11,191
-722.1080,-221.9550,-531.7500,0.500000,-0.500000,-0.500000,0.500000,900.0000,0.111190,96.527010,extrusion,11,192
-722.7140,-222.7970,-531.7500,0.500000,-0.500000,-0.500000,0.500000,900.0000,0.111260,96.523947,extrusion,11,193
-723.1650,-223.7310,-531.7500,0.500000,-0.500000,-0.500000,0.500000,900.0000,0.111240,96.526464,extrusion,11,194
-723.4470,-224.7300,-531.7500,0.500000,-0.500000,-0.500000,0.500000,900.0000,0.111330,96.525274,extrusion,11,195
-723.5510,-225.7620,-531.7500,0.500000,-0.500000,-0.500000,0.500000,900.0000,0.111240,96.522741,extrusion,11,196
-723.4740,-226.7960,-531.7500,0.500000,-0.500000,-0.500000,0.500000,900.0000,0.111200,96.521907,extrusion,11,197
-723.2190,-227.8020,-531.7500,0.500000,-0.500000,-0.500000,0.500000,900.0000,0.111310,96.528719,extrusion,11,198
-722.7930,-228.7470,-531.7500,0.500000,-0.500000,-0.500000,0.500000,900.0000,0.111170,96.522087,extrusion,11,199
-722.2100,-229.6050,-531.7500,0.500000,-0.500000,-0.500000,0.500000,900.0000,0.111250,96.521863,extrusion,11,200
-721.4860,-230.3480,-531.7500,0.500000,-0.500000,-0.500000,0.500000,900.0000,0.111260,96.522826,extrusion,11,201
-720.6440,-230.9540,-531.7500,0.500000,-0.500000,-0.500000,0.500000,900.0000,0.111260,96.523947,extrusion,11,202
-719.7100,-231.4050,-531.7500,0.500000,-0.500000,-0.500000,0.500000,900.0000,0.111240,96.526464,extrusion,11,203
-718.7120,-231.6870,-531.7500,0.500000,-0.500000,-0.500000,0.500000,900.0000,0.111230,96.528062,extrusion,11,204
-717.7190,-231.7870,-531.7500,0.500000,-0.500000,-0.500000,0.500000,900.0000,0.107040,96.526878,extrusion,11,205
-716.6520,-231.7150,-531.7500,0.500000,-0.500000,-0.500000,0.500000,900.0000,0.114700,96.528375,extrusion,11,206
-715.6400,-231.4590,-531.7500,0.500000,-0.500000,-0.500000,0.500000,900.0000,0.111960,96.528578,extrusion,11,207
-714.6940,-231.0330,-531.7500,0.500000,-0.500000,-0.500000,0.500000,900.0000,0.111270,96.524012,extrusion,11,208
-713.8370,-230.4490,-531.7500,0.500000,-0.500000,-0.500000,0.500000,900.0000,0.111230,96.529094,extrusion,11,209
-713.0930,-229.7260,-531.7500,0.500000,-0.500000,-0.500000,0.500000,900.0000,0.111260,96.521032,extrusion,11,210
-712.4870,-228.8840,-531.7500,0.500000,-0.500000,-0.500000,0.500000,900.0000,0.111260,96.523947,extrusion,11,211
-712.0360,-227.9500,-531.7500,0.500000,-0.500000,-0.500000,0.500000,900.0000,0.111240,96.526464,extrusion,11,212
-711.7550,-226.9520,-531.7500,0.500000,-0.500000,-0.500000,0.500000,900.0000,0.111200,96.527295,extrusion,11,213
-711.6510,-225.9190,-531.7500,0.500000,-0.500000,-0.500000,0.500000,900.0000,0.111350,96.525595,extrusion,11,214
-711.7270,-224.8850,-531.7500,0.500000,-0.500000,-0.500000,0.500000,900.0000,0.111200,96.528776,extrusion,11,215
-711.9820,-223.8800,-531.7500,0.500000,-0.500000,-0.500000,0.500000,900.0000,0.111200,96.523479,extrusion,11,216
-712.4080,-222.9340,-531.7500,0.500000,-0.500000,-0.500000,0.500000,900.0000,0.111270,96.524012,extrusion,11,217
-712.9920,-222.0760,-531.7500,0.500000,-0.500000,-0.500000,0.500000,900.0000,0.111310,96.521595,extrusion,11,218
-713.7160,-221.3330,-531.7500,0.500000,-0.500000,-0.500000,0.500000,900.0000,0.111260,96.522826,extrusion,11,219
-714.5570,-220.7270,-531.7500,0.500000,-0.500000,-0.500000,0.500000,900.0000,0.111170,96.521368,extrusion,11,220
-715.4920,-220.2760,-531.7500,0.500000,-0.500000,-0.500000,0.500000,900.0000,0.111330,96.520750,extrusion,11,221
-716.4900,-219.9950,-531.7500,0.500000,-0.500000,-0.500000,0.500000,900.0000,0.111200,96.527295,extrusion,11,222
-717.5220,-219.8900,-531.7500,0.500000,-0.500000,-0.500000,0.500000,900.0000,0.111250,96.522043,extrusion,11,223
-718.4170,-219.9570,-531.7500,0.500000,-0.500000,-0.500000,0.500000,900.0000,0.096260,96.527669,extrusion,11,224
-718.3670,-220.5570,-531.7500,0.500000,-0.500000,-0.500000,0.500000,900.0000,0.000000,0.000000,travel,12,225
-718.5040,-220.5680,-531.7500,0.500000,-0.500000,-0.500000,0.500000,900.0000,0.014740,96.521489,extrusion,13,227
-719.4060,-220.8050,-531.7500,0.500000,-0.500000,-0.500000,0.500000,900.0000,0.100020,96.522019,extrusion,13,228
-720.2530,-221.1950,-531.7500,0.500000,-0.500000,-0.500000,0.500000,900.0000,0.100010,96.527019,extrusion,13,229
-721.0190,-221.7260,-531.7500,0.500000,-0.500000,-0.500000,0.500000,900.0000,0.099960,96.522730,extrusion,13,230
-721.6810,-222.3820,-531.7500,0.500000,-0.500000,-0.500000,0.500000,900.0000,0.099950,96.520685,extrusion,13,231
-722.2200,-223.1430,-531.7500,0.500000,-0.500000,-0.500000,0.500000,900.0000,0.100020,96.529289,extrusion,13,232
-722.6180,-223.9860,-531.7500,0.500000,-0.500000,-0.500000,0.500000,900.0000,0.099980,96.523378,extrusion,13,233
-722.8640,-224.8860,-531.7500,0.500000,-0.500000,-0.500000,0.500000,900.0000,0.100070,96.529050,extrusion,13,234
-722.9500,-225.8140,-531.7500,0.500000,-0.500000,-0.500000,0.500000,900.0000,0.099950,96.520685,extrusion,13,235
-722.8730,-226.7440,-531.7500,0.500000,-0.500000,-0.500000,0.500000,900.0000,0.100080,96.521345,extrusion,13,236
-722.6360,-227.6450,-531.7500,0.500000,-0.500000,-0.500000,0.500000,900.0000,0.099920,96.525615,extrusion,13,237
-722.2460,-228.4920,-531.7500,0.500000,-0.500000,-0.500000,0.500000,900.0000,0.100010,96.527019,extrusion,13,238
-721.7150,-229.2590,-531.7500,0.500000,-0.500000,-0.500000,0.500000,900.0000,0.100050,96.524506,extrusion,13,239
-721.0590,-229.9210,-531.7500,0.500000,-0.500000,-0.500000,0.500000,900.0000,0.099950,96.520685,extrusion,13,240
-720.2980,-230.4600,-531.7500,0.500000,-0.500000,-0.500000,0.500000,900.0000,0.100020,96.529289,extrusion,13,241
-719.4550,-230.8580,-531.7500,0.500000,-0.500000,-0.500000,0.500000,900.0000,0.099980,96.523378,extrusion,13,242
-718.5560,-231.1040,-531.7500,0.500000,-0.500000,-0.500000,0.500000,900.0000,0.099960,96.522730,extrusion,13,243
-717.6660,-231.1860,-531.7500,0.500000,-0.500000,-0.500000,0.500000,900.0000,0.095860,96.528239,extrusion,13,244
-716.7000,-231.1130,-531.7500,0.500000,-0.500000,-0.500000,0.500000,900.0000,0.103900,96.526018,extrusion,13,245
-715.7960,-230.8760,-531.7500,0.500000,-0.500000,-0.500000,0.500000,900.0000,0.100230,96.524459,extrusion,13,246
-714.9490,-230.4860,-531.7500,0.500000,-0.500000,-0.500000,0.500000,900.0000,0.100010,96.527019,extrusion,13,247
-714.1830,-229.9550,-531.7500,0.500000,-0.500000,-0.500000,0.500000,900.0000,0.099960,96.522730,extrusion,13,248
-713.5200,-229.2990,-531.7500,0.500000,-0.500000,-0.500000,0.500000,900.0000,0.100030,96.524345,extrusion,13,249
-712.9820,-228.5380,-531.7500,0.500000,-0.500000,-0.500000,0.500000,900.0000,0.099950,96.521518,extrusion,13,250
-712.5830,-227.6950,-531.7500,0.500000,-0.500000,-0.500000,0.500000,900.0000,0.100030,96.527397,extrusion,13,251
-712.3380,-226.7950,-531.7500,0.500000,-0.500000,-0.500000,0.500000,900.0000,0.100040,96.527337,extrusion,13,252
-712.2520,-225.8670,-531.7500,0.500000,-0.500000,-0.500000,0.500000,900.0000,0.099950,96.520685,extrusion,13,253
-712.3280,-224.9380,-531.7500,0.500000,-0.500000,-0.500000,0.500000,900.0000,0.099970,96.526831,extrusion,13,254
-712.5650,-224.0360,-531.7500,0.500000,-0.500000,-0.500000,0.500000,900.0000,0.100020,96.522019,extrusion,13,255
-712.9550,-223.1890,-531.7500,0.500000,-0.500000,-0.500000,0.500000,900.0000,0.100010,96.527019,extrusion,13,256
-713.4860,-222.4220,-531.7500,0.500000,-0.500000,-0.500000,0.500000,900.0000,0.100050,96.524506,extrusion,13,257
-714.1420,-221.7600,-531.7500,0.500000,-0.500000,-0.500000,0.500000,900.0000,0.099950,96.520685,extrusion,13,258
-714.9030,-221.2210,-531.7500,0.500000,-0.500000,-0.500000,0.500000,900.0000,0.100020,96.529289,extrusion,13,259
-715.7470,-220.8230,-531.7500,0.500000,-0.500000,-0.500000,0.500000,900.0000,0.100080,96.526278,extrusion,13,260
-716.6460,-220.5770,-531.7500,0.500000,-0.500000,-0.500000,0.500000,900.0000,0.099960,96.522730,extrusion,13,261
-717.5740,-220.4920,-531.7500,0.500000,-0.500000,-0.500000,0.500000,900.0000,0.099940,96.520530,extrusion,13,262
-718.3670,-220.5570,-531.7500,0.500000,-0.500000,-0.500000,0.500000,900.0000,0.085330,96.519934,extrusion,13,263
-709.2780,-161.7940,-531.7500,0.500000,-0.500000,-0.500000,0.500000,900.0000,0.000000,0.000000,travel,14,265
-736.6470,-161.7940,-531.7500,0.500000,-0.500000,-0.500000,0.500000,900.0000,2.935320,96.524827,extrusion,15,267
-736.6470,-239.8870,-531.7500,0.500000,-0.500000,-0.500000,0.500000,900.0000,8.375450,96.524721,extrusion,15,268
-698.5540,-239.8870,-531.7500,0.500000,-0.500000,-0.500000,0.500000,900.0000,4.085460,96.524663,extrusion,15,269
-698.5540,-232.4630,-531.7500,0.500000,-0.500000,-0.500000,0.500000,900.0000,0.796220,96.524515,extrusion,15,270
-698.5540,-161.7940,-531.7500,0.500000,-0.500000,-0.500000,0.500000,900.0000,7.579230,96.524742,extrusion,15,271
-709.2780,-161.7940,-531.7500,0.500000,-0.500000,-0.500000,0.500000,900.0000,1.150150,96.525084,extrusion,15,272
-709.2780,-161.1910,-531.7500,0.500000,-0.500000,-0.500000,0.500000,900.0000,0.000000,0.000000,travel,16,273
-737.2510,-161.1910,-531.7500,0.500000,-0.500000,-0.500000,0.500000,900.0000,3.000100,96.524863,extrusion,17,275
-737.2510,-240.4910,-531.7500,0.500000,-0.500000,-0.500000,0.500000,900.0000,8.504910,96.524830,extrusion,17,276
-697.9510,-240.4910,-531.7500,0.500000,-0.500000,-0.500000,0.500000,900.0000,4.214920,96.524885,extrusion,17,277
-697.9510,-232.4630,-531.7500,0.500000,-0.500000,-0.500000,0.500000,900.0000,0.861000,96.524664,extrusion,17,278
-697.9510,-161.1910,-531.7500,0.500000,-0.500000,-0.500000,0.500000,900.0000,7.643900,96.524722,extrusion,17,279
-709.2780,-161.1910,-531.7500,0.500000,-0.500000,-0.500000,0.500000,900.0000,1.214820,96.524940,extrusion,17,280
-699.9590,-239.7060,-531.7500,0.500000,-0.500000,-0.500000,0.500000,900.0000,0.000000,0.000000,travel,18,282
-699.0070,-238.7540,-531.7500,0.500000,-0.500000,-0.500000,0.500000,900.0000,0.144870,96.843176,extrusion,19,285
-699.0070,-237.8980,-531.7500,0.500000,-0.500000,-0.500000,0.500000,900.0000,0.092110,96.844626,extrusion,19,286
-700.5440,-239.4350,-531.7500,0.500000,-0.500000,-0.500000,0.500000,900.0000,0.233890,96.842345,extrusion,19,287
-701.4000,-239.4350,-531.7500,0.500000,-0.500000,-0.500000,0.500000,900.0000,0.092110,96.844626,extrusion,19,288
-699.0070,-237.0410,-531.7500,0.500000,-0.500000,-0.500000,0.500000,900.0000,0.364220,96.840687,extrusion,19,289
-699.0070,-236.1850,-531.7500,0.500000,-0.500000,-0.500000,0.500000,900.0000,0.092110,96.844626,extrusion,19,290
-702.2560,-239.4350,-531.7500,0.500000,-0.500000,-0.500000,0.500000,900.0000,0.494480,96.841096,extrusion,19,291
-703.1120,-239.4350,-531.7500,0.500000,-0.500000,-0.500000,0.500000,900.0000,0.092110,96.844626,extrusion,19,292
-699.0070,-235.3290,-531.7500,0.500000,-0.500000,-0.500000,0.500000,900.0000,0.624730,96.839784,extrusion,19,293
-699.0070,-234.4730,-531.7500,0.500000,-0.500000,-0.500000,0.500000,900.0000,0.092110,96.844626,extrusion,19,294
-703.9690,-239.4350,-531.7500,0.500000,-0.500000,-0.500000,0.500000,900.0000,0.755070,96.840711,extrusion,19,295
-704.8250,-239.4350,-531.7500,0.500000,-0.500000,-0.500000,0.500000,900.0000,0.092110,96.844626,extrusion,19,296
-699.0070,-233.6170,-531.7500,0.500000,-0.500000,-0.500000,0.500000,900.0000,0.885330,96.840935,extrusion,19,297
-699.0070,-232.7610,-531.7500,0.500000,-0.500000,-0.500000,0.500000,900.0000,0.092110,96.844626,extrusion,19,298
-705.6810,-239.4350,-531.7500,0.500000,-0.500000,-0.500000,0.500000,900.0000,1.015580,96.840149,extrusion,19,299
-706.5370,-239.4350,-531.7500,0.500000,-0.500000,-0.500000,0.500000,900.0000,0.092110,96.844626,extrusion,19,300
-699.0070,-231.9040,-531.7500,0.500000,-0.500000,-0.500000,0.500000,900.0000,1.145920,96.840717,extrusion,19,301
-699.0070,-231.0480,-531.7500,0.500000,-0.500000,-0.500000,0.500000,900.0000,0.092110,96.844626,extrusion,19,302
-707.3930,-239.4350,-531.7500,0.500000,-0.500000,-0.500000,0.500000,900.0000,1.276180,96.840873,extrusion,19,303
-708.2490,-239.4350,-531.7500,0.500000,-0.500000,-0.500000,0.500000,900.0000,0.092110,96.844626,extrusion,19,304
-699.0070,-230.1920,-531.7500,0.500000,-0.500000,-0.500000,0.500000,900.0000,1.406430,96.840311,extrusion,19,305
-699.0070,-229.3360,-531.7500,0.500000,-0.500000,-0.500000,0.500000,900.0000,0.092110,96.844626,extrusion,19,306
-709.1060,-239.4350,-531.7500,0.500000,-0.500000,-0.500000,0.500000,900.0000,1.536770,96.840721,extrusion,19,307
-709.9620,-239.4350,-531.7500,0.500000,-0.500000,-0.500000,0.500000,900.0000,0.092110,96.844626,extrusion,19,308
-699.0070,-228.4800,-531.7500,0.500000,-0.500000,-0.500000,0.500000,900.0000,1.667020,96.840258,extrusion,19,309
-699.0070,-227.6240,-531.7500,0.500000,-0.500000,-0.500000,0.500000,900.0000,0.092110,96.844626,extrusion,19,310
-710.8180,-239.4350,-531.7500,0.500000,-0.500000,-0.500000,0.500000,900.0000,1.797280,96.840402,extrusion,19,311
-711.6740,-239.4350,-531.7500,0.500000,-0.500000,-0.500000,0.500000,900.0000,0.092110,96.844626,extrusion,19,312
-699.0070,-226.7670,-531.7500,0.500000,-0.500000,-0.500000,0.500000,900.0000,1.927620,96.840723,extrusion,19,313
-699.0070,-225.9110,-531.7500,0.500000,-0.500000,-0.500000,0.500000,900.0000,0.092110,96.844626,extrusion,19,314
-712.5300,-239.4350,-531.7500,0.500000,-0.500000,-0.500000,0.500000,900.0000,2.057870,96.840348,extrusion,19,315
-713.3860,-239.4350,-531.7500,0.500000,-0.500000,-0.500000,0.500000,900.0000,0.092110,96.844626,extrusion,19,316
-699.0070,-225.0550,-531.7500,0.500000,-0.500000,-0.500000,0.500000,900.0000,2.188130,96.840461,extrusion,19,317
-699.0070,-224.1990,-531.7500,0.500000,-0.500000,-0.500000,0.500000,900.0000,0.092110,96.844626,extrusion,19,318
-714.2430,-239.4350,-531.7500,0.500000,-0.500000,-0.500000,0.500000,900.0000,2.318470,96.840724,extrusion,19,319
-715.0990,-239.4350,-531.7500,0.500000,-0.500000,-0.500000,0.500000,900.0000,0.092110,96.844626,extrusion,19,320
-699.0070,-223.3430,-531.7500,0.500000,-0.500000,-0.500000,0.500000,900.0000,2.448720,96.840409,extrusion,19,321
-699.0070,-222.4860,-531.7500,0.500000,-0.500000,-0.500000,0.500000,900.0000,0.092210,96.836639,extrusion,19,322
-715.9550,-239.4350,-531.7500,0.500000,-0.500000,-0.500000,0.500000,900.0000,2.579060,96.840649,extrusion,19,323
-716.8110,-239.4350,-531.7500,0.500000,-0.500000,-0.500000,0.500000,900.0000,0.092110,96.844626,extrusion,19,324
-699.0070,-221.6300,-531.7500,0.500000,-0.500000,-0.500000,0.500000,900.0000,2.709310,96.840368,extrusion,19,325
-699.0070,-220.7740,-531.7500,0.500000,-0.500000,-0.500000,0.500000,900.0000,0.092110,96.844626,extrusion,19,326
-717.6670,-239.4350,-531.7500,0.500000,-0.500000,-0.500000,0.500000,900.0000,2.839570,96.840453,extrusion,19,327
-718.5230,-239.4350,-531.7500,0.500000,-0.500000,-0.500000,0.500000,900.0000,0.092110,96.844626,extrusion,19,328
-699.0070,-219.9180,-531.7500,0.500000,-0.500000,-0.500000,0.500000,900.0000,2.969830,96.840532,extrusion,19,329
-699.0070,-219.0620,-531.7500,0.500000,-0.500000,-0.500000,0.500000,900.0000,0.092110,96.844626,extrusion,19,330
-719.3800,-239.4350,-531.7500,0.500000,-0.500000,-0.500000,0.500000,900.0000,3.100160,96.840413,extrusion,19,331
-720.2360,-239.4350,-531.7500,0.500000,-0.500000,-0.500000,0.500000,900.0000,0.092110,96.844626,extrusion,19,332
-699.0070,-218.2060,-531.7500,0.500000,-0.500000,-0.500000,0.500000,900.0000,3.230420,96.840487,extrusion,19,333
-699.0070,-217.3490,-531.7500,0.500000,-0.500000,-0.500000,0.500000,900.0000,0.092210,96.836639,extrusion,19,334
-721.0920,-239.4350,-531.7500,0.500000,-0.500000,-0.500000,0.500000,900.0000,3.360760,96.840668,extrusion,19,335
-721.9480,-239.4350,-531.7500,0.500000,-0.500000,-0.500000,0.500000,900.0000,0.092110,96.844626,extrusion,19,336
-699.0070,-216.4930,-531.7500,0.500000,-0.500000,-0.500000,0.500000,900.0000,3.491010,96.840449,extrusion,19,337
-699.0070,-215.6370,-531.7500,0.500000,-0.500000,-0.500000,0.500000,900.0000,0.092110,96.844626,extrusion,19,338
-711.7290,-228.3590,-531.7500,0.500000,-0.500000,-0.500000,0.500000,900.0000,1.935910,96.840558,extrusion,19,339
-712.0470,-229.0340,-531.7500,0.500000,-0.500000,-0.500000,0.500000,900.0000,0.080290,96.844340,extrusion,19,340
-712.6250,-229.8700,-531.7500,0.500000,-0.500000,-0.500000,0.500000,900.0000,0.109360,96.840061,extrusion,19,341
-712.7690,-230.0410,-531.7500,0.500000,-0.500000,-0.500000,0.500000,900.0000,0.024050,96.821654,extrusion,19,342
-713.4000,-230.6730,-531.7500,0.500000,-0.500000,-0.500000,0.500000,900.0000,0.096100,96.845046,extrusion,19,343
-713.5720,-230.8160,-531.7500,0.500000,-0.500000,-0.500000,0.500000,900.0000,0.024070,96.847927,extrusion,19,344
-714.3030,-231.3290,-531.7500,0.500000,-0.500000,-0.500000,0.500000,900.0000,0.096090,96.838307,extrusion,19,345
-714.4970,-231.4400,-531.7500,0.500000,-0.500000,-0.500000,0.500000,900.0000,0.024050,96.841033,extrusion,19,346
-715.0840,-231.7140,-531.7500,0.500000,-0.500000,-0.500000,0.500000,900.0000,0.069700,96.835425,extrusion,19,347
-722.8040,-239.4350,-531.7500,0.500000,-0.500000,-0.500000,0.500000,900.0000,1.174830,96.840520,extrusion,19,348
-723.6600,-239.4350,-531.7500,0.500000,-0.500000,-0.500000,0.500000,900.0000,0.092110,96.844626,extrusion,19,349
-716.3410,-232.1150,-531.7500,0.500000,-0.500000,-0.500000,0.500000,900.0000,1.113810,96.840541,extrusion,19,350
-716.6090,-232.1650,-531.7500,0.500000,-0.500000,-0.500000,0.500000,900.0000,0.029330,96.825564,extrusion,19,351
-717.3030,-232.2210,-531.7500,0.500000,-0.500000,-0.500000,0.500000,900.0000,0.074920,96.843731,extrusion,19,352
-724.5170,-239.4350,-531.7500,0.500000,-0.500000,-0.500000,0.500000,900.0000,1.097760,96.840891,extrusion,19,353
-725.3730,-239.4350,-531.7500,0.500000,-0.500000,-0.500000,0.500000,900.0000,0.092110,96.844626,extrusion,19,354
-718.1410,-232.2030,-531.7500,0.500000,-0.500000,-0.500000,0.500000,900.0000,1.100500,96.840972,extrusion,19,355
-718.7120,-232.1500,-531.7500,0.500000,-0.500000,-0.500000,0.500000,900.0000,0.061700,96.834196,extrusion,19,356
-718.8960,-232.1020,-531.7500,0.500000,-0.500000,-0.500000,0.500000,900.0000,0.020460,96.835350,extrusion,19,357
-726.2290,-239.4350,-531.7500,0.500000,-0.500000,-0.500000,0.500000,900.0000,1.115860,96.840168,extrusion,19,358
-727.0850,-239.4350,-531.7500,0.500000,-0.500000,-0.500000,0.500000,900.0000,0.092110,96.844626,extrusion,19,359
-719.5740,-231.9240,-531.7500,0.500000,-0.500000,-0.500000,0.500000,900.0000,1.142950,96.840491,extrusion,19,360
-719.8950,-231.8180,-531.7500,0.500000,-0.500000,-0.500000,0.500000,900.0000,0.036370,96.829211,extrusion,19,361
-720.1880,-231.6810,-531.7500,0.500000,-0.500000,-0.500000,0.500000,900.0000,0.034800,96.831921,extrusion,19,362
-727.9410,-239.4350,-531.7500,0.500000,-0.500000,-0.500000,0.500000,900.0000,1.179850,96.840387,extrusion,19,363
-728.7970,-239.4350,-531.7500,0.500000,-0.500000,-0.500000,0.500000,900.0000,0.092110,96.844626,extrusion,19,364
-720.7670,-231.4040,-531.7500,0.500000,-0.500000,-0.500000,0.500000,900.0000,1.222000,96.840301,extrusion,19,365
-721.2800,-231.0610,-531.7500,0.500000,-0.500000,-0.500000,0.500000,900.0000,0.066400,96.839348,extrusion,19,366
-729.6540,-239.4350,-531.7500,0.500000,-0.500000,-0.500000,0.500000,900.0000,1.274270,96.840275,extrusion,19,367
-730.5100,-239.4350,-531.7500,0.500000,-0.500000,-0.500000,0.500000,900.0000,0.092110,96.844626,extrusion,19,368
-721.7720,-230.6970,-531.7500,0.500000,-0.500000,-0.500000,0.500000,900.0000,1.329660,96.840289,extrusion,19,369
-722.2030,-230.2710,-531.7500,0.500000,-0.500000,-0.500000,0.500000,900.0000,0.065210,96.846403,extrusion,19,370
-731.3660,-239.4350,-531.7500,0.500000,-0.500000,-0.500000,0.500000,900.0000,1.394410,96.840409,extrusion,19,371
-732.2220,-239.4350,-531.7500,0.500000,-0.500000,-0.500000,0.500000,900.0000,0.092110,96.844626,extrusion,19,372
-722.6100,-229.8220,-531.7500,0.500000,-0.500000,-0.500000,0.500000,900.0000,1.462740,96.840784,extrusion,19,373
-722.9600,-229.3160,-531.7500,0.500000,-0.500000,-0.500000,0.500000,900.0000,0.066200,96.838244,extrusion,19,374
-733.0780,-239.4350,-531.7500,0.500000,-0.500000,-0.500000,0.500000,900.0000,1.539730,96.840260,extrusion,19,375
-733.9340,-239.4350,-531.7500,0.500000,-0.500000,-0.500000,0.500000,900.0000,0.092110,96.844626,extrusion,19,376
-723.2750,-228.7750,-531.7500,0.500000,-0.500000,-0.500000,0.500000,900.0000,1.622060,96.840627,extrusion,19,377
-723.5470,-228.1910,-531.7500,0.500000,-0.500000,-0.500000,0.500000,900.0000,0.069320,96.840291,extrusion,19,378
-734.7910,-239.4350,-531.7500,0.500000,-0.500000,-0.500000,0.500000,900.0000,1.711000,96.840424,extrusion,19,379
-735.6470,-239.4350,-531.7500,0.500000,-0.500000,-0.500000,0.500000,900.0000,0.092110,96.844626,extrusion,19,380
-723.7530,-227.5410,-531.7500,0.500000,-0.500000,-0.500000,0.500000,900.0000,1.809910,96.840396,extrusion,19,381
-723.9100,-226.9540,-531.7500,0.500000,-0.500000,-0.500000,0.500000,900.0000,0.065380,96.838040,extrusion,19,382
-723.9190,-226.8510,-531.7500,0.500000,-0.500000,-0.500000,0.500000,900.0000,0.011130,96.883277,extrusion,19,383
-736.1950,-239.1260,-531.7500,0.500000,-0.500000,-0.500000,0.500000,900.0000,1.867970,96.840766,extrusion,19,384
-736.1950,-238.2700,-531.7500,0.500000,-0.500000,-0.500000,0.500000,900.0000,0.092110,96.844626,extrusion,19,385
-723.9880,-226.0640,-531.7500,0.500000,-0.500000,-0.500000,0.500000,900.0000,1.857470,96.840754,extrusion,19,386
-724.0080,-225.8410,-531.7500,0.500000,-0.500000,-0.500000,0.500000,900.0000,0.024090,96.835542,extrusion,19,387
-723.9490,-225.1680,-531.7500,0.500000,-0.500000,-0.500000,0.500000,900.0000,0.072690,96.836616,extrusion,19,388
-736.1950,-237.4140,-531.7500,0.500000,-0.500000,-0.500000,0.500000,900.0000,1.863480,96.840716,extrusion,19,389
-736.1950,-236.5580,-531.7500,0.500000,-0.500000,-0.500000,0.500000,900.0000,0.092110,96.844626,extrusion,19,390
-723.3530,-223.7160,-531.7500,0.500000,-0.500000,-0.500000,0.500000,900.0000,1.954170,96.840537,extrusion,19,391
-711.7120,-227.4870,-531.7500,0.500000,-0.500000,-0.500000,0.500000,900.0000,0.000000,0.000000,travel,20,393
-699.0070,-214.7810,-531.7500,0.500000,-0.500000,-0.500000,0.500000,900.0000,1.933400,96.840599,extrusion,21,394
-699.0070,-213.9250,-531.7500,0.500000,-0.500000,-0.500000,0.500000,900.0000,0.092110,96.844626,extrusion,21,395
-711.2200,-226.1380,-531.7500,0.500000,-0.500000,-0.500000,0.500000,900.0000,1.858460,96.840801,extrusion,21,396
-711.1940,-225.8410,-531.7500,0.500000,-0.500000,-0.500000,0.500000,900.0000,0.032080,96.841750,extrusion,21,397
-711.2410,-225.3030,-531.7500,0.500000,-0.500000,-0.500000,0.500000,900.0000,0.058110,96.841200,extrusion,21,398
-699.0070,-213.0690,-531.7500,0.500000,-0.500000,-0.500000,0.500000,900.0000,1.861650,96.840510,extrusion,21,399
-699.0070,-212.2120,-531.7500,0.500000,-0.500000,-0.500000,0.500000,900.0000,0.092210,96.836639,extrusion,21,400
-711.3400,-224.5460,-531.7500,0.500000,-0.500000,-0.500000,0.500000,900.0000,1.876790,96.840462,extrusion,21,401
-711.5210,-223.8710,-531.7500,0.500000,-0.500000,-0.500000,0.500000,900.0000,0.075200,96.845344,extrusion,21,402
-699.0070,-211.3560,-531.7500,0.500000,-0.500000,-0.500000,0.500000,900.0000,1.904330,96.840320,extrusion,21,403
-699.0070,-210.5000,-531.7500,0.500000,-0.500000,-0.500000,0.500000,900.0000,0.092110,96.844626,extrusion,21,404
-711.7630,-223.2570,-531.7500,0.500000,-0.500000,-0.500000,0.500000,900.0000,1.941160,96.840564,extrusion,21,405
-712.0360,-222.6730,-531.7500,0.500000,-0.500000,-0.500000,0.500000,900.0000,0.069370,96.846576,extrusion,21,406
-699.0070,-209.6440,-531.7500,0.500000,-0.500000,-0.500000,0.500000,900.0000,1.982630,96.840740,extrusion,21,407
-699.0070,-208.7880,-531.7500,0.500000,-0.500000,-0.500000,0.500000,900.0000,0.092110,96.844626,extrusion,21,408
-712.3810,-222.1630,-531.7500,0.500000,-0.500000,-0.500000,0.500000,900.0000,2.035200,96.840506,extrusion,21,409
-712.7440,-221.6690,-531.7500,0.500000,-0.500000,-0.500000,0.500000,900.0000,0.065960,96.837123,extrusion,21,410
-699.0070,-207.9320,-531.7500,0.500000,-0.500000,-0.500000,0.500000,900.0000,2.090360,96.840428,extrusion,21,411
-699.0070,-207.0750,-531.7500,0.500000,-0.500000,-0.500000,0.500000,900.0000,0.092210,96.836639,extrusion,21,412
-713.1720,-221.2410,-531.7500,0.500000,-0.500000,-0.500000,0.500000,900.0000,2.155570,96.840658,extrusion,21,413
-713.4840,-220.9310,-531.7500,0.500000,-0.500000,-0.500000,0.500000,900.0000,0.047330,96.850392,extrusion,21,414
-713.6220,-220.8340,-531.7500,0.500000,-0.500000,-0.500000,0.500000,900.0000,0.018150,96.840073,extrusion,21,415
-699.0070,-206.2190,-531.7500,0.500000,-0.500000,-0.500000,0.500000,900.0000,2.223970,96.840632,extrusion,21,416
-699.0070,-205.3630,-531.7500,0.500000,-0.500000,-0.500000,0.500000,900.0000,0.092110,96.844626,extrusion,21,417
-714.1230,-220.4800,-531.7500,0.500000,-0.500000,-0.500000,0.500000,900.0000,2.300280,96.840487,extrusion,21,418
-714.3030,-220.3530,-531.7500,0.500000,-0.500000,-0.500000,0.500000,900.0000,0.023700,96.825597,extrusion,21,419
-714.6630,-220.1630,-531.7500,0.500000,-0.500000,-0.500000,0.500000,900.0000,0.043800,96.840130,extrusion,21,420
-699.0070,-204.5070,-531.7500,0.500000,-0.500000,-0.500000,0.500000,900.0000,2.382380,96.840658,extrusion,21,421
-699.0070,-203.6510,-531.7500,0.500000,-0.500000,-0.500000,0.500000,900.0000,0.092110,96.844626,extrusion,21,422
-715.2470,-219.8910,-531.7500,0.500000,-0.500000,-0.500000,0.500000,900.0000,2.471240,96.840364,extrusion,21,423
-715.5170,-219.7870,-531.7500,0.500000,-0.500000,-0.500000,0.500000,900.0000,0.031130,96.831664,extrusion,21,424
-715.8990,-219.6860,-531.7500,0.500000,-0.500000,-0.500000,0.500000,900.0000,0.042520,96.849981,extrusion,21,425
-699.0070,-202.7950,-531.7500,0.500000,-0.500000,-0.500000,0.500000,900.0000,2.570380,96.840412,extrusion,21,426
-699.0070,-201.9380,-531.7500,0.500000,-0.500000,-0.500000,0.500000,900.0000,0.092210,96.836639,extrusion,21,427
-716.5900,-219.5220,-531.7500,0.500000,-0.500000,-0.500000,0.500000,900.0000,2.675690,96.840714,extrusion,21,428
-717.3780,-219.4530,-531.7500,0.500000,-0.500000,-0.500000,0.500000,900.0000,0.085110,96.836322,extrusion,21,429
-699.0070,-201.0820,-531.7500,0.500000,-0.500000,-0.500000,0.500000,900.0000,2.795520,96.840566,extrusion,21,430
-699.0070,-200.2260,-531.7500,0.500000,-0.500000,-0.500000,0.500000,900.0000,0.092110,96.844626,extrusion,21,431
-718.2730,-219.4920,-531.7500,0.500000,-0.500000,-0.500000,0.500000,900.0000,2.931710,96.840487,extrusion,21,432
-718.7090,-219.5300,-531.7500,0.500000,-0.500000,-0.500000,0.500000,900.0000,0.047090,96.837029,extrusion,21,433
-719.3310,-219.6940,-531.7500,0.500000,-0.500000,-0.500000,0.500000,900.0000,0.069210,96.833719,extrusion,21,434
-699.0070,-199.3700,-531.7500,0.500000,-0.500000,-0.500000,0.500000,900.0000,3.092710,96.840612,extrusion,21,435
-699.0070,-198.5140,-531.7500,0.500000,-0.500000,-0.500000,0.500000,900.0000,0.092110,96.844626,extrusion,21,436
-736.1950,-235.7020,-531.7500,0.500000,-0.500000,-0.500000,0.500000,900.0000,5.658910,96.840601,extrusion,21,437
-736.1950,-234.8460,-531.7500,0.500000,-0.500000,-0.500000,0.500000,900.0000,0.092110,96.844626,extrusion,21,438
-699.0070,-197.6580,-531.7500,0.500000,-0.500000,-0.500000,0.500000,900.0000,5.658910,96.840601,extrusion,21,439
-699.0070,-196.8010,-531.7500,0.500000,-0.500000,-0.500000,0.500000,900.0000,0.092210,96.836639,extrusion,21,440
-736.1950,-233.9890,-531.7500,0.500000,-0.500000,-0.500000,0.500000,900.0000,5.658910,96.840601,extrusion,21,441
-736.1950,-233.1330,-531.7500,0.500000,-0.500000,-0.500000,0.500000,900.0000,0.092110,96.844626,extrusion,21,442
-699.0070,-195.9450,-531.7500,0.500000,-0.500000,-0.500000,0.500000,900.0000,5.658910,96.840601,extrusion,21,443
-699.0070,-195.0890,-531.7500,0.500000,-0.500000,-0.500000,0.500000,900.0000,0.092110,96.844626,extrusion,21,444
-736.1950,-232.2770,-531.7500,0.500000,-0.500000,-0.500000,0.500000,900.0000,5.658910,96.840601,extrusion,21,445
-736.1950,-231.4210,-531.7500,0.500000,-0.500000,-0.500000,0.500000,900.0000,0.092110,96.844626,extrusion,21,446
-699.0070,-194.2330,-531.7500,0.500000,-0.500000,-0.500000,0.500000,900.0000,5.658910,96.840601,extrusion,21,447
-699.0070,-193.3770,-531.7500,0.500000,-0.500000,-0.500000,0.500000,900.0000,0.092110,96.844626,extrusion,21,448
-736.1950,-230.5650,-531.7500,0.500000,-0.500000,-0.500000,0.500000,900.0000,5.658910,96.840601,extrusion,21,449
-736.1950,-229.7090,-531.7500,0.500000,-0.500000,-0.500000,0.500000,900.0000,0.092110,96.844626,extrusion,21,450
-699.0070,-192.5210,-531.7500,0.500000,-0.500000,-0.500000,0.500000,900.0000,5.658910,96.840601,extrusion,21,451
-699.0070,-191.6640,-531.7500,0.500000,-0.500000,-0.500000,0.500000,900.0000,0.092210,96.836639,extrusion,21,452
-736.1950,-228.8520,-531.7500,0.500000,-0.500000,-0.500000,0.500000,900.0000,5.658910,96.840601,extrusion,21,453
-736.1950,-227.9960,-531.7500,0.500000,-0.500000,-0.500000,0.500000,900.0000,0.092110,96.844626,extrusion,21,454
-699.0070,-190.8080,-531.7500,0.500000,-0.500000,-0.500000,0.500000,900.0000,5.658910,96.840601,extrusion,21,455
-699.0070,-189.9520,-531.7500,0.500000,-0.500000,-0.500000,0.500000,900.0000,0.092110,96.844626,extrusion,21,456
-736.1950,-227.1400,-531.7500,0.500000,-0.500000,-0.500000,0.500000,900.0000,5.658910,96.840601,extrusion,21,457
-736.1950,-226.2840,-531.7500,0.500000,-0.500000,-0.500000,0.500000,900.0000,0.092110,96.844626,extrusion,21,458
-699.0070,-189.0960,-531.7500,0.500000,-0.500000,-0.500000,0.500000,900.0000,5.658910,96.840601,extrusion,21,459
-699.0070,-188.2400,-531.7500,0.500000,-0.500000,-0.500000,0.500000,900.0000,0.092110,96.844626,extrusion,21,460
-736.1950,-225.4280,-531.7500,0.500000,-0.500000,-0.500000,0.500000,900.0000,5.658910,96.840601,extrusion,21,461
-736.1950,-224.5720,-531.7500,0.500000,-0.500000,-0.500000,0.500000,900.0000,0.092110,96.844626,extrusion,21,462
-699.0070,-187.3840,-531.7500,0.500000,-0.500000,-0.500000,0.500000,900.0000,5.658910,96.840601,extrusion,21,463
-699.0070,-186.5270,-531.7500,0.500000,-0.500000,-0.500000,0.500000,900.0000,0.092210,96.836639,extrusion,21,464
-736.1950,-223.7150,-531.7500,0.500000,-0.500000,-0.500000,0.500000,900.0000,5.658910,96.840601,extrusion,21,465
-736.1950,-222.8590,-531.7500,0.500000,-0.500000,-0.500000,0.500000,900.0000,0.092110,96.844626,extrusion,21,466
-699.0070,-185.6710,-531.7500,0.500000,-0.500000,-0.500000,0.500000,900.0000,5.658910,96.840601,extrusion,21,467
-699.0070,-184.8150,-531.7500,0.500000,-0.500000,-0.500000,0.500000,900.0000,0.092110,96.844626,extrusion,21,468
-736.1950,-222.0030,-531.7500,0.500000,-0.500000,-0.500000,0.500000,900.0000,5.658910,96.840601,extrusion,21,469
-736.1950,-221.1470,-531.7500,0.500000,-0.500000,-0.500000,0.500000,900.0000,0.092110,96.844626,extrusion,21,470
-699.0070,-183.9590,-531.7500,0.500000,-0.500000,-0.500000,0.500000,900.0000,5.658910,96.840601,extrusion,21,471
-699.0070,-183.1030,-531.7500,0.500000,-0.500000,-0.500000,0.500000,900.0000,0.092110,96.844626,extrusion,21,472
-736.1950,-220.2910,-531.7500,0.500000,-0.500000,-0.500000,0.500000,900.0000,5.658910,96.840601,extrusion,21,473
-736.1950,-219.4350,-531.7500,0.500000,-0.500000,-0.500000,0.500000,900.0000,0.092110,96.844626,extrusion,21,474
-699.0070,-182.2470,-531.7500,0.500000,-0.500000,-0.500000,0.500000,900.0000,5.658910,96.840601,extrusion,21,475
-699.0070,-181.3900,-531.7500,0.500000,-0.500000,-0.500000,0.500000,900.0000,0.092210,96.836639,extrusion,21,476
-736.1950,-218.5780,-531.7500,0.500000,-0.500000,-0.500000,0.500000,900.0000,5.658910,96.840601,extrusion,21,477
-736.1950,-217.7220,-531.7500,0.500000,-0.500000,-0.500000,0.500000,900.0000,0.092110,96.844626,extrusion,21,478
-699.0070,-180.5340,-531.7500,0.500000,-0.500000,-0.500000,0.500000,900.0000,5.658910,96.840601,extrusion,21,479
-699.0070,-179.6780,-531.7500,0.500000,-0.500000,-0.500000,0.500000,900.0000,0.092110,96.844626,extrusion,21,480
-736.1950,-216.8660,-531.7500,0.500000,-0.500000,-0.500000,0.500000,900.0000,5.658910,96.840601,extrusion,21,481
-736.1950,-216.0100,-531.7500,0.500000,-0.500000,-0.500000,0.500000,900.0000,0.092110,96.844626,extrusion,21,482
-699.0070,-178.8220,-531.7500,0.500000,-0.500000,-0.500000,0.500000,900.0000,5.658910,96.840601,extrusion,21,483
-699.0070,-177.9660,-531.7500,0.500000,-0.500000,-0.500000,0.500000,900.0000,0.092110,96.844626,extrusion,21,484
-736.1950,-215.1540,-531.7500,0.500000,-0.500000,-0.500000,0.500000,900.0000,5.658910,96.840601,extrusion,21,485
-736.1950,-214.2980,-531.7500,0.500000,-0.500000,-0.500000,0.500000,900.0000,0.092110,96.844626,extrusion,21,486
-699.0070,-177.1100,-531.7500,0.500000,-0.500000,-0.500000,0.500000,900.0000,5.658910,96.840601,extrusion,21,487
-699.0070,-176.2530,-531.7500,0.500000,-0.500000,-0.500000,0.500000,900.0000,0.092210,96.836639,extrusion,21,488
-736.1950,-213.4410,-531.7500,0.500000,-0.500000,-0.500000,0.500000,900.0000,5.658910,96.840601,extrusion,21,489
-736.1950,-212.5850,-531.7500,0.500000,-0.500000,-0.500000,0.500000,900.0000,0.092110,96.844626,extrusion,21,490
-699.0070,-175.3970,-531.7500,0.500000,-0.500000,-0.500000,0.500000,900.0000,5.658910,96.840601,extrusion,21,491
-699.0070,-174.5410,-531.7500,0.500000,-0.500000,-0.500000,0.500000,900.0000,0.092110,96.844626,extrusion,21,492
-736.1950,-211.7290,-531.7500,0.500000,-0.500000,-0.500000,0.500000,900.0000,5.658910,96.840601,extrusion,21,493
-736.1950,-210.8730,-531.7500,0.500000,-0.500000,-0.500000,0.500000,900.0000,0.092110,96.844626,extrusion,21,494
-699.0070,-173.6850,-531.7500,0.500000,-0.500000,-0.500000,0.500000,900.0000,5.658910,96.840601,extrusion,21,495
-699.0070,-172.8290,-531.7500,0.500000,-0.500000,-0.500000,0.500000,900.0000,0.092110,96.844626,extrusion,21,496
-736.1950,-210.0170,-531.7500,0.500000,-0.500000,-0.500000,0.500000,900.0000,5.658910,96.840601,extrusion,21,497
-736.1950,-209.1610,-531.7500,0.500000,-0.500000,-0.500000,0.500000,900.0000,0.092110,96.844626,extrusion,21,498
-699.0070,-171.9730,-531.7500,0.500000,-0.500000,-0.500000,0.500000,900.0000,5.658910,96.840601,extrusion,21,499
-699.0070,-171.1160,-531.7500,0.500000,-0.500000,-0.500000,0.500000,900.0000,0.092210,96.836639,extrusion,21,500
-736.1950,-208.3040,-531.7500,0.500000,-0.500000,-0.500000,0.500000,900.0000,5.658910,96.840601,extrusion,21,501
-736.1950,-207.4480,-531.7500,0.500000,-0.500000,-0.500000,0.500000,900.0000,0.092110,96.844626,extrusion,21,502
-699.0070,-170.2600,-531.7500,0.500000,-0.500000,-0.500000,0.500000,900.0000,5.658910,96.840601,extrusion,21,503
-699.0070,-169.4040,-531.7500,0.500000,-0.500000,-0.500000,0.500000,900.0000,0.092110,96.844626,extrusion,21,504
-736.1950,-206.5920,-531.7500,0.500000,-0.500000,-0.500000,0.500000,900.0000,5.658910,96.840601,extrusion,21,505
-736.1950,-205.7360,-531.7500,0.500000,-0.500000,-0.500000,0.500000,900.0000,0.092110,96.844626,extrusion,21,506
-699.0070,-168.5480,-531.7500,0.500000,-0.500000,-0.500000,0.500000,900.0000,5.658910,96.840601,extrusion,21,507
-699.0070,-167.6920,-531.7500,0.500000,-0.500000,-0.500000,0.500000,900.0000,0.092110,96.844626,extrusion,21,508
-736.1950,-204.8800,-531.7500,0.500000,-0.500000,-0.500000,0.500000,900.0000,5.658910,96.840601,extrusion,21,509
-736.1950,-204.0230,-531.7500,0.500000,-0.500000,-0.500000,0.500000,900.0000,0.092210,96.836639,extrusion,21,510
-699.0070,-166.8350,-531.7500,0.500000,-0.500000,-0.500000,0.500000,900.0000,5.658910,96.840601,extrusion,21,511
-699.0070,-165.9790,-531.7500,0.500000,-0.500000,-0.500000,0.500000,900.0000,0.092110,96.844626,extrusion,21,512
-736.1950,-203.1670,-531.7500,0.500000,-0.500000,-0.500000,0.500000,900.0000,5.658910,96.840601,extrusion,21,513
-736.1950,-202.3110,-531.7500,0.500000,-0.500000,-0.500000,0.500000,900.0000,0.092110,96.844626,extrusion,21,514
-715.8640,-181.9810,-531.7500,0.500000,-0.500000,-0.500000,0.500000,900.0000,3.093700,96.840640,extrusion,21,515
-716.4980,-182.1520,-531.7500,0.500000,-0.500000,-0.500000,0.500000,900.0000,0.070660,96.845239,extrusion,21,516
-716.9240,-182.1840,-531.7500,0.500000,-0.500000,-0.500000,0.500000,900.0000,0.045970,96.846868,extrusion,21,517
-736.1950,-201.4550,-531.7500,0.500000,-0.500000,-0.500000,0.500000,900.0000,2.932470,96.840459,extrusion,21,518
-736.1950,-200.5990,-531.7500,0.500000,-0.500000,-0.500000,0.500000,900.0000,0.092110,96.844626,extrusion,21,519
-717.8270,-182.2310,-531.7500,0.500000,-0.500000,-0.500000,0.500000,900.0000,2.795060,96.840445,extrusion,21,520
-718.6120,-182.1600,-531.7500,0.500000,-0.500000,-0.500000,0.500000,900.0000,0.084810,96.839108,extrusion,21,521
-736.1950,-199.7430,-531.7500,0.500000,-0.500000,-0.500000,0.500000,900.0000,2.675610,96.840572,extrusion,21,522
-736.1950,-198.8860,-531.7500,0.500000,-0.500000,-0.500000,0.500000,900.0000,0.092210,96.836639,extrusion,21,523
-719.3030,-181.9950,-531.7500,0.500000,-0.500000,-0.500000,0.500000,900.0000,2.570380,96.840412,extrusion,21,524
-719.6850,-181.8940,-531.7500,0.500000,-0.500000,-0.500000,0.500000,900.0000,0.042520,96.849981,extrusion,21,525
-719.9550,-181.7900,-531.7500,0.500000,-0.500000,-0.500000,0.500000,900.0000,0.031130,96.831664,extrusion,21,526
-736.1950,-198.0300,-531.7500,0.500000,-0.500000,-0.500000,0.500000,900.0000,2.471240,96.840364,extrusion,21,527
-736.1950,-197.1740,-531.7500,0.500000,-0.500000,-0.500000,0.500000,900.0000,0.092110,96.844626,extrusion,21,528
-720.5390,-181.5180,-531.7500,0.500000,-0.500000,-0.500000,0.500000,900.0000,2.382380,96.840658,extrusion,21,529
-720.8990,-181.3280,-531.7500,0.500000,-0.500000,-0.500000,0.500000,900.0000,0.043800,96.840130,extrusion,21,530
-721.0780,-181.2010,-531.7500,0.500000,-0.500000,-0.500000,0.500000,900.0000,0.023620,96.857684,extrusion,21,531
-736.1950,-196.3180,-531.7500,0.500000,-0.500000,-0.500000,0.500000,900.0000,2.300360,96.840652,extrusion,21,532
-736.1950,-195.4620,-531.7500,0.500000,-0.500000,-0.500000,0.500000,900.0000,0.092110,96.844626,extrusion,21,533
-721.5800,-180.8470,-531.7500,0.500000,-0.500000,-0.500000,0.500000,900.0000,2.223970,96.840632,extrusion,21,534
-721.7170,-180.7500,-531.7500,0.500000,-0.500000,-0.500000,0.500000,900.0000,0.018060,96.828939,extrusion,21,535
-722.0300,-180.4400,-531.7500,0.500000,-0.500000,-0.500000,0.500000,900.0000,0.047400,96.837321,extrusion,21,536
-736.1950,-194.6060,-531.7500,0.500000,-0.500000,-0.500000,0.500000,900.0000,2.155570,96.840658,extrusion,21,537
-736.1950,-193.7490,-531.7500,0.500000,-0.500000,-0.500000,0.500000,900.0000,0.092210,96.836639,extrusion,21,538
-722.4570,-180.0120,-531.7500,0.500000,-0.500000,-0.500000,0.500000,900.0000,2.090440,96.840609,extrusion,21,539
-722.8200,-179.5190,-531.7500,0.500000,-0.500000,-0.500000,0.500000,900.0000,0.065880,96.846935,extrusion,21,540
-736.1950,-192.8930,-531.7500,0.500000,-0.500000,-0.500000,0.500000,900.0000,2.035200,96.840506,extrusion,21,541
-736.1950,-192.0370,-531.7500,0.500000,-0.500000,-0.500000,0.500000,900.0000,0.092110,96.844626,extrusion,21,542
-723.1660,-179.0080,-531.7500,0.500000,-0.500000,-0.500000,0.500000,900.0000,1.982630,96.840740,extrusion,21,543
-723.4380,-178.4240,-531.7500,0.500000,-0.500000,-0.500000,0.500000,900.0000,0.069320,96.840291,extrusion,21,544
-736.1950,-191.1810,-531.7500,0.500000,-0.500000,-0.500000,0.500000,900.0000,1.941240,96.840760,extrusion,21,545
-736.1950,-190.3250,-531.7500,0.500000,-0.500000,-0.500000,0.500000,900.0000,0.092110,96.844626,extrusion,21,546
-723.6800,-177.8100,-531.7500,0.500000,-0.500000,-0.500000,0.500000,900.0000,1.904410,96.840520,extrusion,21,547
-723.8610,-177.1350,-531.7500,0.500000,-0.500000,-0.500000,0.500000,900.0000,0.075200,96.845344,extrusion,21,548
-736.1950,-189.4690,-531.7500,0.500000,-0.500000,-0.500000,0.500000,900.0000,1.876870,96.840664,extrusion,21,549
-736.1950,-188.6120,-531.7500,0.500000,-0.500000,-0.500000,0.500000,900.0000,0.092210,96.836639,extrusion,21,550
-723.9600,-176.3780,-531.7500,0.500000,-0.500000,-0.500000,0.500000,900.0000,1.861730,96.840714,extrusion,21,551
-724.0080,-175.8410,-531.7500,0.500000,-0.500000,-0.500000,0.500000,900.0000,0.058010,96.837379,extrusion,21,552
-723.9810,-175.5430,-531.7500,0.500000,-0.500000,-0.500000,0.500000,900.0000,0.032200,96.851603,extrusion,21,553
-736.1950,-187.7560,-531.7500,0.500000,-0.500000,-0.500000,0.500000,900.0000,1.858530,96.840484,extrusion,21,554
-736.1950,-186.9000,-531.7500,0.500000,-0.500000,-0.500000,0.500000,900.0000,0.092110,96.844626,extrusion,21,555
-723.4890,-174.1940,-531.7500,0.500000,-0.500000,-0.500000,0.500000,900.0000,1.933470,96.840294,extrusion,21,556
-711.8520,-177.9680,-531.7500,0.500000,-0.500000,-0.500000,0.500000,900.0000,0.000000,0.000000,travel,22,558
-699.0070,-165.1230,-531.7500,0.500000,-0.500000,-0.500000,0.500000,900.0000,1.954630,96.840710,extrusion,23,559
-699.0070,-164.2670,-531.7500,0.500000,-0.500000,-0.500000,0.500000,900.0000,0.092110,96.844626,extrusion,23,560
-711.2530,-176.5130,-531.7500,0.500000,-0.500000,-0.500000,0.500000,900.0000,1.863480,96.840716,extrusion,23,561
-711.1940,-175.8410,-531.7500,0.500000,-0.500000,-0.500000,0.500000,900.0000,0.072590,96.846201,extrusion,23,562
-711.2140,-175.6180,-531.7500,0.500000,-0.500000,-0.500000,0.500000,900.0000,0.024090,96.835542,extrusion,23,563
-699.0070,-163.4110,-531.7500,0.500000,-0.500000,-0.500000,0.500000,900.0000,1.857540,96.840437,extrusion,23,564
-699.0070,-162.5550,-531.7500,0.500000,-0.500000,-0.500000,0.500000,900.0000,0.092110,96.844626,extrusion,23,565
-711.2820,-174.8300,-531.7500,0.500000,-0.500000,-0.500000,0.500000,900.0000,1.867890,96.840563,extrusion,23,566
-711.2910,-174.7280,-531.7500,0.500000,-0.500000,-0.500000,0.500000,900.0000,0.011020,96.858979,extrusion,23,567
-711.4470,-174.1380,-531.7500,0.500000,-0.500000,-0.500000,0.500000,900.0000,0.065670,96.846448,extrusion,23,568
-699.5550,-162.2470,-531.7500,0.500000,-0.500000,-0.500000,0.500000,900.0000,1.809530,96.840419,extrusion,23,569
-700.4110,-162.2470,-531.7500,0.500000,-0.500000,-0.500000,0.500000,900.0000,0.092110,96.844626,extrusion,23,570
-711.6510,-173.4870,-531.7500,0.500000,-0.500000,-0.500000,0.500000,900.0000,1.710390,96.840350,extrusion,23,571
-711.9230,-172.9030,-531.7500,0.500000,-0.500000,-0.500000,0.500000,900.0000,0.069320,96.840291,extrusion,23,572
-701.2670,-162.2470,-531.7500,0.500000,-0.500000,-0.500000,0.500000,900.0000,1.621530,96.840782,extrusion,23,573
-702.1230,-162.2470,-531.7500,0.500000,-0.500000,-0.500000,0.500000,900.0000,0.092110,96.844626,extrusion,23,574
-712.2400,-172.3630,-531.7500,0.500000,-0.500000,-0.500000,0.500000,900.0000,1.539430,96.840533,extrusion,23,575
-712.5940,-171.8610,-531.7500,0.500000,-0.500000,-0.500000,0.500000,900.0000,0.066100,96.847643,extrusion,23,576
-702.9800,-162.2470,-531.7500,0.500000,-0.500000,-0.500000,0.500000,900.0000,1.462960,96.840237,extrusion,23,577
-703.8360,-162.2470,-531.7500,0.500000,-0.500000,-0.500000,0.500000,900.0000,0.092110,96.844626,extrusion,23,578
-713.0010,-171.4120,-531.7500,0.500000,-0.500000,-0.500000,0.500000,900.0000,1.394640,96.840530,extrusion,23,579
-713.4290,-170.9840,-531.7500,0.500000,-0.500000,-0.500000,0.500000,900.0000,0.065130,96.842239,extrusion,23,580
-704.6920,-162.2470,-531.7500,0.500000,-0.500000,-0.500000,0.500000,900.0000,1.329510,96.840447,extrusion,23,581
-705.5480,-162.2470,-531.7500,0.500000,-0.500000,-0.500000,0.500000,900.0000,0.092110,96.844626,extrusion,23,582
-713.9210,-170.6200,-531.7500,0.500000,-0.500000,-0.500000,0.500000,900.0000,1.274120,96.840440,extrusion,23,583
-714.4340,-170.2770,-531.7500,0.500000,-0.500000,-0.500000,0.500000,900.0000,0.066400,96.839348,extrusion,23,584
-706.4040,-162.2470,-531.7500,0.500000,-0.500000,-0.500000,0.500000,900.0000,1.221930,96.840783,extrusion,23,585
-707.2600,-162.2470,-531.7500,0.500000,-0.500000,-0.500000,0.500000,900.0000,0.092110,96.844626,extrusion,23,586
-715.0140,-170.0000,-531.7500,0.500000,-0.500000,-0.500000,0.500000,900.0000,1.179850,96.840387,extrusion,23,587
-715.3060,-169.8630,-531.7500,0.500000,-0.500000,-0.500000,0.500000,900.0000,0.034710,96.852662,extrusion,23,588
-715.6280,-169.7580,-531.7500,0.500000,-0.500000,-0.500000,0.500000,900.0000,0.036440,96.832720,extrusion,23,589
-708.1170,-162.2470,-531.7500,0.500000,-0.500000,-0.500000,0.500000,900.0000,1.142950,96.840491,extrusion,23,590
-708.9730,-162.2470,-531.7500,0.500000,-0.500000,-0.500000,0.500000,900.0000,0.092110,96.844626,extrusion,23,591
-716.3060,-169.5790,-531.7500,0.500000,-0.500000,-0.500000,0.500000,900.0000,1.115790,96.840696,extrusion,23,592
-716.4900,-169.5310,-531.7500,0.500000,-0.500000,-0.500000,0.500000,900.0000,0.020460,96.835350,extrusion,23,593
-717.0630,-169.4810,-531.7500,0.500000,-0.500000,-0.500000,0.500000,900.0000,0.061890,96.841433,extrusion,23,594
-709.8290,-162.2470,-531.7500,0.500000,-0.500000,-0.500000,0.500000,900.0000,1.100800,96.840590,extrusion,23,595
-710.6850,-162.2470,-531.7500,0.500000,-0.500000,-0.500000,0.500000,900.0000,0.092110,96.844626,extrusion,23,596
-717.8970,-169.4580,-531.7500,0.500000,-0.500000,-0.500000,0.500000,900.0000,1.097380,96.840928,extrusion,23,597
-718.6020,-169.5170,-531.7500,0.500000,-0.500000,-0.500000,0.500000,900.0000,0.076120,96.835956,extrusion,23,598
-718.8610,-169.5660,-531.7500,0.500000,-0.500000,-0.500000,0.500000,900.0000,0.028360,96.830591,extrusion,23,599
-711.5410,-162.2470,-531.7500,0.500000,-0.500000,-0.500000,0.500000,900.0000,1.113810,96.840541,extrusion,23,600
-712.3970,-162.2470,-531.7500,0.500000,-0.500000,-0.500000,0.500000,900.0000,0.092110,96.844626,extrusion,23,601
-720.1180,-169.9670,-531.7500,0.500000,-0.500000,-0.500000,0.500000,900.0000,1.174830,96.840520,extrusion,23,602
-720.7050,-170.2410,-531.7500,0.500000,-0.500000,-0.500000,0.500000,900.0000,0.069700,96.835425,extrusion,23,603
-720.8980,-170.3530,-531.7500,0.500000,-0.500000,-0.500000,0.500000,900.0000,0.024010,96.839051,extrusion,23,604
-721.6300,-170.8650,-531.7500,0.500000,-0.500000,-0.500000,0.500000,900.0000,0.096120,96.841952,extrusion,23,605
-721.8020,-171.0090,-531.7500,0.500000,-0.500000,-0.500000,0.500000,900.0000,0.024140,96.852193,extrusion,23,606
-722.5100,-171.7240,-531.7500,0.500000,-0.500000,-0.500000,0.500000,900.0000,0.108270,96.840158,extrusion,23,607
-723.0890,-172.5430,-531.7500,0.500000,-0.500000,-0.500000,0.500000,900.0000,0.107920,96.837824,extrusion,23,608
-723.2010,-172.7370,-531.7500,0.500000,-0.500000,-0.500000,0.500000,900.0000,0.024100,96.826498,extrusion,23,609
-723.4740,-173.3230,-531.7500,0.500000,-0.500000,-0.500000,0.500000,900.0000,0.069560,96.839582,extrusion,23,610
-736.1950,-186.0440,-531.7500,0.500000,-0.500000,-0.500000,0.500000,900.0000,1.935760,96.840667,extrusion,23,611
-736.1950,-185.1880,-531.7500,0.500000,-0.500000,-0.500000,0.500000,900.0000,0.092110,96.844626,extrusion,23,612
-713.2540,-162.2470,-531.7500,0.500000,-0.500000,-0.500000,0.500000,900.0000,3.490940,96.840618,extrusion,23,613
-714.1100,-162.2470,-531.7500,0.500000,-0.500000,-0.500000,0.500000,900.0000,0.092110,96.844626,extrusion,23,614
-736.1950,-184.3320,-531.7500,0.500000,-0.500000,-0.500000,0.500000,900.0000,3.360680,96.840555,extrusion,23,615
-736.1950,-183.4750,-531.7500,0.500000,-0.500000,-0.500000,0.500000,900.0000,0.092210,96.836639,extrusion,23,616
-714.9660,-162.2470,-531.7500,0.500000,-0.500000,-0.500000,0.500000,900.0000,3.230350,96.840669,extrusion,23,617
-715.8220,-162.2470,-531.7500,0.500000,-0.500000,-0.500000,0.500000,900.0000,0.092110,96.844626,extrusion,23,618
-736.1950,-182.6190,-531.7500,0.500000,-0.500000,-0.500000,0.500000,900.0000,3.100090,96.840603,extrusion,23,619
-736.1950,-181.7630,-531.7500,0.500000,-0.500000,-0.500000,0.500000,900.0000,0.092110,96.844626,extrusion,23,620
-716.6780,-162.2470,-531.7500,0.500000,-0.500000,-0.500000,0.500000,900.0000,2.969830,96.840532,extrusion,23,621
-717.5340,-162.2470,-531.7500,0.500000,-0.500000,-0.500000,0.500000,900.0000,0.092110,96.844626,extrusion,23,622
-736.1950,-180.9070,-531.7500,0.500000,-0.500000,-0.500000,0.500000,900.0000,2.839570,96.840453,extrusion,23,623
-736.1950,-180.0510,-531.7500,0.500000,-0.500000,-0.500000,0.500000,900.0000,0.092110,96.844626,extrusion,23,624
-718.3910,-162.2470,-531.7500,0.500000,-0.500000,-0.500000,0.500000,900.0000,2.709240,96.840585,extrusion,23,625
-719.2470,-162.2470,-531.7500,0.500000,-0.500000,-0.500000,0.500000,900.0000,0.092110,96.844626,extrusion,23,626
-736.1950,-179.1950,-531.7500,0.500000,-0.500000,-0.500000,0.500000,900.0000,2.578980,96.840502,extrusion,23,627
-736.1950,-178.3380,-531.7500,0.500000,-0.500000,-0.500000,0.500000,900.0000,0.092210,96.836639,extrusion,23,628
-720.1030,-162.2470,-531.7500,0.500000,-0.500000,-0.500000,0.500000,900.0000,2.448650,96.840650,extrusion,23,629
-720.9590,-162.2470,-531.7500,0.500000,-0.500000,-0.500000,0.500000,900.0000,0.092110,96.844626,extrusion,23,630
-736.1950,-177.4820,-531.7500,0.500000,-0.500000,-0.500000,0.500000,900.0000,2.318390,96.840561,extrusion,23,631
-736.1950,-176.6260,-531.7500,0.500000,-0.500000,-0.500000,0.500000,900.0000,0.092110,96.844626,extrusion,23,632
-721.8150,-162.2470,-531.7500,0.500000,-0.500000,-0.500000,0.500000,900.0000,2.188130,96.840461,extrusion,23,633
-722.6710,-162.2470,-531.7500,0.500000,-0.500000,-0.500000,0.500000,900.0000,0.092110,96.844626,extrusion,23,634
-736.1950,-175.7700,-531.7500,0.500000,-0.500000,-0.500000,0.500000,900.0000,2.057870,96.840348,extrusion,23,635
-736.1950,-174.9140,-531.7500,0.500000,-0.500000,-0.500000,0.500000,900.0000,0.092110,96.844626,extrusion,23,636
-723.5280,-162.2470,-531.7500,0.500000,-0.500000,-0.500000,0.500000,900.0000,1.927540,96.840526,extrusion,23,637
-724.3840,-162.2470,-531.7500,0.500000,-0.500000,-0.500000,0.500000,900.0000,0.092110,96.844626,extrusion,23,638
-736.1950,-174.0580,-531.7500,0.500000,-0.500000,-0.500000,0.500000,900.0000,1.797280,96.840402,extrusion,23,639
-736.1950,-173.2010,-531.7500,0.500000,-0.500000,-0.500000,0.500000,900.0000,0.092210,96.836639,extrusion,23,640
-725.2400,-162.2470,-531.7500,0.500000,-0.500000,-0.500000,0.500000,900.0000,1.666950,96.840612,extrusion,23,641
-726.0960,-162.2470,-531.7500,0.500000,-0.500000,-0.500000,0.500000,900.0000,0.092110,96.844626,extrusion,23,642
-736.1950,-172.3450,-531.7500,0.500000,-0.500000,-0.500000,0.500000,900.0000,1.536690,96.840474,extrusion,23,643
-736.1950,-171.4890,-531.7500,0.500000,-0.500000,-0.500000,0.500000,900.0000,0.092110,96.844626,extrusion,23,644
-726.9520,-162.2470,-531.7500,0.500000,-0.500000,-0.500000,0.500000,900.0000,1.406430,96.840311,extrusion,23,645
-727.8080,-162.2470,-531.7500,0.500000,-0.500000,-0.500000,0.500000,900.0000,0.092110,96.844626,extrusion,23,646
-736.1950,-170.6330,-531.7500,0.500000,-0.500000,-0.500000,0.500000,900.0000,1.276180,96.840873,extrusion,23,647
-736.1950,-169.7770,-531.7500,0.500000,-0.500000,-0.500000,0.500000,900.0000,0.092110,96.844626,extrusion,23,648
-728.6650,-162.2470,-531.7500,0.500000,-0.500000,-0.500000,0.500000,900.0000,1.145840,96.840387,extrusion,23,649
-729.5210,-162.2470,-531.7500,0.500000,-0.500000,-0.500000,0.500000,900.0000,0.092110,96.844626,extrusion,23,650
-736.1950,-168.9210,-531.7500,0.500000,-0.500000,-0.500000,0.500000,900.0000,1.015580,96.840149,extrusion,23,651
-736.1950,-168.0640,-531.7500,0.500000,-0.500000,-0.500000,0.500000,900.0000,0.092210,96.836639,extrusion,23,652
-730.3770,-162.2470,-531.7500,0.500000,-0.500000,-0.500000,0.500000,900.0000,0.885250,96.840507,extrusion,23,653
-731.2330,-162.2470,-531.7500,0.500000,-0.500000,-0.500000,0.500000,900.0000,0.092110,96.844626,extrusion,23,654
-736.1950,-167.2080,-531.7500,0.500000,-0.500000,-0.500000,0.500000,900.0000,0.754990,96.840208,extrusion,23,655
-736.1950,-166.3520,-531.7500,0.500000,-0.500000,-0.500000,0.500000,900.0000,0.092110,96.844626,extrusion,23,656
-732.0890,-162.2470,-531.7500,0.500000,-0.500000,-0.500000,0.500000,900.0000,0.624730,96.839784,extrusion,23,657
-732.9450,-162.2470,-531.7500,0.500000,-0.500000,-0.500000,0.500000,900.0000,0.092110,96.844626,extrusion,23,658
-736.1950,-165.4960,-531.7500,0.500000,-0.500000,-0.500000,0.500000,900.0000,0.494480,96.841096,extrusion,23,659
-736.1950,-164.6400,-531.7500,0.500000,-0.500000,-0.500000,0.500000,900.0000,0.092110,96.844626,extrusion,23,660
-733.8020,-162.2470,-531.7500,0.500000,-0.500000,-0.500000,0.500000,900.0000,0.364140,96.839648,extrusion,23,661
-734.6580,-162.2470,-531.7500,0.500000,-0.500000,-0.500000,0.500000,900.0000,0.092110,96.844626,extrusion,23,662
-736.1950,-163.7840,-531.7500,0.500000,-0.500000,-0.500000,0.500000,900.0000,0.233890,96.842345,extrusion,23,663
-736.1950,-162.9270,-531.7500,0.500000,-0.500000,-0.500000,0.500000,900.0000,0.092210,96.836639,extrusion,23,664
-735.2420,-161.9750,-531.7500,0.500000,-0.500000,-0.500000,0.500000,900.0000,0.144940,96.839096,extrusion,23,665
-712.5320,-172.7520,-531.3000,0.500000,-0.500000,-0.500000,0.500000,900.0000,0.000000,0.000000,travel,24,672
-712.9920,-172.0760,-531.3000,0.500000,-0.500000,-0.500000,0.500000,900.0000,0.087690,96.519972,extrusion,25,675
-713.7160,-171.3330,-531.3000,0.500000,-0.500000,-0.500000,0.500000,900.0000,0.111260,96.522826,extrusion,25,676
-714.5570,-170.7270,-531.3000,0.500000,-0.500000,-0.500000,0.500000,900.0000,0.111170,96.521368,extrusion,25,677
-715.4920,-170.2760,-531.3000,0.500000,-0.500000,-0.500000,0.500000,900.0000,0.111330,96.520750,extrusion,25,678
-716.4900,-169.9950,-531.3000,0.500000,-0.500000,-0.500000,0.500000,900.0000,0.111200,96.527295,extrusion,25,679
-717.5220,-169.8900,-531.3000,0.500000,-0.500000,-0.500000,0.500000,900.0000,0.111250,96.522043,extrusion,25,680
-718.5560,-169.9670,-531.3000,0.500000,-0.500000,-0.500000,0.500000,900.0000,0.111200,96.521907,extrusion,25,681
-719.5620,-170.2220,-531.3000,0.500000,-0.500000,-0.500000,0.500000,900.0000,0.111310,96.528719,extrusion,25,682
-720.5080,-170.6480,-531.3000,0.500000,-0.500000,-0.500000,0.500000,900.0000,0.111270,96.524012,extrusion,25,683
-721.3650,-171.2320,-531.3000,0.500000,-0.500000,-0.500000,0.500000,900.0000,0.111230,96.529094,extrusion,25,684
-722.1080,-171.9550,-531.3000,0.500000,-0.500000,-0.500000,0.500000,900.0000,0.111190,96.527010,extrusion,25,685
-722.7140,-172.7970,-531.3000,0.500000,-0.500000,-0.500000,0.500000,900.0000,0.111260,96.523947,extrusion,25,686
-723.1650,-173.7310,-531.3000,0.500000,-0.500000,-0.500000,0.500000,900.0000,0.111240,96.526464,extrusion,25,687
-723.4470,-174.7300,-531.3000,0.500000,-0.500000,-0.500000,0.500000,900.0000,0.111330,96.525274,extrusion,25,688
-723.5510,-175.7620,-531.3000,0.500000,-0.500000,-0.500000,0.500000,900.0000,0.111240,96.522741,extrusion,25,689
-723.4740,-176.7960,-531.3000,0.500000,-0.500000,-0.500000,0.500000,900.0000,0.111200,96.521907,extrusion,25,690
-723.2190,-177.8020,-531.3000,0.500000,-0.500000,-0.500000,0.500000,900.0000,0.111310,96.528719,extrusion,25,691
-722.7930,-178.7470,-531.3000,0.500000,-0.500000,-0.500000,0.500000,900.0000,0.111170,96.522087,extrusion,25,692
-722.2100,-179.6050,-531.3000,0.500000,-0.500000,-0.500000,0.500000,900.0000,0.111250,96.521863,extrusion,25,693
-721.4860,-180.3480,-531.3000,0.500000,-0.500000,-0.500000,0.500000,900.0000,0.111260,96.522826,extrusion,25,694
-720.6440,-180.9540,-531.3000,0.500000,-0.500000,-0.500000,0.500000,900.0000,0.111260,96.523947,extrusion,25,695
-719.7100,-181.4050,-531.3000,0.500000,-0.500000,-0.500000,0.500000,900.0000,0.111240,96.526464,extrusion,25,696
-718.7120,-181.6870,-531.3000,0.500000,-0.500000,-0.500000,0.500000,900.0000,0.111230,96.528062,extrusion,25,697
-717.6800,-181.7910,-531.3000,0.500000,-0.500000,-0.500000,0.500000,900.0000,0.111240,96.522741,extrusion,25,698
-716.6450,-181.7140,-531.3000,0.500000,-0.500000,-0.500000,0.500000,900.0000,0.111310,96.524552,extrusion,25,699
-715.6400,-181.4590,-531.3000,0.500000,-0.500000,-0.500000,0.500000,900.0000,0.111200,96.523479,extrusion,25,700
-714.6940,-181.0330,-531.3000,0.500000,-0.500000,-0.500000,0.500000,900.0000,0.111270,96.524012,extrusion,25,701
-713.8370,-180.4490,-531.3000,0.500000,-0.500000,-0.500000,0.500000,900.0000,0.111230,96.529094,extrusion,25,702
-713.0930,-179.7260,-531.3000,0.500000,-0.500000,-0.500000,0.500000,900.0000,0.111260,96.521032,extrusion,25,703
-712.4870,-178.8840,-531.3000,0.500000,-0.500000,-0.500000,0.500000,900.0000,0.111260,96.523947,extrusion,25,704
-712.0360,-177.9500,-531.3000,0.500000,-0.500000,-0.500000,0.500000,900.0000,0.111240,96.526464,extrusion,25,705
-711.7550,-176.9520,-531.3000,0.500000,-0.500000,-0.500000,0.500000,900.0000,0.111200,96.527295,extrusion,25,706
-711.6510,-175.9190,-531.3000,0.500000,-0.500000,-0.500000,0.500000,900.0000,0.111350,96.525595,extrusion,25,707
-711.7270,-174.8850,-531.3000,0.500000,-0.500000,-0.500000,0.500000,900.0000,0.111200,96.528776,extrusion,25,708
-711.9820,-173.8800,-531.3000,0.500000,-0.500000,-0.500000,0.500000,900.0000,0.111200,96.523479,extrusion,25,709
-712.4080,-172.9340,-531.3000,0.500000,-0.500000,-0.500000,0.500000,900.0000,0.111270,96.524012,extrusion,25,710
-712.5320,-172.7520,-531.3000,0.500000,-0.500000,-0.500000,0.500000,900.0000,0.023620,96.527606,extrusion,25,711
-713.0220,-173.0920,-531.3000,0.500000,-0.500000,-0.500000,0.500000,900.0000,0.000000,0.000000,travel,26,712
-713.4860,-172.4220,-531.3000,0.500000,-0.500000,-0.500000,0.500000,900.0000,0.087410,96.528488,extrusion,27,714
-714.1420,-171.7600,-531.3000,0.500000,-0.500000,-0.500000,0.500000,900.0000,0.099950,96.520685,extrusion,27,715
-714.9030,-171.2210,-531.3000,0.500000,-0.500000,-0.500000,0.500000,900.0000,0.100020,96.529289,extrusion,27,716
-715.7470,-170.8230,-531.3000,0.500000,-0.500000,-0.500000,0.500000,900.0000,0.100080,96.526278,extrusion,27,717
-716.6460,-170.5770,-531.3000,0.500000,-0.500000,-0.500000,0.500000,900.0000,0.099960,96.522730,extrusion,27,718
-717.5740,-170.4920,-531.3000,0.500000,-0.500000,-0.500000,0.500000,900.0000,0.099940,96.520530,extrusion,27,719
-718.5040,-170.5680,-531.3000,0.500000,-0.500000,-0.500000,0.500000,900.0000,0.100070,96.520180,extrusion,27,720
-719.4060,-170.8050,-531.3000,0.500000,-0.500000,-0.500000,0.500000,900.0000,0.100020,96.522019,extrusion,27,721
-720.2530,-171.1950,-531.3000,0.500000,-0.500000,-0.500000,0.500000,900.0000,0.100010,96.527019,extrusion,27,722
-721.0190,-171.7260,-531.3000,0.500000,-0.500000,-0.500000,0.500000,900.0000,0.099960,96.522730,extrusion,27,723
-721.6810,-172.3820,-531.3000,0.500000,-0.500000,-0.500000,0.500000,900.0000,0.099950,96.520685,extrusion,27,724
-722.2200,-173.1430,-531.3000,0.500000,-0.500000,-0.500000,0.500000,900.0000,0.100020,96.529289,extrusion,27,725
-722.6180,-173.9860,-531.3000,0.500000,-0.500000,-0.500000,0.500000,900.0000,0.099980,96.523378,extrusion,27,726
-722.8640,-174.8860,-531.3000,0.500000,-0.500000,-0.500000,0.500000,900.0000,0.100070,96.529050,extrusion,27,727
-722.9500,-175.8140,-531.3000,0.500000,-0.500000,-0.500000,0.500000,900.0000,0.099950,96.520685,extrusion,27,728
-722.8730,-176.7440,-531.3000,0.500000,-0.500000,-0.500000,0.500000,900.0000,0.100080,96.521345,extrusion,27,729
-722.6360,-177.6450,-531.3000,0.500000,-0.500000,-0.500000,0.500000,900.0000,0.099920,96.525615,extrusion,27,730
-722.2460,-178.4920,-531.3000,0.500000,-0.500000,-0.500000,0.500000,900.0000,0.100010,96.527019,extrusion,27,731
-721.7150,-179.2590,-531.3000,0.500000,-0.500000,-0.500000,0.500000,900.0000,0.100050,96.524506,extrusion,27,732
-721.0590,-179.9210,-531.3000,0.500000,-0.500000,-0.500000,0.500000,900.0000,0.099950,96.520685,extrusion,27,733
-720.2980,-180.4600,-531.3000,0.500000,-0.500000,-0.500000,0.500000,900.0000,0.100020,96.529289,extrusion,27,734
-719.4550,-180.8580,-531.3000,0.500000,-0.500000,-0.500000,0.500000,900.0000,0.099980,96.523378,extrusion,27,735
-718.5560,-181.1040,-531.3000,0.500000,-0.500000,-0.500000,0.500000,900.0000,0.099960,96.522730,extrusion,27,736
-717.6270,-181.1900,-531.3000,0.500000,-0.500000,-0.500000,0.500000,900.0000,0.100060,96.523783,extrusion,27,737
-716.6980,-181.1130,-531.3000,0.500000,-0.500000,-0.500000,0.500000,900.0000,0.099980,96.527987,extrusion,27,738
-715.7960,-180.8760,-531.3000,0.500000,-0.500000,-0.500000,0.500000,900.0000,0.100020,96.522019,extrusion,27,739
-714.9490,-180.4860,-531.3000,0.500000,-0.500000,-0.500000,0.500000,900.0000,0.100010,96.527019,extrusion,27,740
-714.1830,-179.9550,-531.3000,0.500000,-0.500000,-0.500000,0.500000,900.0000,0.099960,96.522730,extrusion,27,741
-713.5200,-179.2990,-531.3000,0.500000,-0.500000,-0.500000,0.500000,900.0000,0.100030,96.524345,extrusion,27,742
-712.9820,-178.5380,-531.3000,0.500000,-0.500000,-0.500000,0.500000,900.0000,0.099950,96.521518,extrusion,27,743
-712.5830,-177.6950,-531.3000,0.500000,-0.500000,-0.500000,0.500000,900.0000,0.100030,96.527397,extrusion,27,744
-712.3380,-176.7950,-531.3000,0.500000,-0.500000,-0.500000,0.500000,900.0000,0.100040,96.527337,extrusion,27,745
-712.2520,-175.8670,-531.3000,0.500000,-0.500000,-0.500000,0.500000,900.0000,0.099950,96.520685,extrusion,27,746
-712.3280,-174.9380,-531.3000,0.500000,-0.500000,-0.500000,0.500000,900.0000,0.099970,96.526831,extrusion,27,747
-712.5650,-174.0360,-531.3000,0.500000,-0.500000,-0.500000,0.500000,900.0000,0.100020,96.522019,extrusion,27,748
-712.9550,-173.1890,-531.3000,0.500000,-0.500000,-0.500000,0.500000,900.0000,0.100010,96.527019,extrusion,27,749
-713.0220,-173.0920,-531.3000,0.500000,-0.500000,-0.500000,0.500000,900.0000,0.012640,96.496915,extrusion,27,750
-714.9730,-220.5270,-531.3000,0.500000,-0.500000,-0.500000,0.500000,900.0000,0.000000,0.000000,travel,28,752
-715.4920,-220.2760,-531.3000,0.500000,-0.500000,-0.500000,0.500000,900.0000,0.061830,96.524170,extrusion,29,754
-716.4900,-219.9950,-531.3000,0.500000,-0.500000,-0.500000,0.500000,900.0000,0.111200,96.527295,extrusion,29,755
-717.5220,-219.8900,-531.3000,0.500000,-0.500000,-0.500000,0.500000,900.0000,0.111250,96.522043,extrusion,29,756
-718.5560,-219.9670,-531.3000,0.500000,-0.500000,-0.500000,0.500000,900.0000,0.111200,96.521907,extrusion,29,757
-719.5620,-220.2220,-531.3000,0.500000,-0.500000,-0.500000,0.500000,900.0000,0.111310,96.528719,extrusion,29,758
-720.5080,-220.6480,-531.3000,0.500000,-0.500000,-0.500000,0.500000,900.0000,0.111270,96.524012,extrusion,29,759
-721.3650,-221.2320,-531.3000,0.500000,-0.500000,-0.500000,0.500000,900.0000,0.111230,96.529094,extrusion,29,760
-722.1080,-221.9550,-531.3000,0.500000,-0.500000,-0.500000,0.500000,900.0000,0.111190,96.527010,extrusion,29,761
-722.7140,-222.7970,-531.3000,0.500000,-0.500000,-0.500000,0.500000,900.0000,0.111260,96.523947,extrusion,29,762
-723.1650,-223.7310,-531.3000,0.500000,-0.500000,-0.500000,0.500000,900.0000,0.111240,96.526464,extrusion,29,763
-723.4470,-224.7300,-531.3000,0.500000,-0.500000,-0.500000,0.500000,900.0000,0.111330,96.525274,extrusion,29,764
-723.5510,-225.7620,-531.3000,0.500000,-0.500000,-0.500000,0.500000,900.0000,0.111240,96.522741,extrusion,29,765
-723.4740,-226.7960,-531.3000,0.500000,-0.500000,-0.500000,0.500000,900.0000,0.111200,96.521907,extrusion,29,766
-723.2190,-227.8020,-531.3000,0.500000,-0.500000,-0.500000,0.500000,900.0000,0.111310,96.528719,extrusion,29,767
-722.7930,-228.7470,-531.3000,0.500000,-0.500000,-0.500000,0.500000,900.0000,0.111170,96.522087,extrusion,29,768
-722.2100,-229.6050,-531.3000,0.500000,-0.500000,-0.500000,0.500000,900.0000,0.111250,96.521863,extrusion,29,769
-721.4860,-230.3480,-531.3000,0.500000,-0.500000,-0.500000,0.500000,900.0000,0.111260,96.522826,extrusion,29,770
-720.6440,-230.9540,-531.3000,0.500000,-0.500000,-0.500000,0.500000,900.0000,0.111260,96.523947,extrusion,29,771
-719.7100,-231.4050,-531.3000,0.500000,-0.500000,-0.500000,0.500000,900.0000,0.111240,96.526464,extrusion,29,772
-718.7120,-231.6870,-531.3000,0.500000,-0.500000,-0.500000,0.500000,900.0000,0.111230,96.528062,extrusion,29,773
-717.6800,-231.7910,-531.3000,0.500000,-0.500000,-0.500000,0.500000,900.0000,0.111240,96.522741,extrusion,29,774
-716.6450,-231.7140,-531.3000,0.500000,-0.500000,-0.500000,0.500000,900.0000,0.111310,96.524552,extrusion,29,775
-715.6400,-231.4590,-531.3000,0.500000,-0.500000,-0.500000,0.500000,900.0000,0.111200,96.523479,extrusion,29,776
-714.6940,-231.0330,-531.3000,0.500000,-0.500000,-0.500000,0.500000,900.0000,0.111270,96.524012,extrusion,29,777
-713.8370,-230.4490,-531.3000,0.500000,-0.500000,-0.500000,0.500000,900.0000,0.111230,96.529094,extrusion,29,778
-713.0930,-229.7260,-531.3000,0.500000,-0.500000,-0.500000,0.500000,900.0000,0.111260,96.521032,extrusion,29,779
-712.4870,-228.8840,-531.3000,0.500000,-0.500000,-0.500000,0.500000,900.0000,0.111260,96.523947,extrusion,29,780
-712.0360,-227.9500,-531.3000,0.500000,-0.500000,-0.500000,0.500000,900.0000,0.111240,96.526464,extrusion,29,781
-711.7550,-226.9520,-531.3000,0.500000,-0.500000,-0.500000,0.500000,900.0000,0.111200,96.527295,extrusion,29,782
-711.6510,-225.9190,-531.3000,0.500000,-0.500000,-0.500000,0.500000,900.0000,0.111350,96.525595,extrusion,29,783
-711.7270,-224.8850,-531.3000,0.500000,-0.500000,-0.500000,0.500000,900.0000,0.111200,96.528776,extrusion,29,784
-711.9820,-223.8800,-531.3000,0.500000,-0.500000,-0.500000,0.500000,900.0000,0.111200,96.523479,extrusion,29,785
-712.4080,-222.9340,-531.3000,0.500000,-0.500000,-0.500000,0.500000,900.0000,0.111270,96.524012,extrusion,29,786
-712.9920,-222.0760,-531.3000,0.500000,-0.500000,-0.500000,0.500000,900.0000,0.111310,96.521595,extrusion,29,787
-713.7160,-221.3330,-531.3000,0.500000,-0.500000,-0.500000,0.500000,900.0000,0.111260,96.522826,extrusion,29,788
-714.5570,-220.7270,-531.3000,0.500000,-0.500000,-0.500000,0.500000,900.0000,0.111170,96.521368,extrusion,29,789
-714.9730,-220.5270,-531.3000,0.500000,-0.500000,-0.500000,0.500000,900.0000,0.049500,96.516335,extrusion,29,790
-715.2280,-221.0680,-531.3000,0.500000,-0.500000,-0.500000,0.500000,900.0000,0.000000,0.000000,travel,30,791
-715.7470,-220.8230,-531.3000,0.500000,-0.500000,-0.500000,0.500000,900.0000,0.061550,96.520152,extrusion,31,793
-716.6460,-220.5770,-531.3000,0.500000,-0.500000,-0.500000,0.500000,900.0000,0.099960,96.522730,extrusion,31,794
-717.5740,-220.4920,-531.3000,0.500000,-0.500000,-0.500000,0.500000,900.0000,0.099940,96.520530,extrusion,31,795
-718.5040,-220.5680,-531.3000,0.500000,-0.500000,-0.500000,0.500000,900.0000,0.100070,96.520180,extrusion,31,796
-719.4060,-220.8050,-531.3000,0.500000,-0.500000,-0.500000,0.500000,900.0000,0.100020,96.522019,extrusion,31,797
-720.2530,-221.1950,-531.3000,0.500000,-0.500000,-0.500000,0.500000,900.0000,0.100010,96.527019,extrusion,31,798
-721.0190,-221.7260,-531.3000,0.500000,-0.500000,-0.500000,0.500000,900.0000,0.099960,96.522730,extrusion,31,799
-721.6810,-222.3820,-531.3000,0.500000,-0.500000,-0.500000,0.500000,900.0000,0.099950,96.520685,extrusion,31,800
-722.2200,-223.1430,-531.3000,0.500000,-0.500000,-0.500000,0.500000,900.0000,0.100020,96.529289,extrusion,31,801
-722.6180,-223.9860,-531.3000,0.500000,-0.500000,-0.500000,0.500000,900.0000,0.099980,96.523378,extrusion,31,802
-722.8640,-224.8860,-531.3000,0.500000,-0.500000,-0.500000,0.500000,900.0000,0.100070,96.529050,extrusion,31,803
-722.9500,-225.8140,-531.3000,0.500000,-0.500000,-0.500000,0.500000,900.0000,0.099950,96.520685,extrusion,31,804
-722.8730,-226.7440,-531.3000,0.500000,-0.500000,-0.500000,0.500000,900.0000,0.100080,96.521345,extrusion,31,805
-722.6360,-227.6450,-531.3000,0.500000,-0.500000,-0.500000,0.500000,900.0000,0.099920,96.525615,extrusion,31,806
-722.2460,-228.4920,-531.3000,0.500000,-0.500000,-0.500000,0.500000,900.0000,0.100010,96.527019,extrusion,31,807
-721.7150,-229.2590,-531.3000,0.500000,-0.500000,-0.500000,0.500000,900.0000,0.100050,96.524506,extrusion,31,808
-721.0590,-229.9210,-531.3000,0.500000,-0.500000,-0.500000,0.500000,900.0000,0.099950,96.520685,extrusion,31,809
-720.2980,-230.4600,-531.3000,0.500000,-0.500000,-0.500000,0.500000,900.0000,0.100020,96.529289,extrusion,31,810
-719.4550,-230.8580,-531.3000,0.500000,-0.500000,-0.500000,0.500000,900.0000,0.099980,96.523378,extrusion,31,811
-718.5560,-231.1040,-531.3000,0.500000,-0.500000,-0.500000,0.500000,900.0000,0.099960,96.522730,extrusion,31,812
-717.6270,-231.1900,-531.3000,0.500000,-0.500000,-0.500000,0.500000,900.0000,0.100060,96.523783,extrusion,31,813
-716.6980,-231.1130,-531.3000,0.500000,-0.500000,-0.500000,0.500000,900.0000,0.099980,96.527987,extrusion,31,814
-715.7960,-230.8760,-531.3000,0.500000,-0.500000,-0.500000,0.500000,900.0000,0.100020,96.522019,extrusion,31,815
-714.9490,-230.4860,-531.3000,0.500000,-0.500000,-0.500000,0.500000,900.0000,0.100010,96.527019,extrusion,31,816
-714.1830,-229.9550,-531.3000,0.500000,-0.500000,-0.500000,0.500000,900.0000,0.099960,96.522730,extrusion,31,817
-713.5200,-229.2990,-531.3000,0.500000,-0.500000,-0.500000,0.500000,900.0000,0.100030,96.524345,extrusion,31,818
-712.9820,-228.5380,-531.3000,0.500000,-0.500000,-0.500000,0.500000,900.0000,0.099950,96.521518,extrusion,31,819
-712.5830,-227.6950,-531.3000,0.500000,-0.500000,-0.500000,0.500000,900.0000,0.100030,96.527397,extrusion,31,820
-712.3380,-226.7950,-531.3000,0.500000,-0.500000,-0.500000,0.500000,900.0000,0.100040,96.527337,extrusion,31,821
-712.2520,-225.8670,-531.3000,0.500000,-0.500000,-0.500000,0.500000,900.0000,0.099950,96.520685,extrusion,31,822
-712.3280,-224.9380,-531.3000,0.500000,-0.500000,-0.500000,0.500000,900.0000,0.099970,96.526831,extrusion,31,823
-712.5650,-224.0360,-531.3000,0.500000,-0.500000,-0.500000,0.500000,900.0000,0.100020,96.522019,extrusion,31,824
-712.9550,-223.1890,-531.3000,0.500000,-0.500000,-0.500000,0.500000,900.0000,0.100010,96.527019,extrusion,31,825
-713.4860,-222.4220,-531.3000,0.500000,-0.500000,-0.500000,0.500000,900.0000,0.100050,96.524506,extrusion,31,826
-714.1420,-221.7600,-531.3000,0.500000,-0.500000,-0.500000,0.500000,900.0000,0.099950,96.520685,extrusion,31,827
-714.9030,-221.2210,-531.3000,0.500000,-0.500000,-0.500000,0.500000,900.0000,0.100020,96.529289,extrusion,31,828
-715.2280,-221.0680,-531.3000,0.500000,-0.500000,-0.500000,0.500000,900.0000,0.038530,96.536031,extrusion,31,829
-736.6470,-207.9140,-531.3000,0.500000,-0.500000,-0.500000,0.500000,900.0000,0.000000,0.000000,travel,32,831
-736.6470,-239.8870,-531.3000,0.500000,-0.500000,-0.500000,0.500000,900.0000,3.429100,96.524880,extrusion,33,833
-698.5540,-239.8870,-531.3000,0.500000,-0.500000,-0.500000,0.500000,900.0000,4.085460,96.524663,extrusion,33,834
-698.5540,-232.4630,-531.3000,0.500000,-0.500000,-0.500000,0.500000,900.0000,0.796220,96.524515,extrusion,33,835
-698.5540,-161.7940,-531.3000,0.500000,-0.500000,-0.500000,0.500000,900.0000,7.579230,96.524742,extrusion,33,836
-736.6470,-161.7940,-531.3000,0.500000,-0.500000,-0.500000,0.500000,900.0000,4.085460,96.524663,extrusion,33,837
-736.6470,-207.9140,-531.3000,0.500000,-0.500000,-0.500000,0.500000,900.0000,4.946360,96.524805,extrusion,33,838
-737.2510,-207.9140,-531.3000,0.500000,-0.500000,-0.500000,0.500000,900.0000,0.000000,0.000000,travel,34,839
-737.2510,-240.4910,-531.3000,0.500000,-0.500000,-0.500000,0.500000,900.0000,3.493880,96.524910,extrusion,35,841
-697.9510,-240.4910,-531.3000,0.500000,-0.500000,-0.500000,0.500000,900.0000,4.214920,96.524885,extrusion,35,842
-697.9510,-232.4630,-531.3000,0.500000,-0.500000,-0.500000,0.500000,900.0000,0.861000,96.524664,extrusion,35,843
-697.9510,-161.1910,-531.3000,0.500000,-0.500000,-0.500000,0.500000,900.0000,7.643900,96.524722,extrusion,35,844
-737.2510,-161.1910,-531.3000,0.500000,-0.500000,-0.500000,0.500000,900.0000,4.214920,96.524885,extrusion,35,845
-737.2510,-207.9140,-531.3000,0.500000,-0.500000,-0.500000,0.500000,900.0000,5.011030,96.524774,extrusion,35,846
-736.0310,-239.3860,-531.3000,0.500000,-0.500000,-0.500000,0.500000,900.0000,0.000000,0.000000,travel,36,848
-736.0970,-239.4520,-531.3000,0.500000,-0.500000,-0.500000,0.500000,1500.0000,0.012440,199.918372,extrusion,37,852
-736.1880,-239.4280,-531.3000,0.500000,-0.500000,-0.500000,0.500000,1500.0000,0.012540,199.869015,extrusion,37,853
-736.2120,-239.3370,-531.3000,0.500000,-0.500000,-0.500000,0.500000,1500.0000,0.012540,199.869015,extrusion,37,854
-736.1460,-239.2710,-531.3000,0.500000,-0.500000,-0.500000,0.500000,1500.0000,0.012440,199.918372,extrusion,37,855
-736.0550,-239.2950,-531.3000,0.500000,-0.500000,-0.500000,0.500000,1500.0000,0.012540,199.869015,extrusion,37,856
-736.3910,-238.1160,-531.3000,0.500000,-0.500000,-0.500000,0.500000,900.0000,0.000000,0.000000,travel,38,858
-736.4360,-238.1610,-531.3000,0.500000,-0.500000,-0.500000,0.500000,1500.0000,0.005770,136.000204,extrusion,39,861
-736.4970,-238.1450,-531.3000,0.500000,-0.500000,-0.500000,0.500000,1500.0000,0.005720,136.053429,extrusion,39,862
-736.5140,-238.0830,-531.3000,0.500000,-0.500000,-0.500000,0.500000,1500.0000,0.005830,136.027624,extrusion,39,863
-736.4690,-238.0380,-531.3000,0.500000,-0.500000,-0.500000,0.500000,1500.0000,0.005770,136.000204,extrusion,39,864
-736.4070,-238.0550,-531.3000,0.500000,-0.500000,-0.500000,0.500000,1500.0000,0.005830,136.027624,extrusion,39,865
-736.3010,-238.1930,-531.3000,0.500000,-0.500000,-0.500000,0.500000,1500.0000,0.017220,148.438471,extrusion,39,867
-736.1950,-238.3310,-531.3000,0.500000,-0.500000,-0.500000,0.500000,1500.0000,0.018660,160.851444,extrusion,39,869
-735.0910,-239.4350,-531.3000,0.500000,-0.500000,-0.500000,0.500000,1500.0000,0.167450,160.876400,extrusion,39,870
-734.9530,-239.5410,-531.3000,0.500000,-0.500000,-0.500000,0.500000,1500.0000,0.018660,160.851444,extrusion,39,871
-734.8150,-239.6470,-531.3000,0.500000,-0.500000,-0.500000,0.500000,1500.0000,0.017220,148.438471,extrusion,39,873
-734.8760,-239.6310,-531.3000,0.500000,-0.500000,-0.500000,0.500000,1500.0000,0.005720,136.053429,extrusion,39,875
-734.9210,-239.6760,-531.3000,0.500000,-0.500000,-0.500000,0.500000,1500.0000,0.005770,136.000204,extrusion,39,876
-734.9050,-239.7370,-531.3000,0.500000,-0.500000,-0.500000,0.500000,1500.0000,0.005720,136.053429,extrusion,39,877
-734.8430,-239.7540,-531.3000,0.500000,-0.500000,-0.500000,0.500000,1500.0000,0.005830,136.027624,extrusion,39,878
-734.7980,-239.7090,-531.3000,0.500000,-0.500000,-0.500000,0.500000,1500.0000,0.005770,136.000204,extrusion,39,879
-734.2380,-239.4350,-531.3000,0.500000,-0.500000,-0.500000,0.500000,1500.0000,0.066860,160.865817,extrusion,39,881
-736.1950,-237.4780,-531.3000,0.500000,-0.500000,-0.500000,0.500000,1500.0000,0.296830,160.876729,extrusion,39,882
-736.1950,-236.6250,-531.3000,0.500000,-0.500000,-0.500000,0.500000,1500.0000,0.091480,160.867526,extrusion,39,883
-733.3850,-239.4350,-531.3000,0.500000,-0.500000,-0.500000,0.500000,1500.0000,0.426200,160.873084,extrusion,39,884
-732.5310,-239.4350,-531.3000,0.500000,-0.500000,-0.500000,0.500000,1500.0000,0.091590,160.872365,extrusion,39,885
-736.1950,-235.7710,-531.3000,0.500000,-0.500000,-0.500000,0.500000,1500.0000,0.555730,160.873547,extrusion,39,886
-736.1950,-234.9180,-531.3000,0.500000,-0.500000,-0.500000,0.500000,1500.0000,0.091480,160.867526,extrusion,39,887
-731.6780,-239.4350,-531.3000,0.500000,-0.500000,-0.500000,0.500000,1500.0000,0.685110,160.874229,extrusion,39,888
-730.8250,-239.4350,-531.3000,0.500000,-0.500000,-0.500000,0.500000,1500.0000,0.091480,160.867526,extrusion,39,889
-736.1950,-234.0640,-531.3000,0.500000,-0.500000,-0.500000,0.500000,1500.0000,0.814570,160.875515,extrusion,39,890
-736.1950,-233.2110,-531.3000,0.500000,-0.500000,-0.500000,0.500000,1500.0000,0.091480,160.867526,extrusion,39,891
-729.9710,-239.4350,-531.3000,0.500000,-0.500000,-0.500000,0.500000,1500.0000,0.944020,160.874745,extrusion,39,892
-729.1180,-239.4350,-531.3000,0.500000,-0.500000,-0.500000,0.500000,1500.0000,0.091480,160.867526,extrusion,39,893
-736.1950,-232.3580,-531.3000,0.500000,-0.500000,-0.500000,0.500000,1500.0000,1.073400,160.875036,extrusion,39,894
-736.1950,-231.5040,-531.3000,0.500000,-0.500000,-0.500000,0.500000,1500.0000,0.091590,160.872365,extrusion,39,895
-728.2640,-239.4350,-531.3000,0.500000,-0.500000,-0.500000,0.500000,1500.0000,1.202930,160.875040,extrusion,39,896
-727.4110,-239.4350,-531.3000,0.500000,-0.500000,-0.500000,0.500000,1500.0000,0.091480,160.867526,extrusion,39,897
-736.1950,-230.6510,-531.3000,0.500000,-0.500000,-0.500000,0.500000,1500.0000,1.332300,160.874038,extrusion,39,898
-736.1950,-229.7980,-531.3000,0.500000,-0.500000,-0.500000,0.500000,1500.0000,0.091480,160.867526,extrusion,39,899
-726.5580,-239.4350,-531.3000,0.500000,-0.500000,-0.500000,0.500000,1500.0000,1.461680,160.874314,extrusion,39,900
-725.7040,-239.4350,-531.3000,0.500000,-0.500000,-0.500000,0.500000,1500.0000,0.091590,160.872365,extrusion,39,901
-736.1950,-228.9440,-531.3000,0.500000,-0.500000,-0.500000,0.500000,1500.0000,1.591210,160.874375,extrusion,39,902
-736.1950,-228.0910,-531.3000,0.500000,-0.500000,-0.500000,0.500000,1500.0000,0.091480,160.867526,extrusion,39,903
-724.8510,-239.4350,-531.3000,0.500000,-0.500000,-0.500000,0.500000,1500.0000,1.720590,160.874584,extrusion,39,904
-723.9980,-239.4350,-531.3000,0.500000,-0.500000,-0.500000,0.500000,1500.0000,0.091480,160.867526,extrusion,39,905
-736.1950,-227.2370,-531.3000,0.500000,-0.500000,-0.500000,0.500000,1500.0000,1.850040,160.874256,extrusion,39,906
-736.1950,-226.3840,-531.3000,0.500000,-0.500000,-0.500000,0.500000,1500.0000,0.091480,160.867526,extrusion,39,907
-723.1440,-239.4350,-531.3000,0.500000,-0.500000,-0.500000,0.500000,1500.0000,1.979500,160.874784,extrusion,39,908
-722.2910,-239.4350,-531.3000,0.500000,-0.500000,-0.500000,0.500000,1500.0000,0.091480,160.867526,extrusion,39,909
-736.1950,-225.5310,-531.3000,0.500000,-0.500000,-0.500000,0.500000,1500.0000,2.108880,160.874930,extrusion,39,910
-736.1950,-224.6770,-531.3000,0.500000,-0.500000,-0.500000,0.500000,1500.0000,0.091590,160.872365,extrusion,39,911
-721.4370,-239.4350,-531.3000,0.500000,-0.500000,-0.500000,0.500000,1500.0000,2.238410,160.874938,extrusion,39,912
-720.5840,-239.4350,-531.3000,0.500000,-0.500000,-0.500000,0.500000,1500.0000,0.091480,160.867526,extrusion,39,913
-736.1950,-223.8240,-531.3000,0.500000,-0.500000,-0.500000,0.500000,1500.0000,2.367780,160.874380,extrusion,39,914
-736.1950,-222.9700,-531.3000,0.500000,-0.500000,-0.500000,0.500000,1500.0000,0.091590,160.872365,extrusion,39,915
-719.7310,-239.4350,-531.3000,0.500000,-0.500000,-0.500000,0.500000,1500.0000,2.497240,160.874792,extrusion,39,916
-718.8770,-239.4350,-531.3000,0.500000,-0.500000,-0.500000,0.500000,1500.0000,0.091590,160.872365,extrusion,39,917
-736.1950,-222.1170,-531.3000,0.500000,-0.500000,-0.500000,0.500000,1500.0000,2.626690,160.874551,extrusion,39,918
-736.1950,-221.2640,-531.3000,0.500000,-0.500000,-0.500000,0.500000,1500.0000,0.091480,160.867526,extrusion,39,919
-718.0240,-239.4350,-531.3000,0.500000,-0.500000,-0.500000,0.500000,1500.0000,2.756070,160.874673,extrusion,39,920
-717.1710,-239.4350,-531.3000,0.500000,-0.500000,-0.500000,0.500000,1500.0000,0.091480,160.867526,extrusion,39,921
-736.1950,-220.4100,-531.3000,0.500000,-0.500000,-0.500000,0.500000,1500.0000,2.885520,160.874459,extrusion,39,922
-736.1950,-219.5570,-531.3000,0.500000,-0.500000,-0.500000,0.500000,1500.0000,0.091480,160.867526,extrusion,39,923
-716.3170,-239.4350,-531.3000,0.500000,-0.500000,-0.500000,0.500000,1500.0000,3.014980,160.874796,extrusion,39,924
-715.4640,-239.4350,-531.3000,0.500000,-0.500000,-0.500000,0.500000,1500.0000,0.091480,160.867526,extrusion,39,925
-736.1950,-218.7040,-531.3000,0.500000,-0.500000,-0.500000,0.500000,1500.0000,3.144350,160.874382,extrusion,39,926
-736.1950,-217.8500,-531.3000,0.500000,-0.500000,-0.500000,0.500000,1500.0000,0.091590,160.872365,extrusion,39,927
-714.6100,-239.4350,-531.3000,0.500000,-0.500000,-0.500000,0.500000,1500.0000,3.273880,160.874409,extrusion,39,928
-713.7570,-239.4350,-531.3000,0.500000,-0.500000,-0.500000,0.500000,1500.0000,0.091480,160.867526,extrusion,39,929
-736.1950,-216.9970,-531.3000,0.500000,-0.500000,-0.500000,0.500000,1500.0000,3.403260,160.874514,extrusion,39,930
-736.2520,-216.7920,-531.3000,0.500000,-0.500000,-0.500000,0.500000,1500.0000,0.022820,160.872743,extrusion,39,931
-736.3100,-216.5870,-531.3000,0.500000,-0.500000,-0.500000,0.500000,1500.0000,0.021080,148.417994,extrusion,39,933
-736.3550,-216.6320,-531.3000,0.500000,-0.500000,-0.500000,0.500000,1500.0000,0.005770,136.000204,extrusion,39,935
-736.4170,-216.6150,-531.3000,0.500000,-0.500000,-0.500000,0.500000,1500.0000,0.005830,136.027624,extrusion,39,936
-736.4330,-216.5540,-531.3000,0.500000,-0.500000,-0.500000,0.500000,1500.0000,0.005720,136.053429,extrusion,39,937
-736.3880,-216.5090,-531.3000,0.500000,-0.500000,-0.500000,0.500000,1500.0000,0.005770,136.000204,extrusion,39,938
-736.3260,-216.5250,-531.3000,0.500000,-0.500000,-0.500000,0.500000,1500.0000,0.005800,135.871173,extrusion,39,939
-722.4530,-229.9460,-531.3000,0.500000,-0.500000,-0.500000,0.500000,900.0000,0.000000,0.000000,travel,40,942
-722.3900,-230.0160,-531.3000,0.500000,-0.500000,-0.500000,0.500000,1500.0000,0.008660,137.934157,extrusion,41,945
-721.6960,-230.7020,-531.3000,0.500000,-0.500000,-0.500000,0.500000,1500.0000,0.090060,138.436884,extrusion,41,947
-721.4830,-230.8850,-531.3000,0.500000,-0.500000,-0.500000,0.500000,1500.0000,0.028020,149.670604,extrusion,41,949
-721.2690,-231.0690,-531.3000,0.500000,-0.500000,-0.500000,0.500000,1500.0000,0.030270,160.881215,extrusion,41,951
-712.9040,-239.4350,-531.3000,0.500000,-0.500000,-0.500000,0.500000,1500.0000,1.268830,160.874717,extrusion,41,952
-712.0500,-239.4350,-531.3000,0.500000,-0.500000,-0.500000,0.500000,1500.0000,0.091590,160.872365,extrusion,41,953
-719.5570,-231.9280,-531.3000,0.500000,-0.500000,-0.500000,0.500000,1500.0000,1.138620,160.875035,extrusion,41,954
-719.7390,-231.7970,-531.3000,0.500000,-0.500000,-0.500000,0.500000,1500.0000,0.024050,160.874464,extrusion,41,955
-719.9220,-231.6650,-531.3000,0.500000,-0.500000,-0.500000,0.500000,1500.0000,0.022330,148.445022,extrusion,41,957
-719.9670,-231.7100,-531.3000,0.500000,-0.500000,-0.500000,0.500000,1500.0000,0.005770,136.000204,extrusion,41,959
-720.0280,-231.6940,-531.3000,0.500000,-0.500000,-0.500000,0.500000,1500.0000,0.005720,136.053429,extrusion,41,960
-720.0450,-231.6320,-531.3000,0.500000,-0.500000,-0.500000,0.500000,1500.0000,0.005830,136.027624,extrusion,41,961
-720.0000,-231.5870,-531.3000,0.500000,-0.500000,-0.500000,0.500000,1500.0000,0.005770,136.000204,extrusion,41,962
-719.9380,-231.6040,-531.3000,0.500000,-0.500000,-0.500000,0.500000,1500.0000,0.005830,136.027624,extrusion,41,963
-718.4580,-232.1740,-531.3000,0.500000,-0.500000,-0.500000,0.500000,900.0000,0.000000,0.000000,travel,42,965
-711.1970,-239.4350,-531.3000,0.500000,-0.500000,-0.500000,0.500000,1500.0000,1.101310,160.875314,extrusion,43,968
-710.3440,-239.4350,-531.3000,0.500000,-0.500000,-0.500000,0.500000,1500.0000,0.091480,160.867526,extrusion,43,969
-717.5360,-232.2420,-531.3000,0.500000,-0.500000,-0.500000,0.500000,1500.0000,1.090920,160.875272,extrusion,43,970
-716.7470,-232.1770,-531.3000,0.500000,-0.500000,-0.500000,0.500000,1500.0000,0.084910,160.880836,extrusion,43,971
-709.4900,-239.4350,-531.3000,0.500000,-0.500000,-0.500000,0.500000,1500.0000,1.100770,160.873978,extrusion,43,972
-708.6370,-239.4350,-531.3000,0.500000,-0.500000,-0.500000,0.500000,1500.0000,0.091480,160.867526,extrusion,43,973
-716.0370,-232.0340,-531.3000,0.500000,-0.500000,-0.500000,0.500000,1500.0000,1.122460,160.874078,extrusion,43,974
-715.3750,-231.8430,-531.3000,0.500000,-0.500000,-0.500000,0.500000,1500.0000,0.073900,160.884663,extrusion,43,975
-707.7830,-239.4350,-531.3000,0.500000,-0.500000,-0.500000,0.500000,1500.0000,1.151510,160.874709,extrusion,43,976
-706.9300,-239.4350,-531.3000,0.500000,-0.500000,-0.500000,0.500000,1500.0000,0.091480,160.867526,extrusion,43,977
-714.7880,-231.5760,-531.3000,0.500000,-0.500000,-0.500000,0.500000,1500.0000,1.191930,160.874553,extrusion,43,978
-714.2320,-231.2790,-531.3000,0.500000,-0.500000,-0.500000,0.500000,1500.0000,0.067610,160.886024,extrusion,43,979
-706.0770,-239.4350,-531.3000,0.500000,-0.500000,-0.500000,0.500000,1500.0000,1.236980,160.874921,extrusion,43,980
-705.2230,-239.4350,-531.3000,0.500000,-0.500000,-0.500000,0.500000,1500.0000,0.091590,160.872365,extrusion,43,981
-713.7300,-230.9280,-531.3000,0.500000,-0.500000,-0.500000,0.500000,1500.0000,1.290290,160.874481,extrusion,43,982
-713.2660,-230.5380,-531.3000,0.500000,-0.500000,-0.500000,0.500000,1500.0000,0.065010,160.880799,extrusion,43,983
-704.3700,-239.4350,-531.3000,0.500000,-0.500000,-0.500000,0.500000,1500.0000,1.349370,160.874840,extrusion,43,984
-703.5160,-239.4350,-531.3000,0.500000,-0.500000,-0.500000,0.500000,1500.0000,0.091590,160.872365,extrusion,43,985
-712.8390,-230.1120,-531.3000,0.500000,-0.500000,-0.500000,0.500000,1500.0000,1.414060,160.874946,extrusion,43,986
-712.4630,-229.6350,-531.3000,0.500000,-0.500000,-0.500000,0.500000,1500.0000,0.065140,160.872475,extrusion,43,987
-702.6630,-239.4350,-531.3000,0.500000,-0.500000,-0.500000,0.500000,1500.0000,1.486410,160.875090,extrusion,43,988
-701.8100,-239.4350,-531.3000,0.500000,-0.500000,-0.500000,0.500000,1500.0000,0.091480,160.867526,extrusion,43,989
-712.1140,-229.1310,-531.3000,0.500000,-0.500000,-0.500000,0.500000,1500.0000,1.562850,160.874685,extrusion,43,990
-711.8260,-228.5650,-531.3000,0.500000,-0.500000,-0.500000,0.500000,1500.0000,0.068110,160.874803,extrusion,43,991
-700.9560,-239.4350,-531.3000,0.500000,-0.500000,-0.500000,0.500000,1500.0000,1.648700,160.874924,extrusion,43,992
-700.1030,-239.4350,-531.3000,0.500000,-0.500000,-0.500000,0.500000,1500.0000,0.091480,160.867526,extrusion,43,993
-711.5650,-227.9730,-531.3000,0.500000,-0.500000,-0.500000,0.500000,1500.0000,1.738490,160.874813,extrusion,43,994
-711.3830,-227.3010,-531.3000,0.500000,-0.500000,-0.500000,0.500000,1500.0000,0.074670,160.878244,extrusion,43,995
-699.2500,-239.4350,-531.3000,0.500000,-0.500000,-0.500000,0.500000,1500.0000,1.840340,160.874879,extrusion,43,996
-699.0070,-238.8240,-531.3000,0.500000,-0.500000,-0.500000,0.500000,1500.0000,0.070520,160.870268,extrusion,43,997
-711.2580,-226.5730,-531.3000,0.500000,-0.500000,-0.500000,0.500000,1500.0000,1.858160,160.874729,extrusion,43,998
-711.4220,-225.5200,-531.3000,0.500000,-0.500000,-0.500000,0.500000,1500.0000,0.114300,160.880986,extrusion,43,999
-711.4830,-225.5030,-531.3000,0.500000,-0.500000,-0.500000,0.500000,1500.0000,0.005740,135.966202,extrusion,43,1001
-711.5290,-225.5480,-531.3000,0.500000,-0.500000,-0.500000,0.500000,1500.0000,0.005830,135.896164,extrusion,43,1002
-711.5120,-225.6100,-531.3000,0.500000,-0.500000,-0.500000,0.500000,1500.0000,0.005830,136.027624,extrusion,43,1003
-711.4500,-225.6270,-531.3000,0.500000,-0.500000,-0.500000,0.500000,1500.0000,0.005830,136.027624,extrusion,43,1004
-711.4050,-225.5810,-531.3000,0.500000,-0.500000,-0.500000,0.500000,1500.0000,0.005830,135.896164,extrusion,43,1005
-711.3020,-225.6800,-531.3000,0.500000,-0.500000,-0.500000,0.500000,1500.0000,0.014140,148.463319,extrusion,43,1007
-699.0070,-237.9710,-531.3000,0.500000,-0.500000,-0.500000,0.500000,1500.0000,1.864530,160.874700,extrusion,43,1009
-699.0070,-237.1170,-531.3000,0.500000,-0.500000,-0.500000,0.500000,1500.0000,0.091590,160.872365,extrusion,43,1010
-711.2810,-224.8430,-531.3000,0.500000,-0.500000,-0.500000,0.500000,1500.0000,1.861650,160.874858,extrusion,43,1011
-711.8130,-223.2330,-531.3000,0.500000,-0.500000,-0.500000,0.500000,900.0000,0.000000,0.000000,travel,44,1013
-711.8750,-223.2170,-531.3000,0.500000,-0.500000,-0.500000,0.500000,1500.0000,0.005800,135.871173,extrusion,45,1016
-711.9200,-223.2620,-531.3000,0.500000,-0.500000,-0.500000,0.500000,1500.0000,0.005770,136.000204,extrusion,45,1017
-711.9030,-223.3240,-531.3000,0.500000,-0.500000,-0.500000,0.500000,1500.0000,0.005830,136.027624,extrusion,45,1018
-711.8420,-223.3400,-531.3000,0.500000,-0.500000,-0.500000,0.500000,1500.0000,0.005720,136.053429,extrusion,45,1019
-711.7960,-223.2950,-531.3000,0.500000,-0.500000,-0.500000,0.500000,1500.0000,0.005830,135.896164,extrusion,45,1020
-711.6810,-223.5000,-531.3000,0.500000,-0.500000,-0.500000,0.500000,1500.0000,0.023260,148.434491,extrusion,45,1022
-711.5660,-223.7050,-531.3000,0.500000,-0.500000,-0.500000,0.500000,1500.0000,0.025210,160.878483,extrusion,45,1024
-699.0070,-236.2640,-531.3000,0.500000,-0.500000,-0.500000,0.500000,1500.0000,1.904870,160.874253,extrusion,45,1025
-699.0070,-235.4110,-531.3000,0.500000,-0.500000,-0.500000,0.500000,1500.0000,0.091480,160.867526,extrusion,45,1026
-712.7250,-221.6930,-531.3000,0.500000,-0.500000,-0.500000,0.500000,1500.0000,2.080660,160.874267,extrusion,45,1027
-722.8190,-229.5190,-531.3000,0.500000,-0.500000,-0.500000,0.500000,900.0000,0.000000,0.000000,travel,46,1030
-736.1950,-216.1430,-531.3000,0.500000,-0.500000,-0.500000,0.500000,1500.0000,2.028790,160.874458,extrusion,47,1032
-736.1950,-215.2900,-531.3000,0.500000,-0.500000,-0.500000,0.500000,1500.0000,0.091480,160.867526,extrusion,47,1033
-723.6830,-227.8020,-531.3000,0.500000,-0.500000,-0.500000,0.500000,1500.0000,1.897750,160.874987,extrusion,47,1034
-723.5430,-227.8830,-531.3000,0.500000,-0.500000,-0.500000,0.500000,1500.0000,0.017350,160.902787,extrusion,47,1035
-723.4030,-227.9640,-531.3000,0.500000,-0.500000,-0.500000,0.500000,1500.0000,0.016000,148.382974,extrusion,47,1037
-723.4100,-228.2290,-531.3000,0.500000,-0.500000,-0.500000,0.500000,1500.0000,0.024030,135.971439,extrusion,47,1039
-723.4050,-227.9610,-531.3000,0.500000,-0.500000,-0.500000,0.500000,1500.0000,0.024300,135.983799,extrusion,47,1040
-723.9320,-226.6990,-531.3000,0.500000,-0.500000,-0.500000,0.500000,900.0000,0.000000,0.000000,travel,48,1042
-736.1950,-214.4370,-531.3000,0.500000,-0.500000,-0.500000,0.500000,1500.0000,1.859900,160.874361,extrusion,49,1045
-736.1950,-213.5830,-531.3000,0.500000,-0.500000,-0.500000,0.500000,1500.0000,0.091590,160.872365,extrusion,49,1046
-724.0020,-225.7760,-531.3000,0.500000,-0.500000,-0.500000,0.500000,1500.0000,1.849360,160.874477,extrusion,49,1047
-723.9330,-224.9920,-531.3000,0.500000,-0.500000,-0.500000,0.500000,1500.0000,0.084410,160.876867,extrusion,49,1048
-736.1950,-212.7300,-531.3000,0.500000,-0.500000,-0.500000,0.500000,1500.0000,1.859830,160.874866,extrusion,49,1049
-736.1950,-211.8770,-531.3000,0.500000,-0.500000,-0.500000,0.500000,1500.0000,0.091480,160.867526,extrusion,49,1050
-723.7920,-224.2790,-531.3000,0.500000,-0.500000,-0.500000,0.500000,1500.0000,1.881140,160.874846,extrusion,49,1051
-723.6030,-223.6150,-531.3000,0.500000,-0.500000,-0.500000,0.500000,1500.0000,0.074040,160.869201,extrusion,49,1052
-736.1950,-211.0230,-531.3000,0.500000,-0.500000,-0.500000,0.500000,1500.0000,1.909880,160.874654,extrusion,49,1053
-736.1950,-210.1700,-531.3000,0.500000,-0.500000,-0.500000,0.500000,1500.0000,0.091480,160.867526,extrusion,49,1054
-723.3350,-223.0300,-531.3000,0.500000,-0.500000,-0.500000,0.500000,1500.0000,1.950530,160.874766,extrusion,49,1055
-723.0370,-222.4750,-531.3000,0.500000,-0.500000,-0.500000,0.500000,1500.0000,0.067560,160.871532,extrusion,49,1056
-736.1950,-209.3160,-531.3000,0.500000,-0.500000,-0.500000,0.500000,1500.0000,1.995800,160.874383,extrusion,49,1057
-736.1950,-208.4630,-531.3000,0.500000,-0.500000,-0.500000,0.500000,1500.0000,0.091480,160.867526,extrusion,49,1058
-722.6870,-221.9710,-531.3000,0.500000,-0.500000,-0.500000,0.500000,1500.0000,2.048810,160.874383,extrusion,49,1059
-722.2990,-221.5060,-531.3000,0.500000,-0.500000,-0.500000,0.500000,1500.0000,0.064950,160.869645,extrusion,49,1060
-736.1950,-207.6100,-531.3000,0.500000,-0.500000,-0.500000,0.500000,1500.0000,2.107660,160.874426,extrusion,49,1061
-736.1950,-206.7560,-531.3000,0.500000,-0.500000,-0.500000,0.500000,1500.0000,0.091590,160.872365,extrusion,49,1062
-721.8720,-221.0790,-531.3000,0.500000,-0.500000,-0.500000,0.500000,1500.0000,2.172430,160.874815,extrusion,49,1063
-721.3960,-220.7020,-531.3000,0.500000,-0.500000,-0.500000,0.500000,1500.0000,0.065120,160.866694,extrusion,49,1064
-736.1950,-205.9030,-531.3000,0.500000,-0.500000,-0.500000,0.500000,1500.0000,2.244620,160.874318,extrusion,49,1065
-736.1950,-205.0500,-531.3000,0.500000,-0.500000,-0.500000,0.500000,1500.0000,0.091480,160.867526,extrusion,49,1066
-720.8930,-220.3510,-531.3000,0.500000,-0.500000,-0.500000,0.500000,1500.0000,2.320840,160.874591,extrusion,49,1067
-720.3230,-220.0680,-531.3000,0.500000,-0.500000,-0.500000,0.500000,1500.0000,0.068250,160.868977,extrusion,49,1068
-736.1950,-204.1960,-531.3000,0.500000,-0.500000,-0.500000,0.500000,1500.0000,2.407370,160.874589,extrusion,49,1069
-736.1950,-203.3430,-531.3000,0.500000,-0.500000,-0.500000,0.500000,1500.0000,0.091480,160.867526,extrusion,49,1070
-719.7310,-219.8070,-531.3000,0.500000,-0.500000,-0.500000,0.500000,1500.0000,2.497160,160.874523,extrusion,49,1071
-719.0590,-219.6250,-531.3000,0.500000,-0.500000,-0.500000,0.500000,1500.0000,0.074670,160.878244,extrusion,49,1072
-736.1950,-202.4890,-531.3000,0.500000,-0.500000,-0.500000,0.500000,1500.0000,2.599090,160.874839,extrusion,49,1073
-736.1950,-201.6360,-531.3000,0.500000,-0.500000,-0.500000,0.500000,1500.0000,0.091480,160.867526,extrusion,49,1074
-718.3330,-219.4980,-531.3000,0.500000,-0.500000,-0.500000,0.500000,1500.0000,2.709200,160.874512,extrusion,49,1075
-717.5380,-219.4390,-531.3000,0.500000,-0.500000,-0.500000,0.500000,1500.0000,0.085500,160.878329,extrusion,49,1076
-736.1950,-200.7830,-531.3000,0.500000,-0.500000,-0.500000,0.500000,1500.0000,2.829710,160.874799,extrusion,49,1077
-736.1950,-199.9290,-531.3000,0.500000,-0.500000,-0.500000,0.500000,1500.0000,0.091590,160.872365,extrusion,49,1078
-716.6030,-219.5210,-531.3000,0.500000,-0.500000,-0.500000,0.500000,1500.0000,2.971600,160.874733,extrusion,49,1079
-714.9770,-220.1170,-531.3000,0.500000,-0.500000,-0.500000,0.500000,900.0000,0.000000,0.000000,travel,50,1081
-715.0220,-220.1620,-531.3000,0.500000,-0.500000,-0.500000,0.500000,1500.0000,0.005770,136.000204,extrusion,51,1084
-715.0840,-220.1460,-531.3000,0.500000,-0.500000,-0.500000,0.500000,1500.0000,0.005800,135.871173,extrusion,51,1085
-715.1000,-220.0840,-531.3000,0.500000,-0.500000,-0.500000,0.500000,1500.0000,0.005800,135.871173,extrusion,51,1086
-715.0550,-220.0390,-531.3000,0.500000,-0.500000,-0.500000,0.500000,1500.0000,0.005770,136.000204,extrusion,51,1087
-714.9930,-220.0550,-531.3000,0.500000,-0.500000,-0.500000,0.500000,1500.0000,0.005800,135.871173,extrusion,51,1088
-715.2290,-219.9300,-531.3000,0.500000,-0.500000,-0.500000,0.500000,1500.0000,0.026420,148.393665,extrusion,51,1090
-715.4650,-219.8050,-531.3000,0.500000,-0.500000,-0.500000,0.500000,1500.0000,0.028640,160.862777,extrusion,51,1092
-736.1950,-199.0760,-531.3000,0.500000,-0.500000,-0.500000,0.500000,1500.0000,3.144130,160.874766,extrusion,51,1093
-736.3100,-197.8120,-531.3000,0.500000,-0.500000,-0.500000,0.500000,900.0000,0.000000,0.000000,travel,52,1095
-736.3550,-197.8570,-531.3000,0.500000,-0.500000,-0.500000,0.500000,1500.0000,0.005770,136.000204,extrusion,53,1098
-736.4170,-197.8410,-531.3000,0.500000,-0.500000,-0.500000,0.500000,1500.0000,0.005800,135.871173,extrusion,53,1099
-736.4330,-197.7790,-531.3000,0.500000,-0.500000,-0.500000,0.500000,1500.0000,0.005800,135.871173,extrusion,53,1100
-736.3880,-197.7340,-531.3000,0.500000,-0.500000,-0.500000,0.500000,1500.0000,0.005770,136.000204,extrusion,53,1101
-736.3260,-197.7510,-531.3000,0.500000,-0.500000,-0.500000,0.500000,1500.0000,0.005830,136.027624,extrusion,53,1102
-736.2610,-197.9870,-531.3000,0.500000,-0.500000,-0.500000,0.500000,1500.0000,0.024220,148.414342,extrusion,53,1104
-736.1950,-198.2230,-531.3000,0.500000,-0.500000,-0.500000,0.500000,1500.0000,0.026280,160.861784,extrusion,53,1106
-713.4900,-220.9270,-531.3000,0.500000,-0.500000,-0.500000,0.500000,1500.0000,3.443680,160.874462,extrusion,53,1107
-699.0070,-234.5570,-531.3000,0.500000,-0.500000,-0.500000,0.500000,900.0000,0.000000,0.000000,travel,54,1110
-736.2930,-197.2620,-531.3000,0.500000,-0.500000,-0.500000,0.500000,1500.0000,5.656000,160.874590,extrusion,55,1112
-736.3910,-197.1540,-531.3000,0.500000,-0.500000,-0.500000,0.500000,1500.0000,0.014430,148.420628,extrusion,55,1114
-736.4360,-197.1990,-531.3000,0.500000,-0.500000,-0.500000,0.500000,1500.0000,0.005770,136.000204,extrusion,55,1116
-736.4970,-197.1830,-531.3000,0.500000,-0.500000,-0.500000,0.500000,1500.0000,0.005720,136.053429,extrusion,55,1117
-736.5140,-197.1210,-531.3000,0.500000,-0.500000,-0.500000,0.500000,1500.0000,0.005830,136.027624,extrusion,55,1118
-736.4690,-197.0760,-531.3000,0.500000,-0.500000,-0.500000,0.500000,1500.0000,0.005770,136.000204,extrusion,55,1119
-736.4070,-197.0920,-531.3000,0.500000,-0.500000,-0.500000,0.500000,1500.0000,0.005800,135.871173,extrusion,55,1120
-736.1950,-196.5160,-531.3000,0.500000,-0.500000,-0.500000,0.500000,1500.0000,0.065830,160.881377,extrusion,55,1122
-699.0070,-233.7040,-531.3000,0.500000,-0.500000,-0.500000,0.500000,1500.0000,5.640450,160.874494,extrusion,55,1123
-699.0070,-232.8500,-531.3000,0.500000,-0.500000,-0.500000,0.500000,1500.0000,0.091590,160.872365,extrusion,55,1124
-736.1950,-195.6620,-531.3000,0.500000,-0.500000,-0.500000,0.500000,1500.0000,5.640450,160.874494,extrusion,55,1125
-736.1950,-194.8090,-531.3000,0.500000,-0.500000,-0.500000,0.500000,1500.0000,0.091480,160.867526,extrusion,55,1126
-699.0070,-231.9970,-531.3000,0.500000,-0.500000,-0.500000,0.500000,1500.0000,5.640450,160.874494,extrusion,55,1127
-699.0070,-231.1440,-531.3000,0.500000,-0.500000,-0.500000,0.500000,1500.0000,0.091480,160.867526,extrusion,55,1128
-736.1950,-193.9560,-531.3000,0.500000,-0.500000,-0.500000,0.500000,1500.0000,5.640450,160.874494,extrusion,55,1129
-736.1950,-193.1020,-531.3000,0.500000,-0.500000,-0.500000,0.500000,1500.0000,0.091590,160.872365,extrusion,55,1130
-699.0070,-230.2900,-531.3000,0.500000,-0.500000,-0.500000,0.500000,1500.0000,5.640450,160.874494,extrusion,55,1131
-699.0070,-229.4370,-531.3000,0.500000,-0.500000,-0.500000,0.500000,1500.0000,0.091480,160.867526,extrusion,55,1132
-736.1950,-192.2490,-531.3000,0.500000,-0.500000,-0.500000,0.500000,1500.0000,5.640450,160.874494,extrusion,55,1133
-736.1950,-191.3960,-531.3000,0.500000,-0.500000,-0.500000,0.500000,1500.0000,0.091480,160.867526,extrusion,55,1134
-699.0070,-228.5840,-531.3000,0.500000,-0.500000,-0.500000,0.500000,1500.0000,5.640450,160.874494,extrusion,55,1135
-699.0070,-227.7300,-531.3000,0.500000,-0.500000,-0.500000,0.500000,1500.0000,0.091590,160.872365,extrusion,55,1136
-736.1950,-190.5420,-531.3000,0.500000,-0.500000,-0.500000,0.500000,1500.0000,5.640450,160.874494,extrusion,55,1137
-736.1950,-189.6890,-531.3000,0.500000,-0.500000,-0.500000,0.500000,1500.0000,0.091480,160.867526,extrusion,55,1138
-699.0070,-226.8770,-531.3000,0.500000,-0.500000,-0.500000,0.500000,1500.0000,5.640450,160.874494,extrusion,55,1139
-699.0070,-226.0230,-531.3000,0.500000,-0.500000,-0.500000,0.500000,1500.0000,0.091590,160.872365,extrusion,55,1140
-736.1950,-188.8350,-531.3000,0.500000,-0.500000,-0.500000,0.500000,1500.0000,5.640450,160.874494,extrusion,55,1141
-736.1950,-187.9820,-531.3000,0.500000,-0.500000,-0.500000,0.500000,1500.0000,0.091480,160.867526,extrusion,55,1142
-699.0070,-225.1700,-531.3000,0.500000,-0.500000,-0.500000,0.500000,1500.0000,5.640450,160.874494,extrusion,55,1143
-699.0070,-224.3170,-531.3000,0.500000,-0.500000,-0.500000,0.500000,1500.0000,0.091480,160.867526,extrusion,55,1144
-736.1950,-187.1290,-531.3000,0.500000,-0.500000,-0.500000,0.500000,1500.0000,5.640450,160.874494,extrusion,55,1145
-736.1950,-186.2750,-531.3000,0.500000,-0.500000,-0.500000,0.500000,1500.0000,0.091590,160.872365,extrusion,55,1146
-699.0070,-223.4630,-531.3000,0.500000,-0.500000,-0.500000,0.500000,1500.0000,5.640450,160.874494,extrusion,55,1147
-699.0070,-222.6100,-531.3000,0.500000,-0.500000,-0.500000,0.500000,1500.0000,0.091480,160.867526,extrusion,55,1148
-736.1950,-185.4220,-531.3000,0.500000,-0.500000,-0.500000,0.500000,1500.0000,5.640450,160.874494,extrusion,55,1149
-736.1950,-184.5690,-531.3000,0.500000,-0.500000,-0.500000,0.500000,1500.0000,0.091480,160.867526,extrusion,55,1150
-699.0070,-221.7570,-531.3000,0.500000,-0.500000,-0.500000,0.500000,1500.0000,5.640450,160.874494,extrusion,55,1151
-699.0070,-220.9030,-531.3000,0.500000,-0.500000,-0.500000,0.500000,1500.0000,0.091590,160.872365,extrusion,55,1152
-736.1950,-183.7150,-531.3000,0.500000,-0.500000,-0.500000,0.500000,1500.0000,5.640450,160.874494,extrusion,55,1153
-736.1950,-182.8620,-531.3000,0.500000,-0.500000,-0.500000,0.500000,1500.0000,0.091480,160.867526,extrusion,55,1154
-699.0070,-220.0500,-531.3000,0.500000,-0.500000,-0.500000,0.500000,1500.0000,5.640450,160.874494,extrusion,55,1155
-699.0070,-219.1960,-531.3000,0.500000,-0.500000,-0.500000,0.500000,1500.0000,0.091590,160.872365,extrusion,55,1156
-736.1950,-182.0080,-531.3000,0.500000,-0.500000,-0.500000,0.500000,1500.0000,5.640450,160.874494,extrusion,55,1157
-736.1950,-181.1550,-531.3000,0.500000,-0.500000,-0.500000,0.500000,1500.0000,0.091480,160.867526,extrusion,55,1158
-699.0070,-218.3430,-531.3000,0.500000,-0.500000,-0.500000,0.500000,1500.0000,5.640450,160.874494,extrusion,55,1159
-699.0070,-217.4900,-531.3000,0.500000,-0.500000,-0.500000,0.500000,1500.0000,0.091480,160.867526,extrusion,55,1160
-736.1950,-180.3020,-531.3000,0.500000,-0.500000,-0.500000,0.500000,1500.0000,5.640450,160.874494,extrusion,55,1161
-736.1950,-179.4480,-531.3000,0.500000,-0.500000,-0.500000,0.500000,1500.0000,0.091590,160.872365,extrusion,55,1162
-699.0070,-216.6360,-531.3000,0.500000,-0.500000,-0.500000,0.500000,1500.0000,5.640450,160.874494,extrusion,55,1163
-699.0070,-215.7830,-531.3000,0.500000,-0.500000,-0.500000,0.500000,1500.0000,0.091480,160.867526,extrusion,55,1164
-736.1950,-178.5950,-531.3000,0.500000,-0.500000,-0.500000,0.500000,1500.0000,5.640450,160.874494,extrusion,55,1165
-736.1950,-177.7410,-531.3000,0.500000,-0.500000,-0.500000,0.500000,1500.0000,0.091590,160.872365,extrusion,55,1166
-699.0070,-214.9290,-531.3000,0.500000,-0.500000,-0.500000,0.500000,1500.0000,5.640450,160.874494,extrusion,55,1167
-699.0070,-214.0760,-531.3000,0.500000,-0.500000,-0.500000,0.500000,1500.0000,0.091480,160.867526,extrusion,55,1168
-736.1950,-176.8880,-531.3000,0.500000,-0.500000,-0.500000,0.500000,1500.0000,5.640450,160.874494,extrusion,55,1169
-736.1950,-176.0350,-531.3000,0.500000,-0.500000,-0.500000,0.500000,1500.0000,0.091480,160.867526,extrusion,55,1170
-699.0070,-213.2230,-531.3000,0.500000,-0.500000,-0.500000,0.500000,1500.0000,5.640450,160.874494,extrusion,55,1171
-699.0070,-212.3690,-531.3000,0.500000,-0.500000,-0.500000,0.500000,1500.0000,0.091590,160.872365,extrusion,55,1172
-736.1950,-175.1810,-531.3000,0.500000,-0.500000,-0.500000,0.500000,1500.0000,5.640450,160.874494,extrusion,55,1173
-736.1950,-174.3280,-531.3000,0.500000,-0.500000,-0.500000,0.500000,1500.0000,0.091480,160.867526,extrusion,55,1174
-699.0070,-211.5160,-531.3000,0.500000,-0.500000,-0.500000,0.500000,1500.0000,5.640450,160.874494,extrusion,55,1175
-699.0070,-210.6630,-531.3000,0.500000,-0.500000,-0.500000,0.500000,1500.0000,0.091480,160.867526,extrusion,55,1176
-736.1950,-173.4750,-531.3000,0.500000,-0.500000,-0.500000,0.500000,1500.0000,5.640450,160.874494,extrusion,55,1177
-736.1950,-172.6210,-531.3000,0.500000,-0.500000,-0.500000,0.500000,1500.0000,0.091590,160.872365,extrusion,55,1178
-699.0070,-209.8090,-531.3000,0.500000,-0.500000,-0.500000,0.500000,1500.0000,5.640450,160.874494,extrusion,55,1179
-699.0070,-208.9560,-531.3000,0.500000,-0.500000,-0.500000,0.500000,1500.0000,0.091480,160.867526,extrusion,55,1180
-736.1950,-171.7680,-531.3000,0.500000,-0.500000,-0.500000,0.500000,1500.0000,5.640450,160.874494,extrusion,55,1181
-736.1950,-170.9140,-531.3000,0.500000,-0.500000,-0.500000,0.500000,1500.0000,0.091590,160.872365,extrusion,55,1182
-699.0070,-208.1020,-531.3000,0.500000,-0.500000,-0.500000,0.500000,1500.0000,5.640450,160.874494,extrusion,55,1183
-699.0070,-207.2490,-531.3000,0.500000,-0.500000,-0.500000,0.500000,1500.0000,0.091480,160.867526,extrusion,55,1184
-736.1950,-170.0610,-531.3000,0.500000,-0.500000,-0.500000,0.500000,1500.0000,5.640450,160.874494,extrusion,55,1185
-736.1950,-169.2080,-531.3000,0.500000,-0.500000,-0.500000,0.500000,1500.0000,0.091480,160.867526,extrusion,55,1186
-699.0070,-206.3960,-531.3000,0.500000,-0.500000,-0.500000,0.500000,1500.0000,5.640450,160.874494,extrusion,55,1187
-699.0070,-205.5420,-531.3000,0.500000,-0.500000,-0.500000,0.500000,1500.0000,0.091590,160.872365,extrusion,55,1188
-736.1950,-168.3540,-531.3000,0.500000,-0.500000,-0.500000,0.500000,1500.0000,5.640450,160.874494,extrusion,55,1189
-736.1950,-167.5010,-531.3000,0.500000,-0.500000,-0.500000,0.500000,1500.0000,0.091480,160.867526,extrusion,55,1190
-699.0070,-204.6890,-531.3000,0.500000,-0.500000,-0.500000,0.500000,1500.0000,5.640450,160.874494,extrusion,55,1191
-699.0070,-203.8360,-531.3000,0.500000,-0.500000,-0.500000,0.500000,1500.0000,0.091480,160.867526,extrusion,55,1192
-736.1950,-166.6480,-531.3000,0.500000,-0.500000,-0.500000,0.500000,1500.0000,5.640450,160.874494,extrusion,55,1193
-736.2610,-166.4120,-531.3000,0.500000,-0.500000,-0.500000,0.500000,1500.0000,0.026280,160.861784,extrusion,55,1194
-736.3260,-166.1760,-531.3000,0.500000,-0.500000,-0.500000,0.500000,1500.0000,0.024220,148.414342,extrusion,55,1196
-736.3880,-166.1590,-531.3000,0.500000,-0.500000,-0.500000,0.500000,1500.0000,0.005830,136.027624,extrusion,55,1198
-736.4330,-166.2040,-531.3000,0.500000,-0.500000,-0.500000,0.500000,1500.0000,0.005770,136.000204,extrusion,55,1199
-736.4170,-166.2660,-531.3000,0.500000,-0.500000,-0.500000,0.500000,1500.0000,0.005800,135.871173,extrusion,55,1200
-736.3550,-166.2820,-531.3000,0.500000,-0.500000,-0.500000,0.500000,1500.0000,0.005800,135.871173,extrusion,55,1201
-736.3100,-166.2370,-531.3000,0.500000,-0.500000,-0.500000,0.500000,1500.0000,0.005770,136.000204,extrusion,55,1202
-723.0170,-179.0880,-531.3000,0.500000,-0.500000,-0.500000,0.500000,900.0000,0.000000,0.000000,travel,56,1205
-722.3020,-179.9290,-531.3000,0.500000,-0.500000,-0.500000,0.500000,1500.0000,0.100060,135.968380,extrusion,57,1207
-721.5430,-180.6760,-531.3000,0.500000,-0.500000,-0.500000,0.500000,1500.0000,0.096530,135.965838,extrusion,57,1208
-720.8480,-181.2590,-531.3000,0.500000,-0.500000,-0.500000,0.500000,1500.0000,0.082230,135.970384,extrusion,57,1209
-720.6350,-181.4130,-531.3000,0.500000,-0.500000,-0.500000,0.500000,1500.0000,0.026010,148.436167,extrusion,57,1211
-720.4210,-181.5680,-531.3000,0.500000,-0.500000,-0.500000,0.500000,1500.0000,0.028340,160.878524,extrusion,57,1213
-699.0070,-202.9820,-531.3000,0.500000,-0.500000,-0.500000,0.500000,1500.0000,3.247950,160.874718,extrusion,57,1214
-699.0070,-202.1290,-531.3000,0.500000,-0.500000,-0.500000,0.500000,1500.0000,0.091480,160.867526,extrusion,57,1215
-719.0830,-182.0530,-531.3000,0.500000,-0.500000,-0.500000,0.500000,1500.0000,3.045010,160.874718,extrusion,57,1216
-719.2640,-181.9380,-531.3000,0.500000,-0.500000,-0.500000,0.500000,1500.0000,0.023000,160.881563,extrusion,57,1217
-719.4460,-181.8230,-531.3000,0.500000,-0.500000,-0.500000,0.500000,1500.0000,0.021300,148.405733,extrusion,57,1219
-719.4910,-181.8680,-531.3000,0.500000,-0.500000,-0.500000,0.500000,1500.0000,0.005770,136.000204,extrusion,57,1221
-719.5520,-181.8520,-531.3000,0.500000,-0.500000,-0.500000,0.500000,1500.0000,0.005720,136.053429,extrusion,57,1222
-719.5690,-181.7900,-531.3000,0.500000,-0.500000,-0.500000,0.500000,1500.0000,0.005830,136.027624,extrusion,57,1223
-719.5240,-181.7450,-531.3000,0.500000,-0.500000,-0.500000,0.500000,1500.0000,0.005770,136.000204,extrusion,57,1224
-719.4620,-181.7620,-531.3000,0.500000,-0.500000,-0.500000,0.500000,1500.0000,0.005830,136.027624,extrusion,57,1225
-718.0760,-182.2060,-531.3000,0.500000,-0.500000,-0.500000,0.500000,900.0000,0.000000,0.000000,travel,58,1227
-699.0070,-201.2750,-531.3000,0.500000,-0.500000,-0.500000,0.500000,1500.0000,2.892270,160.874487,extrusion,59,1230
-699.0070,-200.4220,-531.3000,0.500000,-0.500000,-0.500000,0.500000,1500.0000,0.091480,160.867526,extrusion,59,1231
-717.2150,-182.2140,-531.3000,0.500000,-0.500000,-0.500000,0.500000,1500.0000,2.761680,160.874560,extrusion,59,1232
-716.4390,-182.1370,-531.3000,0.500000,-0.500000,-0.500000,0.500000,1500.0000,0.083630,160.865928,extrusion,59,1233
-699.0070,-199.5690,-531.3000,0.500000,-0.500000,-0.500000,0.500000,1500.0000,2.643980,160.874500,extrusion,59,1234
-699.0070,-198.7150,-531.3000,0.500000,-0.500000,-0.500000,0.500000,1500.0000,0.091590,160.872365,extrusion,59,1235
-715.7630,-181.9590,-531.3000,0.500000,-0.500000,-0.500000,0.500000,1500.0000,2.541450,160.874600,extrusion,59,1236
-715.1320,-181.7370,-531.3000,0.500000,-0.500000,-0.500000,0.500000,1500.0000,0.071740,160.872867,extrusion,59,1237
-699.0070,-197.8620,-531.3000,0.500000,-0.500000,-0.500000,0.500000,1500.0000,2.445740,160.874357,extrusion,59,1238
-699.0070,-197.0090,-531.3000,0.500000,-0.500000,-0.500000,0.500000,1500.0000,0.091480,160.867526,extrusion,59,1239
-714.5500,-181.4650,-531.3000,0.500000,-0.500000,-0.500000,0.500000,1500.0000,2.357550,160.874924,extrusion,59,1240
-714.0280,-181.1340,-531.3000,0.500000,-0.500000,-0.500000,0.500000,1500.0000,0.066290,160.872577,extrusion,59,1241
-699.0070,-196.1550,-531.3000,0.500000,-0.500000,-0.500000,0.500000,1500.0000,2.278300,160.874913,extrusion,59,1242
-699.0070,-195.3020,-531.3000,0.500000,-0.500000,-0.500000,0.500000,1500.0000,0.091480,160.867526,extrusion,59,1243
-713.5280,-180.7810,-531.3000,0.500000,-0.500000,-0.500000,0.500000,1500.0000,2.202460,160.874706,extrusion,59,1244
-713.0930,-180.3620,-531.3000,0.500000,-0.500000,-0.500000,0.500000,1500.0000,0.064780,160.884099,extrusion,59,1245
-699.0070,-194.4480,-531.3000,0.500000,-0.500000,-0.500000,0.500000,1500.0000,2.136480,160.874574,extrusion,59,1246
-699.0070,-193.5950,-531.3000,0.500000,-0.500000,-0.500000,0.500000,1500.0000,0.091480,160.867526,extrusion,59,1247
-712.6740,-179.9280,-531.3000,0.500000,-0.500000,-0.500000,0.500000,1500.0000,2.072930,160.874683,extrusion,59,1248
-712.3190,-179.4290,-531.3000,0.500000,-0.500000,-0.500000,0.500000,1500.0000,0.065680,160.876909,extrusion,59,1249
-699.0070,-192.7420,-531.3000,0.500000,-0.500000,-0.500000,0.500000,1500.0000,2.019160,160.874561,extrusion,59,1250
-699.0070,-191.8880,-531.3000,0.500000,-0.500000,-0.500000,0.500000,1500.0000,0.091590,160.872365,extrusion,59,1251
-711.9880,-178.9070,-531.3000,0.500000,-0.500000,-0.500000,0.500000,1500.0000,1.968880,160.874555,extrusion,59,1252
-711.7170,-178.3250,-531.3000,0.500000,-0.500000,-0.500000,0.500000,1500.0000,0.068850,160.864291,extrusion,59,1253
-699.0070,-191.0350,-531.3000,0.500000,-0.500000,-0.500000,0.500000,1500.0000,1.927780,160.874860,extrusion,59,1254
-699.0070,-190.1820,-531.3000,0.500000,-0.500000,-0.500000,0.500000,1500.0000,0.091480,160.867526,extrusion,59,1255
-711.4910,-177.6970,-531.3000,0.500000,-0.500000,-0.500000,0.500000,1500.0000,1.893570,160.874226,extrusion,59,1256
-711.3100,-177.0240,-531.3000,0.500000,-0.500000,-0.500000,0.500000,1500.0000,0.074740,160.866188,extrusion,59,1257
-699.0070,-189.3280,-531.3000,0.500000,-0.500000,-0.500000,0.500000,1500.0000,1.866120,160.874479,extrusion,59,1258
-699.0070,-188.4750,-531.3000,0.500000,-0.500000,-0.500000,0.500000,1500.0000,0.091480,160.867526,extrusion,59,1259
-711.2300,-176.2520,-531.3000,0.500000,-0.500000,-0.500000,0.500000,1500.0000,1.853910,160.874458,extrusion,59,1260
-711.2330,-175.3950,-531.3000,0.500000,-0.500000,-0.500000,0.500000,1500.0000,0.091910,160.868326,extrusion,59,1261
-699.0070,-187.6210,-531.3000,0.500000,-0.500000,-0.500000,0.500000,1500.0000,1.854370,160.874890,extrusion,59,1262
-699.0070,-186.7680,-531.3000,0.500000,-0.500000,-0.500000,0.500000,1500.0000,0.091480,160.867526,extrusion,59,1263
-711.3790,-174.3960,-531.3000,0.500000,-0.500000,-0.500000,0.500000,1500.0000,1.876510,160.874508,extrusion,59,1264
-711.5230,-174.2920,-531.3000,0.500000,-0.500000,-0.500000,0.500000,1500.0000,0.019050,160.869159,extrusion,59,1265
-711.6670,-174.1870,-531.3000,0.500000,-0.500000,-0.500000,0.500000,1500.0000,0.017630,148.387216,extrusion,59,1267
-711.6240,-173.9690,-531.3000,0.500000,-0.500000,-0.500000,0.500000,1500.0000,0.020140,135.958376,extrusion,59,1269
-723.3270,-178.6610,-531.3000,0.500000,-0.500000,-0.500000,0.500000,900.0000,0.000000,0.000000,travel,60,1272
-736.2930,-165.6870,-531.3000,0.500000,-0.500000,-0.500000,0.500000,1500.0000,1.967210,160.874418,extrusion,61,1275
-736.3910,-165.5790,-531.3000,0.500000,-0.500000,-0.500000,0.500000,1500.0000,0.014430,148.420628,extrusion,61,1277
-736.4360,-165.6240,-531.3000,0.500000,-0.500000,-0.500000,0.500000,1500.0000,0.005770,136.000204,extrusion,61,1279
-736.4970,-165.6080,-531.3000,0.500000,-0.500000,-0.500000,0.500000,1500.0000,0.005720,136.053429,extrusion,61,1280
-736.5140,-165.5460,-531.3000,0.500000,-0.500000,-0.500000,0.500000,1500.0000,0.005830,136.027624,extrusion,61,1281
-736.4690,-165.5010,-531.3000,0.500000,-0.500000,-0.500000,0.500000,1500.0000,0.005770,136.000204,extrusion,61,1282
-736.4070,-165.5170,-531.3000,0.500000,-0.500000,-0.500000,0.500000,1500.0000,0.005800,135.871173,extrusion,61,1283
-736.1950,-164.9410,-531.3000,0.500000,-0.500000,-0.500000,0.500000,1500.0000,0.065830,160.881377,extrusion,61,1285
-723.8110,-177.3250,-531.3000,0.500000,-0.500000,-0.500000,0.500000,1500.0000,1.878330,160.874501,extrusion,61,1286
-723.6660,-177.4260,-531.3000,0.500000,-0.500000,-0.500000,0.500000,1500.0000,0.018950,160.857863,extrusion,61,1287
-723.5220,-177.5270,-531.3000,0.500000,-0.500000,-0.500000,0.500000,1500.0000,0.017400,148.388898,extrusion,61,1289
-723.5640,-177.7520,-531.3000,0.500000,-0.500000,-0.500000,0.500000,1500.0000,0.020750,135.984468,extrusion,61,1291
-723.9660,-176.3160,-531.3000,0.500000,-0.500000,-0.500000,0.500000,900.0000,0.000000,0.000000,travel,62,1293
-736.1950,-164.0870,-531.3000,0.500000,-0.500000,-0.500000,0.500000,1500.0000,1.854820,160.874454,extrusion,63,1296
-736.1950,-163.2340,-531.3000,0.500000,-0.500000,-0.500000,0.500000,1500.0000,0.091480,160.867526,extrusion,63,1297
-723.9740,-175.4550,-531.3000,0.500000,-0.500000,-0.500000,0.500000,1500.0000,1.853610,160.874748,extrusion,63,1298
-723.8970,-174.6780,-531.3000,0.500000,-0.500000,-0.500000,0.500000,1500.0000,0.083740,160.872228,extrusion,63,1299
-736.1950,-162.3810,-531.3000,0.500000,-0.500000,-0.500000,0.500000,1500.0000,1.865210,160.874483,extrusion,63,1300
-736.2610,-162.2250,-531.3000,0.500000,-0.500000,-0.500000,0.500000,1500.0000,0.018170,160.903605,extrusion,63,1301
-736.3260,-162.0700,-531.3000,0.500000,-0.500000,-0.500000,0.500000,1500.0000,0.016630,148.413799,extrusion,63,1303
-736.3720,-162.1150,-531.3000,0.500000,-0.500000,-0.500000,0.500000,1500.0000,0.005830,135.896164,extrusion,63,1305
-736.4330,-162.0980,-531.3000,0.500000,-0.500000,-0.500000,0.500000,1500.0000,0.005740,135.966202,extrusion,63,1306
-736.4500,-162.0370,-531.3000,0.500000,-0.500000,-0.500000,0.500000,1500.0000,0.005740,135.966202,extrusion,63,1307
-736.4050,-161.9920,-531.3000,0.500000,-0.500000,-0.500000,0.500000,1500.0000,0.005770,136.000204,extrusion,63,1308
-736.3430,-162.0080,-531.3000,0.500000,-0.500000,-0.500000,0.500000,1500.0000,0.005800,135.871173,extrusion,63,1309
-735.4760,-162.2470,-531.3000,0.500000,-0.500000,-0.500000,0.500000,1500.0000,0.096450,160.868212,extrusion,63,1311
-723.7190,-174.0030,-531.3000,0.500000,-0.500000,-0.500000,0.500000,1500.0000,1.783160,160.874987,extrusion,63,1312
-723.4970,-173.3720,-531.3000,0.500000,-0.500000,-0.500000,0.500000,1500.0000,0.071740,160.872867,extrusion,63,1313
-734.6220,-162.2470,-531.3000,0.500000,-0.500000,-0.500000,0.500000,1500.0000,1.687370,160.874261,extrusion,63,1314
-733.7690,-162.2470,-531.3000,0.500000,-0.500000,-0.500000,0.500000,1500.0000,0.091480,160.867526,extrusion,63,1315
-723.2250,-172.7900,-531.3000,0.500000,-0.500000,-0.500000,0.500000,1500.0000,1.599180,160.875092,extrusion,63,1316
-722.8940,-172.2680,-531.3000,0.500000,-0.500000,-0.500000,0.500000,1500.0000,0.066290,160.872577,extrusion,63,1317
-732.9150,-162.2470,-531.3000,0.500000,-0.500000,-0.500000,0.500000,1500.0000,1.519930,160.875084,extrusion,63,1318
-732.0620,-162.2470,-531.3000,0.500000,-0.500000,-0.500000,0.500000,1500.0000,0.091480,160.867526,extrusion,63,1319
-722.5410,-171.7680,-531.3000,0.500000,-0.500000,-0.500000,0.500000,1500.0000,1.444090,160.874777,extrusion,63,1320
-722.1220,-171.3330,-531.3000,0.500000,-0.500000,-0.500000,0.500000,1500.0000,0.064780,160.884099,extrusion,63,1321
-731.2090,-162.2470,-531.3000,0.500000,-0.500000,-0.500000,0.500000,1500.0000,1.378190,160.875061,extrusion,63,1322
-730.3550,-162.2470,-531.3000,0.500000,-0.500000,-0.500000,0.500000,1500.0000,0.091590,160.872365,extrusion,63,1323
-721.6880,-170.9140,-531.3000,0.500000,-0.500000,-0.500000,0.500000,1500.0000,1.314560,160.874747,extrusion,63,1324
-721.1910,-170.5570,-531.3000,0.500000,-0.500000,-0.500000,0.500000,1500.0000,0.065630,160.876314,extrusion,63,1325
-729.5020,-162.2470,-531.3000,0.500000,-0.500000,-0.500000,0.500000,1500.0000,1.260490,160.874982,extrusion,63,1326
-728.6490,-162.2470,-531.3000,0.500000,-0.500000,-0.500000,0.500000,1500.0000,0.091480,160.867526,extrusion,63,1327
-720.6700,-170.2250,-531.3000,0.500000,-0.500000,-0.500000,0.500000,1500.0000,1.210130,160.874436,extrusion,63,1328
-720.0880,-169.9530,-531.3000,0.500000,-0.500000,-0.500000,0.500000,1500.0000,0.068900,160.875177,extrusion,63,1329
-727.7950,-162.2470,-531.3000,0.500000,-0.500000,-0.500000,0.500000,1500.0000,1.168880,160.875165,extrusion,63,1330
-726.9420,-162.2470,-531.3000,0.500000,-0.500000,-0.500000,0.500000,1500.0000,0.091480,160.867526,extrusion,63,1331
-719.4610,-169.7270,-531.3000,0.500000,-0.500000,-0.500000,0.500000,1500.0000,1.134600,160.874945,extrusion,63,1332
-718.7860,-169.5490,-531.3000,0.500000,-0.500000,-0.500000,0.500000,1500.0000,0.074870,160.878081,extrusion,63,1333
-726.0880,-162.2470,-531.3000,0.500000,-0.500000,-0.500000,0.500000,1500.0000,1.107520,160.874056,extrusion,63,1334
-725.2350,-162.2470,-531.3000,0.500000,-0.500000,-0.500000,0.500000,1500.0000,0.091480,160.867526,extrusion,63,1335
-718.0130,-169.4680,-531.3000,0.500000,-0.500000,-0.500000,0.500000,1500.0000,1.095310,160.874014,extrusion,63,1336
-717.1550,-169.4730,-531.3000,0.500000,-0.500000,-0.500000,0.500000,1500.0000,0.092020,160.871394,extrusion,63,1337
-724.3820,-162.2470,-531.3000,0.500000,-0.500000,-0.500000,0.500000,1500.0000,1.096070,160.874253,extrusion,63,1338
-723.5280,-162.2470,-531.3000,0.500000,-0.500000,-0.500000,0.500000,1500.0000,0.091590,160.872365,extrusion,63,1339
-716.1560,-169.6190,-531.3000,0.500000,-0.500000,-0.500000,0.500000,1500.0000,1.118140,160.874466,extrusion,63,1340
-715.9440,-169.7410,-531.3000,0.500000,-0.500000,-0.500000,0.500000,1500.0000,0.026230,160.856016,extrusion,63,1341
-715.7320,-169.8640,-531.3000,0.500000,-0.500000,-0.500000,0.500000,1500.0000,0.024250,148.410060,extrusion,63,1343
-715.8730,-169.9020,-531.3000,0.500000,-0.500000,-0.500000,0.500000,1500.0000,0.013240,135.998690,extrusion,63,1345
-714.8410,-170.0800,-531.3000,0.500000,-0.500000,-0.500000,0.500000,1500.0000,0.112320,160.880293,extrusion,63,1347
-722.6750,-162.2470,-531.3000,0.500000,-0.500000,-0.500000,0.500000,1500.0000,1.188140,160.874804,extrusion,63,1348
-722.7600,-162.1260,-531.3000,0.500000,-0.500000,-0.500000,0.500000,1500.0000,0.015860,160.882857,extrusion,63,1349
-722.8450,-162.0060,-531.3000,0.500000,-0.500000,-0.500000,0.500000,1500.0000,0.014550,148.414453,extrusion,63,1351
-722.8900,-162.0510,-531.3000,0.500000,-0.500000,-0.500000,0.500000,1500.0000,0.005770,136.000204,extrusion,63,1353
-722.9520,-162.0340,-531.3000,0.500000,-0.500000,-0.500000,0.500000,1500.0000,0.005830,136.027624,extrusion,63,1354
-722.9680,-161.9730,-531.3000,0.500000,-0.500000,-0.500000,0.500000,1500.0000,0.005720,136.053429,extrusion,63,1355
-722.9230,-161.9270,-531.3000,0.500000,-0.500000,-0.500000,0.500000,1500.0000,0.005830,135.896164,extrusion,63,1356
-722.8610,-161.9440,-531.3000,0.500000,-0.500000,-0.500000,0.500000,1500.0000,0.005830,136.027624,extrusion,63,1357
-714.4150,-170.3880,-531.3000,0.500000,-0.500000,-0.500000,0.500000,900.0000,0.000000,0.000000,travel,64,1360
-713.6650,-171.0120,-531.3000,0.500000,-0.500000,-0.500000,0.500000,1500.0000,0.088440,135.972100,extrusion,65,1362
-712.8370,-171.8320,-531.3000,0.500000,-0.500000,-0.500000,0.500000,1500.0000,0.105630,135.966279,extrusion,65,1363
-712.1480,-172.6540,-531.3000,0.500000,-0.500000,-0.500000,0.500000,1500.0000,0.097220,135.963237,extrusion,65,1364
-711.9940,-172.8680,-531.3000,0.500000,-0.500000,-0.500000,0.500000,1500.0000,0.026090,148.434702,extrusion,65,1366
-711.8400,-173.0810,-531.3000,0.500000,-0.500000,-0.500000,0.500000,1500.0000,0.028190,160.877183,extrusion,65,1368
-699.0070,-185.9150,-531.3000,0.500000,-0.500000,-0.500000,0.500000,1500.0000,1.946510,160.874713,extrusion,65,1369
-699.0070,-185.0610,-531.3000,0.500000,-0.500000,-0.500000,0.500000,1500.0000,0.091590,160.872365,extrusion,65,1370
-721.8210,-162.2470,-531.3000,0.500000,-0.500000,-0.500000,0.500000,1500.0000,3.460290,160.874541,extrusion,65,1371
-722.0040,-162.1660,-531.3000,0.500000,-0.500000,-0.500000,0.500000,1500.0000,0.021460,160.849500,extrusion,65,1372
-722.1870,-162.0860,-531.3000,0.500000,-0.500000,-0.500000,0.500000,1500.0000,0.019760,148.406056,extrusion,65,1374
-722.2320,-162.1310,-531.3000,0.500000,-0.500000,-0.500000,0.500000,1500.0000,0.005770,136.000204,extrusion,65,1376
-722.2930,-162.1150,-531.3000,0.500000,-0.500000,-0.500000,0.500000,1500.0000,0.005720,136.053429,extrusion,65,1377
-722.3100,-162.0530,-531.3000,0.500000,-0.500000,-0.500000,0.500000,1500.0000,0.005830,136.027624,extrusion,65,1378
-722.2650,-162.0080,-531.3000,0.500000,-0.500000,-0.500000,0.500000,1500.0000,0.005770,136.000204,extrusion,65,1379
-722.2030,-162.0250,-531.3000,0.500000,-0.500000,-0.500000,0.500000,1500.0000,0.005830,136.027624,extrusion,65,1380
-720.9680,-162.2470,-531.3000,0.500000,-0.500000,-0.500000,0.500000,900.0000,0.000000,0.000000,travel,66,1382
-699.0070,-184.2080,-531.3000,0.500000,-0.500000,-0.500000,0.500000,1500.0000,3.330910,160.874440,extrusion,67,1385
-699.0070,-183.3550,-531.3000,0.500000,-0.500000,-0.500000,0.500000,1500.0000,0.091480,160.867526,extrusion,67,1386
-720.1150,-162.2470,-531.3000,0.500000,-0.500000,-0.500000,0.500000,1500.0000,3.201540,160.874833,extrusion,67,1387
-719.2610,-162.2470,-531.3000,0.500000,-0.500000,-0.500000,0.500000,1500.0000,0.091590,160.872365,extrusion,67,1388
-699.0070,-182.5010,-531.3000,0.500000,-0.500000,-0.500000,0.500000,1500.0000,3.072010,160.874822,extrusion,67,1389
-699.0070,-181.6480,-531.3000,0.500000,-0.500000,-0.500000,0.500000,1500.0000,0.091480,160.867526,extrusion,67,1390
-718.4080,-162.2470,-531.3000,0.500000,-0.500000,-0.500000,0.500000,1500.0000,2.942630,160.874720,extrusion,67,1391
-717.5550,-162.2470,-531.3000,0.500000,-0.500000,-0.500000,0.500000,1500.0000,0.091480,160.867526,extrusion,67,1392
-699.0070,-180.7940,-531.3000,0.500000,-0.500000,-0.500000,0.500000,1500.0000,2.813170,160.874370,extrusion,67,1393
-699.0070,-179.9410,-531.3000,0.500000,-0.500000,-0.500000,0.500000,1500.0000,0.091480,160.867526,extrusion,67,1394
-716.7010,-162.2470,-531.3000,0.500000,-0.500000,-0.500000,0.500000,1500.0000,2.683720,160.874586,extrusion,67,1395
-715.8480,-162.2470,-531.3000,0.500000,-0.500000,-0.500000,0.500000,1500.0000,0.091480,160.867526,extrusion,67,1396
-699.0070,-179.0880,-531.3000,0.500000,-0.500000,-0.500000,0.500000,1500.0000,2.554340,160.874455,extrusion,67,1397
-699.0070,-178.2340,-531.3000,0.500000,-0.500000,-0.500000,0.500000,1500.0000,0.091590,160.872365,extrusion,67,1398
-714.9940,-162.2470,-531.3000,0.500000,-0.500000,-0.500000,0.500000,1500.0000,2.424810,160.874422,extrusion,67,1399
-714.1410,-162.2470,-531.3000,0.500000,-0.500000,-0.500000,0.500000,1500.0000,0.091480,160.867526,extrusion,67,1400
-699.0070,-177.3810,-531.3000,0.500000,-0.500000,-0.500000,0.500000,1500.0000,2.295440,160.874969,extrusion,67,1401
-699.0070,-176.5280,-531.3000,0.500000,-0.500000,-0.500000,0.500000,1500.0000,0.091480,160.867526,extrusion,67,1402
-713.2880,-162.2470,-531.3000,0.500000,-0.500000,-0.500000,0.500000,1500.0000,2.166060,160.874839,extrusion,67,1403
-712.4340,-162.2470,-531.3000,0.500000,-0.500000,-0.500000,0.500000,1500.0000,0.091590,160.872365,extrusion,67,1404
-699.0070,-175.6740,-531.3000,0.500000,-0.500000,-0.500000,0.500000,1500.0000,2.036530,160.874824,extrusion,67,1405
-699.0070,-174.8210,-531.3000,0.500000,-0.500000,-0.500000,0.500000,1500.0000,0.091480,160.867526,extrusion,67,1406
-711.5810,-162.2470,-531.3000,0.500000,-0.500000,-0.500000,0.500000,1500.0000,1.907150,160.874666,extrusion,67,1407
-710.7280,-162.2470,-531.3000,0.500000,-0.500000,-0.500000,0.500000,1500.0000,0.091480,160.867526,extrusion,67,1408
-699.0070,-173.9670,-531.3000,0.500000,-0.500000,-0.500000,0.500000,1500.0000,1.777700,160.875013,extrusion,67,1409
-699.0070,-173.1140,-531.3000,0.500000,-0.500000,-0.500000,0.500000,1500.0000,0.091480,160.867526,extrusion,67,1410
-709.8740,-162.2470,-531.3000,0.500000,-0.500000,-0.500000,0.500000,1500.0000,1.648240,160.874438,extrusion,67,1411
-709.0210,-162.2470,-531.3000,0.500000,-0.500000,-0.500000,0.500000,1500.0000,0.091480,160.867526,extrusion,67,1412
-699.0070,-172.2610,-531.3000,0.500000,-0.500000,-0.500000,0.500000,1500.0000,1.518860,160.874207,extrusion,67,1413
-699.0070,-171.4070,-531.3000,0.500000,-0.500000,-0.500000,0.500000,1500.0000,0.091590,160.872365,extrusion,67,1414
-708.1670,-162.2470,-531.3000,0.500000,-0.500000,-0.500000,0.500000,1500.0000,1.389330,160.874126,extrusion,67,1415
-707.3140,-162.2470,-531.3000,0.500000,-0.500000,-0.500000,0.500000,1500.0000,0.091480,160.867526,extrusion,67,1416
-699.0070,-170.5540,-531.3000,0.500000,-0.500000,-0.500000,0.500000,1500.0000,1.259960,160.875092,extrusion,67,1417
-699.0070,-169.7000,-531.3000,0.500000,-0.500000,-0.500000,0.500000,1500.0000,0.091590,160.872365,extrusion,67,1418
-706.4610,-162.2470,-531.3000,0.500000,-0.500000,-0.500000,0.500000,1500.0000,1.130500,160.874263,extrusion,67,1419
-705.6070,-162.2470,-531.3000,0.500000,-0.500000,-0.500000,0.500000,1500.0000,0.091590,160.872365,extrusion,67,1420
-699.0070,-168.8470,-531.3000,0.500000,-0.500000,-0.500000,0.500000,1500.0000,1.001050,160.874828,extrusion,67,1421
-699.0070,-167.9940,-531.3000,0.500000,-0.500000,-0.500000,0.500000,1500.0000,0.091480,160.867526,extrusion,67,1422
-704.7540,-162.2470,-531.3000,0.500000,-0.500000,-0.500000,0.500000,1500.0000,0.871670,160.874483,extrusion,67,1423
-703.9010,-162.2470,-531.3000,0.500000,-0.500000,-0.500000,0.500000,1500.0000,0.091480,160.867526,extrusion,67,1424
-699.0070,-167.1400,-531.3000,0.500000,-0.500000,-0.500000,0.500000,1500.0000,0.742220,160.875281,extrusion,67,1425
-699.0070,-166.2870,-531.3000,0.500000,-0.500000,-0.500000,0.500000,1500.0000,0.091480,160.867526,extrusion,67,1426
-703.0470,-162.2470,-531.3000,0.500000,-0.500000,-0.500000,0.500000,1500.0000,0.612760,160.873794,extrusion,67,1427
-702.1940,-162.2470,-531.3000,0.500000,-0.500000,-0.500000,0.500000,1500.0000,0.091480,160.867526,extrusion,67,1428
-699.0070,-165.4340,-531.3000,0.500000,-0.500000,-0.500000,0.500000,1500.0000,0.483390,160.876222,extrusion,67,1429
-699.0070,-164.5800,-531.3000,0.500000,-0.500000,-0.500000,0.500000,1500.0000,0.091590,160.872365,extrusion,67,1430
-701.3400,-162.2470,-531.3000,0.500000,-0.500000,-0.500000,0.500000,1500.0000,0.353860,160.876643,extrusion,67,1431
-700.6570,-162.0060,-531.3000,0.500000,-0.500000,-0.500000,0.500000,1500.0000,0.077680,160.878775,extrusion,67,1432
-700.7020,-162.0510,-531.3000,0.500000,-0.500000,-0.500000,0.500000,1500.0000,0.005770,136.000204,extrusion,67,1434
-700.7640,-162.0340,-531.3000,0.500000,-0.500000,-0.500000,0.500000,1500.0000,0.005830,136.027624,extrusion,67,1435
-700.7800,-161.9730,-531.3000,0.500000,-0.500000,-0.500000,0.500000,1500.0000,0.005720,136.053429,extrusion,67,1436
-700.7350,-161.9270,-531.3000,0.500000,-0.500000,-0.500000,0.500000,1500.0000,0.005830,135.896164,extrusion,67,1437
-700.6740,-161.9440,-531.3000,0.500000,-0.500000,-0.500000,0.500000,1500.0000,0.005740,135.966202,extrusion,67,1438
-700.5800,-162.0950,-531.3000,0.500000,-0.500000,-0.500000,0.500000,1500.0000,0.017600,148.424734,extrusion,67,1440
-700.4870,-162.2470,-531.3000,0.500000,-0.500000,-0.500000,0.500000,1500.0000,0.019110,160.864260,extrusion,67,1442
-699.0070,-163.7270,-531.3000,0.500000,-0.500000,-0.500000,0.500000,1500.0000,0.224480,160.876348,extrusion,67,1443
-698.8550,-163.8200,-531.3000,0.500000,-0.500000,-0.500000,0.500000,1500.0000,0.019110,160.864260,extrusion,67,1444
-698.7040,-163.9130,-531.3000,0.500000,-0.500000,-0.500000,0.500000,1500.0000,0.017550,148.442430,extrusion,67,1446
-698.7660,-163.8970,-531.3000,0.500000,-0.500000,-0.500000,0.500000,1500.0000,0.005800,135.871173,extrusion,67,1448
-698.8110,-163.9420,-531.3000,0.500000,-0.500000,-0.500000,0.500000,1500.0000,0.005770,136.000204,extrusion,67,1449
-698.7940,-164.0040,-531.3000,0.500000,-0.500000,-0.500000,0.500000,1500.0000,0.005830,136.027624,extrusion,67,1450
-698.7330,-164.0200,-531.3000,0.500000,-0.500000,-0.500000,0.500000,1500.0000,0.005720,136.053429,extrusion,67,1451
-698.6880,-163.9750,-531.3000,0.500000,-0.500000,-0.500000,0.500000,1500.0000,0.005770,136.000204,extrusion,67,1452
-698.9480,-163.0160,-531.3000,0.500000,-0.500000,-0.500000,0.500000,1500.0000,0.106570,160.881399,extrusion,67,1454
-698.9480,-162.1880,-531.3000,0.500000,-0.500000,-0.500000,0.500000,1500.0000,0.071420,129.384058,extrusion,67,1456
-699.7760,-162.1880,-531.3000,0.500000,-0.500000,-0.500000,0.500000,1500.0000,0.071420,129.384058,extrusion,67,1457
-699.1610,-162.8030,-531.3000,0.500000,-0.500000,-0.500000,0.500000,1500.0000,0.075020,129.383294,extrusion,67,1458
-718.8600,-181.6450,-530.8500,0.500000,-0.500000,-0.500000,0.500000,900.0000,0.000000,0.000000,travel,68,1464
-718.7120,-181.6870,-530.8500,0.500000,-0.500000,-0.500000,0.500000,900.0000,0.016500,96.526303,extrusion,69,1467
-717.6800,-181.7910,-530.8500,0.500000,-0.500000,-0.500000,0.500000,900.0000,0.111240,96.522741,extrusion,69,1468
-716.6450,-181.7140,-530.8500,0.500000,-0.500000,-0.500000,0.500000,900.0000,0.111310,96.524552,extrusion,69,1469
-715.6400,-181.4590,-530.8500,0.500000,-0.500000,-0.500000,0.500000,900.0000,0.111200,96.523479,extrusion,69,1470
-714.6940,-181.0330,-530.8500,0.500000,-0.500000,-0.500000,0.500000,900.0000,0.111270,96.524012,extrusion,69,1471
-713.8370,-180.4490,-530.8500,0.500000,-0.500000,-0.500000,0.500000,900.0000,0.111230,96.529094,extrusion,69,1472
-713.0930,-179.7260,-530.8500,0.500000,-0.500000,-0.500000,0.500000,900.0000,0.111260,96.521032,extrusion,69,1473
-712.4870,-178.8840,-530.8500,0.500000,-0.500000,-0.500000,0.500000,900.0000,0.111260,96.523947,extrusion,69,1474
-712.0360,-177.9500,-530.8500,0.500000,-0.500000,-0.500000,0.500000,900.0000,0.111240,96.526464,extrusion,69,1475
-711.7550,-176.9520,-530.8500,0.500000,-0.500000,-0.500000,0.500000,900.0000,0.111200,96.527295,extrusion,69,1476
-711.6510,-175.9190,-530.8500,0.500000,-0.500000,-0.500000,0.500000,900.0000,0.111350,96.525595,extrusion,69,1477
-711.7270,-174.8850,-530.8500,0.500000,-0.500000,-0.500000,0.500000,900.0000,0.111200,96.528776,extrusion,69,1478
-711.9820,-173.8800,-530.8500,0.500000,-0.500000,-0.500000,0.500000,900.0000,0.111200,96.523479,extrusion,69,1479
-712.4080,-172.9340,-530.8500,0.500000,-0.500000,-0.500000,0.500000,900.0000,0.111270,96.524012,extrusion,69,1480
-712.9920,-172.0760,-530.8500,0.500000,-0.500000,-0.500000,0.500000,900.0000,0.111310,96.521595,extrusion,69,1481
-713.7160,-171.3330,-530.8500,0.500000,-0.500000,-0.500000,0.500000,900.0000,0.111260,96.522826,extrusion,69,1482
-714.5570,-170.7270,-530.8500,0.500000,-0.500000,-0.500000,0.500000,900.0000,0.111170,96.521368,extrusion,69,1483
-715.4920,-170.2760,-530.8500,0.500000,-0.500000,-0.500000,0.500000,900.0000,0.111330,96.520750,extrusion,69,1484
-716.4900,-169.9950,-530.8500,0.500000,-0.500000,-0.500000,0.500000,900.0000,0.111200,96.527295,extrusion,69,1485
-717.5220,-169.8900,-530.8500,0.500000,-0.500000,-0.500000,0.500000,900.0000,0.111250,96.522043,extrusion,69,1486
-718.5560,-169.9670,-530.8500,0.500000,-0.500000,-0.500000,0.500000,900.0000,0.111200,96.521907,extrusion,69,1487
-719.5620,-170.2220,-530.8500,0.500000,-0.500000,-0.500000,0.500000,900.0000,0.111310,96.528719,extrusion,69,1488
-720.5080,-170.6480,-530.8500,0.500000,-0.500000,-0.500000,0.500000,900.0000,0.111270,96.524012,extrusion,69,1489
-721.3650,-171.2320,-530.8500,0.500000,-0.500000,-0.500000,0.500000,900.0000,0.111230,96.529094,extrusion,69,1490
-722.1080,-171.9550,-530.8500,0.500000,-0.500000,-0.500000,0.500000,900.0000,0.111190,96.527010,extrusion,69,1491
-722.7140,-172.7970,-530.8500,0.500000,-0.500000,-0.500000,0.500000,900.0000,0.111260,96.523947,extrusion,69,1492
-723.1650,-173.7310,-530.8500,0.500000,-0.500000,-0.500000,0.500000,900.0000,0.111240,96.526464,extrusion,69,1493
-723.4470,-174.7300,-530.8500,0.500000,-0.500000,-0.500000,0.500000,900.0000,0.111330,96.525274,extrusion,69,1494
-723.5510,-175.7620,-530.8500,0.500000,-0.500000,-0.500000,0.500000,900.0000,0.111240,96.522741,extrusion,69,1495
-723.4740,-176.7960,-530.8500,0.500000,-0.500000,-0.500000,0.500000,900.0000,0.111200,96.521907,extrusion,69,1496
-723.2190,-177.8020,-530.8500,0.500000,-0.500000,-0.500000,0.500000,900.0000,0.111310,96.528719,extrusion,69,1497
-722.7930,-178.7470,-530.8500,0.500000,-0.500000,-0.500000,0.500000,900.0000,0.111170,96.522087,extrusion,69,1498
-722.2100,-179.6050,-530.8500,0.500000,-0.500000,-0.500000,0.500000,900.0000,0.111250,96.521863,extrusion,69,1499
-721.4860,-180.3480,-530.8500,0.500000,-0.500000,-0.500000,0.500000,900.0000,0.111260,96.522826,extrusion,69,1500
-720.6440,-180.9540,-530.8500,0.500000,-0.500000,-0.500000,0.500000,900.0000,0.111260,96.523947,extrusion,69,1501
-719.7100,-181.4050,-530.8500,0.500000,-0.500000,-0.500000,0.500000,900.0000,0.111240,96.526464,extrusion,69,1502
-718.8600,-181.6450,-530.8500,0.500000,-0.500000,-0.500000,0.500000,900.0000,0.094730,96.528356,extrusion,69,1503
-718.7010,-181.0640,-530.8500,0.500000,-0.500000,-0.500000,0.500000,900.0000,0.000000,0.000000,travel,70,1504
-718.5560,-181.1040,-530.8500,0.500000,-0.500000,-0.500000,0.500000,900.0000,0.016130,96.512282,extrusion,71,1506
-717.6270,-181.1900,-530.8500,0.500000,-0.500000,-0.500000,0.500000,900.0000,0.100060,96.523783,extrusion,71,1507
-716.6980,-181.1130,-530.8500,0.500000,-0.500000,-0.500000,0.500000,900.0000,0.099980,96.527987,extrusion,71,1508
-715.7960,-180.8760,-530.8500,0.500000,-0.500000,-0.500000,0.500000,900.0000,0.100020,96.522019,extrusion,71,1509
-714.9490,-180.4860,-530.8500,0.500000,-0.500000,-0.500000,0.500000,900.0000,0.100010,96.527019,extrusion,71,1510
-714.1830,-179.9550,-530.8500,0.500000,-0.500000,-0.500000,0.500000,900.0000,0.099960,96.522730,extrusion,71,1511
-713.5200,-179.2990,-530.8500,0.500000,-0.500000,-0.500000,0.500000,900.0000,0.100030,96.524345,extrusion,71,1512
-712.9820,-178.5380,-530.8500,0.500000,-0.500000,-0.500000,0.500000,900.0000,0.099950,96.521518,extrusion,71,1513
-712.5830,-177.6950,-530.8500,0.500000,-0.500000,-0.500000,0.500000,900.0000,0.100030,96.527397,extrusion,71,1514
-712.3380,-176.7950,-530.8500,0.500000,-0.500000,-0.500000,0.500000,900.0000,0.100040,96.527337,extrusion,71,1515
-712.2520,-175.8670,-530.8500,0.500000,-0.500000,-0.500000,0.500000,900.0000,0.099950,96.520685,extrusion,71,1516
-712.3280,-174.9380,-530.8500,0.500000,-0.500000,-0.500000,0.500000,900.0000,0.099970,96.526831,extrusion,71,1517
-712.5650,-174.0360,-530.8500,0.500000,-0.500000,-0.500000,0.500000,900.0000,0.100020,96.522019,extrusion,71,1518
-712.9550,-173.1890,-530.8500,0.500000,-0.500000,-0.500000,0.500000,900.0000,0.100010,96.527019,extrusion,71,1519
-713.4860,-172.4220,-530.8500,0.500000,-0.500000,-0.500000,0.500000,900.0000,0.100050,96.524506,extrusion,71,1520
-714.1420,-171.7600,-530.8500,0.500000,-0.500000,-0.500000,0.500000,900.0000,0.099950,96.520685,extrusion,71,1521
-714.9030,-171.2210,-530.8500,0.500000,-0.500000,-0.500000,0.500000,900.0000,0.100020,96.529289,extrusion,71,1522
-715.7470,-170.8230,-530.8500,0.500000,-0.500000,-0.500000,0.500000,900.0000,0.100080,96.526278,extrusion,71,1523
-716.6460,-170.5770,-530.8500,0.500000,-0.500000,-0.500000,0.500000,900.0000,0.099960,96.522730,extrusion,71,1524
-717.5740,-170.4920,-530.8500,0.500000,-0.500000,-0.500000,0.500000,900.0000,0.099940,96.520530,extrusion,71,1525
-718.5040,-170.5680,-530.8500,0.500000,-0.500000,-0.500000,0.500000,900.0000,0.100070,96.520180,extrusion,71,1526
-719.4060,-170.8050,-530.8500,0.500000,-0.500000,-0.500000,0.500000,900.0000,0.100020,96.522019,extrusion,71,1527
-720.2530,-171.1950,-530.8500,0.500000,-0.500000,-0.500000,0.500000,900.0000,0.100010,96.527019,extrusion,71,1528
-721.0190,-171.7260,-530.8500,0.500000,-0.500000,-0.500000,0.500000,900.0000,0.099960,96.522730,extrusion,71,1529
-721.6810,-172.3820,-530.8500,0.500000,-0.500000,-0.500000,0.500000,900.0000,0.099950,96.520685,extrusion,71,1530
-722.2200,-173.1430,-530.8500,0.500000,-0.500000,-0.500000,0.500000,900.0000,0.100020,96.529289,extrusion,71,1531
-722.6180,-173.9860,-530.8500,0.500000,-0.500000,-0.500000,0.500000,900.0000,0.099980,96.523378,extrusion,71,1532
-722.8640,-174.8860,-530.8500,0.500000,-0.500000,-0.500000,0.500000,900.0000,0.100070,96.529050,extrusion,71,1533
-722.9500,-175.8140,-530.8500,0.500000,-0.500000,-0.500000,0.500000,900.0000,0.099950,96.520685,extrusion,71,1534
-722.8730,-176.7440,-530.8500,0.500000,-0.500000,-0.500000,0.500000,900.0000,0.100080,96.521345,extrusion,71,1535
-722.6360,-177.6450,-530.8500,0.500000,-0.500000,-0.500000,0.500000,900.0000,0.099920,96.525615,extrusion,71,1536
-722.2460,-178.4920,-530.8500,0.500000,-0.500000,-0.500000,0.500000,900.0000,0.100010,96.527019,extrusion,71,1537
-721.7150,-179.2590,-530.8500,0.500000,-0.500000,-0.500000,0.500000,900.0000,0.100050,96.524506,extrusion,71,1538
-721.0590,-179.9210,-530.8500,0.500000,-0.500000,-0.500000,0.500000,900.0000,0.099950,96.520685,extrusion,71,1539
-720.2980,-180.4600,-530.8500,0.500000,-0.500000,-0.500000,0.500000,900.0000,0.100020,96.529289,extrusion,71,1540
-719.4550,-180.8580,-530.8500,0.500000,-0.500000,-0.500000,0.500000,900.0000,0.099980,96.523378,extrusion,71,1541
-718.7010,-181.0640,-530.8500,0.500000,-0.500000,-0.500000,0.500000,900.0000,0.083830,96.524693,extrusion,71,1542
-723.0090,-223.4070,-530.8500,0.500000,-0.500000,-0.500000,0.500000,900.0000,0.000000,0.000000,travel,72,1544
-723.1650,-223.7310,-530.8500,0.500000,-0.500000,-0.500000,0.500000,900.0000,0.038570,96.532318,extrusion,73,1546
-723.4470,-224.7300,-530.8500,0.500000,-0.500000,-0.500000,0.500000,900.0000,0.111330,96.525274,extrusion,73,1547
-723.5510,-225.7620,-530.8500,0.500000,-0.500000,-0.500000,0.500000,900.0000,0.111240,96.522741,extrusion,73,1548
-723.4740,-226.7960,-530.8500,0.500000,-0.500000,-0.500000,0.500000,900.0000,0.111200,96.521907,extrusion,73,1549
-723.2190,-227.8020,-530.8500,0.500000,-0.500000,-0.500000,0.500000,900.0000,0.111310,96.528719,extrusion,73,1550
-722.7930,-228.7470,-530.8500,0.500000,-0.500000,-0.500000,0.500000,900.0000,0.111170,96.522087,extrusion,73,1551
-722.2100,-229.6050,-530.8500,0.500000,-0.500000,-0.500000,0.500000,900.0000,0.111250,96.521863,extrusion,73,1552
-721.4860,-230.3480,-530.8500,0.500000,-0.500000,-0.500000,0.500000,900.0000,0.111260,96.522826,extrusion,73,1553
-720.6440,-230.9540,-530.8500,0.500000,-0.500000,-0.500000,0.500000,900.0000,0.111260,96.523947,extrusion,73,1554
-719.7100,-231.4050,-530.8500,0.500000,-0.500000,-0.500000,0.500000,900.0000,0.111240,96.526464,extrusion,73,1555
-718.7120,-231.6870,-530.8500,0.500000,-0.500000,-0.500000,0.500000,900.0000,0.111230,96.528062,extrusion,73,1556
-717.6800,-231.7910,-530.8500,0.500000,-0.500000,-0.500000,0.500000,900.0000,0.111240,96.522741,extrusion,73,1557
-716.6450,-231.7140,-530.8500,0.500000,-0.500000,-0.500000,0.500000,900.0000,0.111310,96.524552,extrusion,73,1558
-715.6400,-231.4590,-530.8500,0.500000,-0.500000,-0.500000,0.500000,900.0000,0.111200,96.523479,extrusion,73,1559
-714.6940,-231.0330,-530.8500,0.500000,-0.500000,-0.500000,0.500000,900.0000,0.111270,96.524012,extrusion,73,1560
-713.8370,-230.4490,-530.8500,0.500000,-0.500000,-0.500000,0.500000,900.0000,0.111230,96.529094,extrusion,73,1561
-713.0930,-229.7260,-530.8500,0.500000,-0.500000,-0.500000,0.500000,900.0000,0.111260,96.521032,extrusion,73,1562
-712.4870,-228.8840,-530.8500,0.500000,-0.500000,-0.500000,0.500000,900.0000,0.111260,96.523947,extrusion,73,1563
-712.0360,-227.9500,-530.8500,0.500000,-0.500000,-0.500000,0.500000,900.0000,0.111240,96.526464,extrusion,73,1564
-711.7550,-226.9520,-530.8500,0.500000,-0.500000,-0.500000,0.500000,900.0000,0.111200,96.527295,extrusion,73,1565
-711.6510,-225.9190,-530.8500,0.500000,-0.500000,-0.500000,0.500000,900.0000,0.111350,96.525595,extrusion,73,1566
-711.7270,-224.8850,-530.8500,0.500000,-0.500000,-0.500000,0.500000,900.0000,0.111200,96.528776,extrusion,73,1567
-711.9820,-223.8800,-530.8500,0.500000,-0.500000,-0.500000,0.500000,900.0000,0.111200,96.523479,extrusion,73,1568
-712.4080,-222.9340,-530.8500,0.500000,-0.500000,-0.500000,0.500000,900.0000,0.111270,96.524012,extrusion,73,1569
-712.9920,-222.0760,-530.8500,0.500000,-0.500000,-0.500000,0.500000,900.0000,0.111310,96.521595,extrusion,73,1570
-713.7160,-221.3330,-530.8500,0.500000,-0.500000,-0.500000,0.500000,900.0000,0.111260,96.522826,extrusion,73,1571
-714.5570,-220.7270,-530.8500,0.500000,-0.500000,-0.500000,0.500000,900.0000,0.111170,96.521368,extrusion,73,1572
-715.4920,-220.2760,-530.8500,0.500000,-0.500000,-0.500000,0.500000,900.0000,0.111330,96.520750,extrusion,73,1573
-716.4900,-219.9950,-530.8500,0.500000,-0.500000,-0.500000,0.500000,900.0000,0.111200,96.527295,extrusion,73,1574
-717.5220,-219.8900,-530.8500,0.500000,-0.500000,-0.500000,0.500000,900.0000,0.111250,96.522043,extrusion,73,1575
-718.5560,-219.9670,-530.8500,0.500000,-0.500000,-0.500000,0.500000,900.0000,0.111200,96.521907,extrusion,73,1576
-719.5620,-220.2220,-530.8500,0.500000,-0.500000,-0.500000,0.500000,900.0000,0.111310,96.528719,extrusion,73,1577
-720.5080,-220.6480,-530.8500,0.500000,-0.500000,-0.500000,0.500000,900.0000,0.111270,96.524012,extrusion,73,1578
-721.3650,-221.2320,-530.8500,0.500000,-0.500000,-0.500000,0.500000,900.0000,0.111230,96.529094,extrusion,73,1579
-722.1080,-221.9550,-530.8500,0.500000,-0.500000,-0.500000,0.500000,900.0000,0.111190,96.527010,extrusion,73,1580
-722.7140,-222.7970,-530.8500,0.500000,-0.500000,-0.500000,0.500000,900.0000,0.111260,96.523947,extrusion,73,1581
-723.0090,-223.4070,-530.8500,0.500000,-0.500000,-0.500000,0.500000,900.0000,0.072670,96.523308,extrusion,73,1582
-722.4660,-223.6640,-530.8500,0.500000,-0.500000,-0.500000,0.500000,900.0000,0.000000,0.000000,travel,74,1583
-722.6180,-223.9860,-530.8500,0.500000,-0.500000,-0.500000,0.500000,900.0000,0.038190,96.527952,extrusion,75,1585
-722.8640,-224.8860,-530.8500,0.500000,-0.500000,-0.500000,0.500000,900.0000,0.100070,96.529050,extrusion,75,1586
-722.9500,-225.8140,-530.8500,0.500000,-0.500000,-0.500000,0.500000,900.0000,0.099950,96.520685,extrusion,75,1587
-722.8730,-226.7440,-530.8500,0.500000,-0.500000,-0.500000,0.500000,900.0000,0.100080,96.521345,extrusion,75,1588
-722.6360,-227.6450,-530.8500,0.500000,-0.500000,-0.500000,0.500000,900.0000,0.099920,96.525615,extrusion,75,1589
-722.2460,-228.4920,-530.8500,0.500000,-0.500000,-0.500000,0.500000,900.0000,0.100010,96.527019,extrusion,75,1590
-721.7150,-229.2590,-530.8500,0.500000,-0.500000,-0.500000,0.500000,900.0000,0.100050,96.524506,extrusion,75,1591
-721.0590,-229.9210,-530.8500,0.500000,-0.500000,-0.500000,0.500000,900.0000,0.099950,96.520685,extrusion,75,1592
-720.2980,-230.4600,-530.8500,0.500000,-0.500000,-0.500000,0.500000,900.0000,0.100020,96.529289,extrusion,75,1593
-719.4550,-230.8580,-530.8500,0.500000,-0.500000,-0.500000,0.500000,900.0000,0.099980,96.523378,extrusion,75,1594
-718.5560,-231.1040,-530.8500,0.500000,-0.500000,-0.500000,0.500000,900.0000,0.099960,96.522730,extrusion,75,1595
-717.6270,-231.1900,-530.8500,0.500000,-0.500000,-0.500000,0.500000,900.0000,0.100060,96.523783,extrusion,75,1596
-716.6980,-231.1130,-530.8500,0.500000,-0.500000,-0.500000,0.500000,900.0000,0.099980,96.527987,extrusion,75,1597
-715.7960,-230.8760,-530.8500,0.500000,-0.500000,-0.500000,0.500000,900.0000,0.100020,96.522019,extrusion,75,1598
-714.9490,-230.4860,-530.8500,0.500000,-0.500000,-0.500000,0.500000,900.0000,0.100010,96.527019,extrusion,75,1599
-714.1830,-229.9550,-530.8500,0.500000,-0.500000,-0.500000,0.500000,900.0000,0.099960,96.522730,extrusion,75,1600
-713.5200,-229.2990,-530.8500,0.500000,-0.500000,-0.500000,0.500000,900.0000,0.100030,96.524345,extrusion,75,1601
-712.9820,-228.5380,-530.8500,0.500000,-0.500000,-0.500000,0.500000,900.0000,0.099950,96.521518,extrusion,75,1602
-712.5830,-227.6950,-530.8500,0.500000,-0.500000,-0.500000,0.500000,900.0000,0.100030,96.527397,extrusion,75,1603
-712.3380,-226.7950,-530.8500,0.500000,-0.500000,-0.500000,0.500000,900.0000,0.100040,96.527337,extrusion,75,1604
-712.2520,-225.8670,-530.8500,0.500000,-0.500000,-0.500000,0.500000,900.0000,0.099950,96.520685,extrusion,75,1605
-712.3280,-224.9380,-530.8500,0.500000,-0.500000,-0.500000,0.500000,900.0000,0.099970,96.526831,extrusion,75,1606
-712.5650,-224.0360,-530.8500,0.500000,-0.500000,-0.500000,0.500000,900.0000,0.100020,96.522019,extrusion,75,1607
-712.9550,-223.1890,-530.8500,0.500000,-0.500000,-0.500000,0.500000,900.0000,0.100010,96.527019,extrusion,75,1608
-713.4860,-222.4220,-530.8500,0.500000,-0.500000,-0.500000,0.500000,900.0000,0.100050,96.524506,extrusion,75,1609
-714.1420,-221.7600,-530.8500,0.500000,-0.500000,-0.500000,0.500000,900.0000,0.099950,96.520685,extrusion,75,1610
-714.9030,-221.2210,-530.8500,0.500000,-0.500000,-0.500000,0.500000,900.0000,0.100020,96.529289,extrusion,75,1611
-715.7470,-220.8230,-530.8500,0.500000,-0.500000,-0.500000,0.500000,900.0000,0.100080,96.526278,extrusion,75,1612
-716.6460,-220.5770,-530.8500,0.500000,-0.500000,-0.500000,0.500000,900.0000,0.099960,96.522730,extrusion,75,1613
-717.5740,-220.4920,-530.8500,0.500000,-0.500000,-0.500000,0.500000,900.0000,0.099940,96.520530,extrusion,75,1614
-718.5040,-220.5680,-530.8500,0.500000,-0.500000,-0.500000,0.500000,900.0000,0.100070,96.520180,extrusion,75,1615
-719.4060,-220.8050,-530.8500,0.500000,-0.500000,-0.500000,0.500000,900.0000,0.100020,96.522019,extrusion,75,1616
-720.2530,-221.1950,-530.8500,0.500000,-0.500000,-0.500000,0.500000,900.0000,0.100010,96.527019,extrusion,75,1617
-721.0190,-221.7260,-530.8500,0.500000,-0.500000,-0.500000,0.500000,900.0000,0.099960,96.522730,extrusion,75,1618
-721.6810,-222.3820,-530.8500,0.500000,-0.500000,-0.500000,0.500000,900.0000,0.099950,96.520685,extrusion,75,1619
-722.2200,-223.1430,-530.8500,0.500000,-0.500000,-0.500000,0.500000,900.0000,0.100020,96.529289,extrusion,75,1620
-722.4660,-223.6640,-530.8500,0.500000,-0.500000,-0.500000,0.500000,900.0000,0.061790,96.520550,extrusion,75,1621
-698.5540,-235.6410,-530.8500,0.500000,-0.500000,-0.500000,0.500000,900.0000,0.000000,0.000000,travel,76,1623
-698.5540,-232.4630,-530.8500,0.500000,-0.500000,-0.500000,0.500000,900.0000,0.340840,96.524858,extrusion,77,1625
-698.5540,-161.7940,-530.8500,0.500000,-0.500000,-0.500000,0.500000,900.0000,7.579230,96.524742,extrusion,77,1626
-736.6470,-161.7940,-530.8500,0.500000,-0.500000,-0.500000,0.500000,900.0000,4.085460,96.524663,extrusion,77,1627
-736.6470,-239.8870,-530.8500,0.500000,-0.500000,-0.500000,0.500000,900.0000,8.375450,96.524721,extrusion,77,1628
-698.5540,-239.8870,-530.8500,0.500000,-0.500000,-0.500000,0.500000,900.0000,4.085460,96.524663,extrusion,77,1629
-698.5540,-235.6410,-530.8500,0.500000,-0.500000,-0.500000,0.500000,900.0000,0.455380,96.524258,extrusion,77,1630
-697.9510,-235.6410,-530.8500,0.500000,-0.500000,-0.500000,0.500000,900.0000,0.000000,0.000000,travel,78,1631
-697.9510,-232.4630,-530.8500,0.500000,-0.500000,-0.500000,0.500000,900.0000,0.340840,96.524858,extrusion,79,1633
-697.9510,-161.1910,-530.8500,0.500000,-0.500000,-0.500000,0.500000,900.0000,7.643900,96.524722,extrusion,79,1634
-737.2510,-161.1910,-530.8500,0.500000,-0.500000,-0.500000,0.500000,900.0000,4.214920,96.524885,extrusion,79,1635
-737.2510,-240.4910,-530.8500,0.500000,-0.500000,-0.500000,0.500000,900.0000,8.504910,96.524830,extrusion,79,1636
-697.9510,-240.4910,-530.8500,0.500000,-0.500000,-0.500000,0.500000,900.0000,4.214920,96.524885,extrusion,79,1637
-697.9510,-235.6410,-530.8500,0.500000,-0.500000,-0.500000,0.500000,900.0000,0.520160,96.524536,extrusion,79,1638
-736.1460,-162.4100,-530.8500,0.500000,-0.500000,-0.500000,0.500000,900.0000,0.000000,0.000000,travel,80,1640
-736.2120,-162.3440,-530.8500,0.500000,-0.500000,-0.500000,0.500000,1500.0000,0.012440,199.918372,extrusion,81,1644
-736.1880,-162.2540,-530.8500,0.500000,-0.500000,-0.500000,0.500000,1500.0000,0.012410,199.849593,extrusion,81,1645
-736.0970,-162.2290,-530.8500,0.500000,-0.500000,-0.500000,0.500000,1500.0000,0.012580,199.954211,extrusion,81,1646
-736.0310,-162.2960,-530.8500,0.500000,-0.500000,-0.500000,0.500000,1500.0000,0.012530,199.845057,extrusion,81,1647
-736.0550,-162.3860,-530.8500,0.500000,-0.500000,-0.500000,0.500000,1500.0000,0.012410,199.849593,extrusion,81,1648
-734.8760,-162.0510,-530.8500,0.500000,-0.500000,-0.500000,0.500000,900.0000,0.000000,0.000000,travel,82,1650
-734.9210,-162.0060,-530.8500,0.500000,-0.500000,-0.500000,0.500000,1500.0000,0.005770,136.000204,extrusion,83,1653
-734.9050,-161.9440,-530.8500,0.500000,-0.500000,-0.500000,0.500000,1500.0000,0.005800,135.871173,extrusion,83,1654
-734.8430,-161.9270,-530.8500,0.500000,-0.500000,-0.500000,0.500000,1500.0000,0.005830,136.027624,extrusion,83,1655
-734.7980,-161.9730,-530.8500,0.500000,-0.500000,-0.500000,0.500000,1500.0000,0.005830,135.896164,extrusion,83,1656
-734.8150,-162.0340,-530.8500,0.500000,-0.500000,-0.500000,0.500000,1500.0000,0.005740,135.966202,extrusion,83,1657
-734.9530,-162.1400,-530.8500,0.500000,-0.500000,-0.500000,0.500000,1500.0000,0.017220,148.438471,extrusion,83,1659
-735.0910,-162.2470,-530.8500,0.500000,-0.500000,-0.500000,0.500000,1500.0000,0.018730,160.889966,extrusion,83,1661
-736.1950,-163.3500,-530.8500,0.500000,-0.500000,-0.500000,0.500000,1500.0000,0.167370,160.872383,extrusion,83,1662
-736.3010,-163.4880,-530.8500,0.500000,-0.500000,-0.500000,0.500000,1500.0000,0.018660,160.851444,extrusion,83,1663
-736.4070,-163.6270,-530.8500,0.500000,-0.500000,-0.500000,0.500000,1500.0000,0.017300,148.450616,extrusion,83,1665
-736.3910,-163.5650,-530.8500,0.500000,-0.500000,-0.500000,0.500000,1500.0000,0.005800,135.871173,extrusion,83,1667
-736.4360,-163.5200,-530.8500,0.500000,-0.500000,-0.500000,0.500000,1500.0000,0.005770,136.000204,extrusion,83,1668
-736.4970,-163.5360,-530.8500,0.500000,-0.500000,-0.500000,0.500000,1500.0000,0.005720,136.053429,extrusion,83,1669
-736.5140,-163.5980,-530.8500,0.500000,-0.500000,-0.500000,0.500000,1500.0000,0.005830,136.027624,extrusion,83,1670
-736.4690,-163.6430,-530.8500,0.500000,-0.500000,-0.500000,0.500000,1500.0000,0.005770,136.000204,extrusion,83,1671
-736.1950,-164.2030,-530.8500,0.500000,-0.500000,-0.500000,0.500000,1500.0000,0.066860,160.865817,extrusion,83,1673
-734.2380,-162.2470,-530.8500,0.500000,-0.500000,-0.500000,0.500000,1500.0000,0.296750,160.874468,extrusion,83,1674
-733.3850,-162.2470,-530.8500,0.500000,-0.500000,-0.500000,0.500000,1500.0000,0.091480,160.867526,extrusion,83,1675
-736.1950,-165.0570,-530.8500,0.500000,-0.500000,-0.500000,0.500000,1500.0000,0.426200,160.873084,extrusion,83,1676
-736.1950,-165.9100,-530.8500,0.500000,-0.500000,-0.500000,0.500000,1500.0000,0.091480,160.867526,extrusion,83,1677
-732.5310,-162.2470,-530.8500,0.500000,-0.500000,-0.500000,0.500000,1500.0000,0.555660,160.875236,extrusion,83,1678
-731.6780,-162.2470,-530.8500,0.500000,-0.500000,-0.500000,0.500000,1500.0000,0.091480,160.867526,extrusion,83,1679
-736.1950,-166.7630,-530.8500,0.500000,-0.500000,-0.500000,0.500000,1500.0000,0.685040,160.875598,extrusion,83,1680
-736.1950,-167.6170,-530.8500,0.500000,-0.500000,-0.500000,0.500000,1500.0000,0.091590,160.872365,extrusion,83,1681
-730.8250,-162.2470,-530.8500,0.500000,-0.500000,-0.500000,0.500000,1500.0000,0.814490,160.874693,extrusion,83,1682
-729.9710,-162.2470,-530.8500,0.500000,-0.500000,-0.500000,0.500000,1500.0000,0.091590,160.872365,extrusion,83,1683
-736.1950,-168.4700,-530.8500,0.500000,-0.500000,-0.500000,0.500000,1500.0000,0.943940,160.874035,extrusion,83,1684
-736.1950,-169.3240,-530.8500,0.500000,-0.500000,-0.500000,0.500000,1500.0000,0.091590,160.872365,extrusion,83,1685
-729.1180,-162.2470,-530.8500,0.500000,-0.500000,-0.500000,0.500000,1500.0000,1.073400,160.875036,extrusion,83,1686
-728.2640,-162.2470,-530.8500,0.500000,-0.500000,-0.500000,0.500000,1500.0000,0.091590,160.872365,extrusion,83,1687
-736.1950,-170.1770,-530.8500,0.500000,-0.500000,-0.500000,0.500000,1500.0000,1.202850,160.874483,extrusion,83,1688
-736.1950,-171.0300,-530.8500,0.500000,-0.500000,-0.500000,0.500000,1500.0000,0.091480,160.867526,extrusion,83,1689
-727.4110,-162.2470,-530.8500,0.500000,-0.500000,-0.500000,0.500000,1500.0000,1.332230,160.874742,extrusion,83,1690
-726.5580,-162.2470,-530.8500,0.500000,-0.500000,-0.500000,0.500000,1500.0000,0.091480,160.867526,extrusion,83,1691
-736.1950,-171.8840,-530.8500,0.500000,-0.500000,-0.500000,0.500000,1500.0000,1.461680,160.874314,extrusion,83,1692
-736.1950,-172.7370,-530.8500,0.500000,-0.500000,-0.500000,0.500000,1500.0000,0.091480,160.867526,extrusion,83,1693
-725.7040,-162.2470,-530.8500,0.500000,-0.500000,-0.500000,0.500000,1500.0000,1.591140,160.874965,extrusion,83,1694
-724.8510,-162.2470,-530.8500,0.500000,-0.500000,-0.500000,0.500000,1500.0000,0.091480,160.867526,extrusion,83,1695
-736.1950,-173.5900,-530.8500,0.500000,-0.500000,-0.500000,0.500000,1500.0000,1.720510,160.874195,extrusion,83,1696
-736.1950,-174.4440,-530.8500,0.500000,-0.500000,-0.500000,0.500000,1500.0000,0.091590,160.872365,extrusion,83,1697
-723.9980,-162.2470,-530.8500,0.500000,-0.500000,-0.500000,0.500000,1500.0000,1.849970,160.874764,extrusion,83,1698
-723.1440,-162.2470,-530.8500,0.500000,-0.500000,-0.500000,0.500000,1500.0000,0.091590,160.872365,extrusion,83,1699
-736.1950,-175.2970,-530.8500,0.500000,-0.500000,-0.500000,0.500000,1500.0000,1.979420,160.874446,extrusion,83,1700
-736.1950,-176.1510,-530.8500,0.500000,-0.500000,-0.500000,0.500000,1500.0000,0.091590,160.872365,extrusion,83,1701
-722.2910,-162.2470,-530.8500,0.500000,-0.500000,-0.500000,0.500000,1500.0000,2.108880,160.874930,extrusion,83,1702
-721.4370,-162.2470,-530.8500,0.500000,-0.500000,-0.500000,0.500000,1500.0000,0.091590,160.872365,extrusion,83,1703
-736.1950,-177.0040,-530.8500,0.500000,-0.500000,-0.500000,0.500000,1500.0000,2.238330,160.874639,extrusion,83,1704
-736.1950,-177.8570,-530.8500,0.500000,-0.500000,-0.500000,0.500000,1500.0000,0.091480,160.867526,extrusion,83,1705
-720.5840,-162.2470,-530.8500,0.500000,-0.500000,-0.500000,0.500000,1500.0000,2.367710,160.874776,extrusion,83,1706
-719.7310,-162.2470,-530.8500,0.500000,-0.500000,-0.500000,0.500000,1500.0000,0.091480,160.867526,extrusion,83,1707
-736.1950,-178.7110,-530.8500,0.500000,-0.500000,-0.500000,0.500000,1500.0000,2.497160,160.874523,extrusion,83,1708
-736.1950,-179.5640,-530.8500,0.500000,-0.500000,-0.500000,0.500000,1500.0000,0.091480,160.867526,extrusion,83,1709
-718.8770,-162.2470,-530.8500,0.500000,-0.500000,-0.500000,0.500000,1500.0000,2.626620,160.874908,extrusion,83,1710
-718.0240,-162.2470,-530.8500,0.500000,-0.500000,-0.500000,0.500000,1500.0000,0.091480,160.867526,extrusion,83,1711
-736.1950,-180.4170,-530.8500,0.500000,-0.500000,-0.500000,0.500000,1500.0000,2.755990,160.874430,extrusion,83,1712
-736.1950,-181.2710,-530.8500,0.500000,-0.500000,-0.500000,0.500000,1500.0000,0.091590,160.872365,extrusion,83,1713
-717.1710,-162.2470,-530.8500,0.500000,-0.500000,-0.500000,0.500000,1500.0000,2.885450,160.874784,extrusion,83,1714
-716.3170,-162.2470,-530.8500,0.500000,-0.500000,-0.500000,0.500000,1500.0000,0.091590,160.872365,extrusion,83,1715
-736.1950,-182.1240,-530.8500,0.500000,-0.500000,-0.500000,0.500000,1500.0000,3.014900,160.874574,extrusion,83,1716
-736.1950,-182.9780,-530.8500,0.500000,-0.500000,-0.500000,0.500000,1500.0000,0.091590,160.872365,extrusion,83,1717
-715.4640,-162.2470,-530.8500,0.500000,-0.500000,-0.500000,0.500000,1500.0000,3.144350,160.874382,extrusion,83,1718
-714.6100,-162.2470,-530.8500,0.500000,-0.500000,-0.500000,0.500000,1500.0000,0.091590,160.872365,extrusion,83,1719
-736.1950,-183.8310,-530.8500,0.500000,-0.500000,-0.500000,0.500000,1500.0000,3.273810,160.874696,extrusion,83,1720
-736.1950,-184.6840,-530.8500,0.500000,-0.500000,-0.500000,0.500000,1500.0000,0.091480,160.867526,extrusion,83,1721
-713.7570,-162.2470,-530.8500,0.500000,-0.500000,-0.500000,0.500000,1500.0000,3.403190,160.874789,extrusion,83,1722
-713.5210,-162.1810,-530.8500,0.500000,-0.500000,-0.500000,0.500000,1500.0000,0.026280,160.861784,extrusion,83,1723
-713.2850,-162.1150,-530.8500,0.500000,-0.500000,-0.500000,0.500000,1500.0000,0.024250,148.436007,extrusion,83,1725
-713.2690,-162.0530,-530.8500,0.500000,-0.500000,-0.500000,0.500000,1500.0000,0.005800,135.871173,extrusion,83,1727
-713.3140,-162.0080,-530.8500,0.500000,-0.500000,-0.500000,0.500000,1500.0000,0.005770,136.000204,extrusion,83,1728
-713.3750,-162.0250,-530.8500,0.500000,-0.500000,-0.500000,0.500000,1500.0000,0.005740,135.966202,extrusion,83,1729
-713.3920,-162.0860,-530.8500,0.500000,-0.500000,-0.500000,0.500000,1500.0000,0.005740,135.966202,extrusion,83,1730
-713.3470,-162.1310,-530.8500,0.500000,-0.500000,-0.500000,0.500000,1500.0000,0.005770,136.000204,extrusion,83,1731
-722.8210,-172.1640,-530.8500,0.500000,-0.500000,-0.500000,0.500000,900.0000,0.000000,0.000000,travel,84,1734
-736.1950,-185.5380,-530.8500,0.500000,-0.500000,-0.500000,0.500000,1500.0000,2.028490,160.874723,extrusion,85,1737
-736.1950,-186.3910,-530.8500,0.500000,-0.500000,-0.500000,0.500000,1500.0000,0.091480,160.867526,extrusion,85,1738
-723.6880,-173.8850,-530.8500,0.500000,-0.500000,-0.500000,0.500000,1500.0000,1.896910,160.874496,extrusion,85,1739
-723.5570,-173.7020,-530.8500,0.500000,-0.500000,-0.500000,0.500000,1500.0000,0.024140,160.893611,extrusion,85,1740
-723.4260,-173.5200,-530.8500,0.500000,-0.500000,-0.500000,0.500000,1500.0000,0.022190,148.432613,extrusion,85,1742
-723.4710,-173.4740,-530.8500,0.500000,-0.500000,-0.500000,0.500000,1500.0000,0.005830,135.896164,extrusion,85,1744
-723.4540,-173.4130,-530.8500,0.500000,-0.500000,-0.500000,0.500000,1500.0000,0.005740,135.966202,extrusion,85,1745
-723.3930,-173.3960,-530.8500,0.500000,-0.500000,-0.500000,0.500000,1500.0000,0.005740,135.966202,extrusion,85,1746
-723.3470,-173.4410,-530.8500,0.500000,-0.500000,-0.500000,0.500000,1500.0000,0.005830,135.896164,extrusion,85,1747
-723.3640,-173.5030,-530.8500,0.500000,-0.500000,-0.500000,0.500000,1500.0000,0.005830,136.027624,extrusion,85,1748
-723.9320,-174.9820,-530.8500,0.500000,-0.500000,-0.500000,0.500000,900.0000,0.000000,0.000000,travel,86,1749
-736.1950,-187.2440,-530.8500,0.500000,-0.500000,-0.500000,0.500000,1500.0000,1.859900,160.874361,extrusion,87,1752
-736.1950,-188.0980,-530.8500,0.500000,-0.500000,-0.500000,0.500000,1500.0000,0.091590,160.872365,extrusion,87,1753
-724.0020,-175.9050,-530.8500,0.500000,-0.500000,-0.500000,0.500000,1500.0000,1.849360,160.874477,extrusion,87,1754
-723.9330,-176.6900,-530.8500,0.500000,-0.500000,-0.500000,0.500000,1500.0000,0.084520,160.882884,extrusion,87,1755
-736.1950,-188.9510,-530.8500,0.500000,-0.500000,-0.500000,0.500000,1500.0000,1.859750,160.874506,extrusion,87,1756
-736.1950,-189.8050,-530.8500,0.500000,-0.500000,-0.500000,0.500000,1500.0000,0.091590,160.872365,extrusion,87,1757
-723.7900,-177.4000,-530.8500,0.500000,-0.500000,-0.500000,0.500000,1500.0000,1.881520,160.874915,extrusion,87,1758
-723.6050,-178.0680,-530.8500,0.500000,-0.500000,-0.500000,0.500000,1500.0000,0.074340,160.875596,extrusion,87,1759
-736.1950,-190.6580,-530.8500,0.500000,-0.500000,-0.500000,0.500000,1500.0000,1.909580,160.874937,extrusion,87,1760
-736.1950,-191.5110,-530.8500,0.500000,-0.500000,-0.500000,0.500000,1500.0000,0.091480,160.867526,extrusion,87,1761
-723.3330,-178.6500,-530.8500,0.500000,-0.500000,-0.500000,0.500000,1500.0000,1.950760,160.874971,extrusion,87,1762
-723.0370,-179.2060,-530.8500,0.500000,-0.500000,-0.500000,0.500000,1500.0000,0.067550,160.863328,extrusion,87,1763
-736.1950,-192.3650,-530.8500,0.500000,-0.500000,-0.500000,0.500000,1500.0000,1.995800,160.874383,extrusion,87,1764
-736.1950,-193.2180,-530.8500,0.500000,-0.500000,-0.500000,0.500000,1500.0000,0.091480,160.867526,extrusion,87,1765
-722.6870,-179.7100,-530.8500,0.500000,-0.500000,-0.500000,0.500000,1500.0000,2.048810,160.874383,extrusion,87,1766
-722.2990,-180.1750,-530.8500,0.500000,-0.500000,-0.500000,0.500000,1500.0000,0.064950,160.869645,extrusion,87,1767
-736.1950,-194.0720,-530.8500,0.500000,-0.500000,-0.500000,0.500000,1500.0000,2.107740,160.874743,extrusion,87,1768
-736.1950,-194.9250,-530.8500,0.500000,-0.500000,-0.500000,0.500000,1500.0000,0.091480,160.867526,extrusion,87,1769
-721.8720,-180.6020,-530.8500,0.500000,-0.500000,-0.500000,0.500000,1500.0000,2.172430,160.874815,extrusion,87,1770
-721.3960,-180.9790,-530.8500,0.500000,-0.500000,-0.500000,0.500000,1500.0000,0.065120,160.866694,extrusion,87,1771
-736.1950,-195.7780,-530.8500,0.500000,-0.500000,-0.500000,0.500000,1500.0000,2.244620,160.874318,extrusion,87,1772
-736.1950,-196.6320,-530.8500,0.500000,-0.500000,-0.500000,0.500000,1500.0000,0.091590,160.872365,extrusion,87,1773
-720.8930,-181.3300,-530.8500,0.500000,-0.500000,-0.500000,0.500000,1500.0000,2.320920,160.874879,extrusion,87,1774
-720.3240,-181.6140,-530.8500,0.500000,-0.500000,-0.500000,0.500000,1500.0000,0.068200,160.864766,extrusion,87,1775
-736.1950,-197.4850,-530.8500,0.500000,-0.500000,-0.500000,0.500000,1500.0000,2.407220,160.874701,extrusion,87,1776
-736.1950,-198.3380,-530.8500,0.500000,-0.500000,-0.500000,0.500000,1500.0000,0.091480,160.867526,extrusion,87,1777
-719.7330,-181.8770,-530.8500,0.500000,-0.500000,-0.500000,0.500000,1500.0000,2.496780,160.874471,extrusion,87,1778
-719.0610,-182.0580,-530.8500,0.500000,-0.500000,-0.500000,0.500000,1500.0000,0.074640,160.873859,extrusion,87,1779
-736.1950,-199.1920,-530.8500,0.500000,-0.500000,-0.500000,0.500000,1500.0000,2.598780,160.874428,extrusion,87,1780
-736.1950,-200.0450,-530.8500,0.500000,-0.500000,-0.500000,0.500000,1500.0000,0.091480,160.867526,extrusion,87,1781
-718.3330,-182.1830,-530.8500,0.500000,-0.500000,-0.500000,0.500000,1500.0000,2.709200,160.874512,extrusion,87,1782
-717.5380,-182.2420,-530.8500,0.500000,-0.500000,-0.500000,0.500000,1500.0000,0.085500,160.878329,extrusion,87,1783
-736.1950,-200.8990,-530.8500,0.500000,-0.500000,-0.500000,0.500000,1500.0000,2.829780,160.874468,extrusion,87,1784
-736.1950,-201.7520,-530.8500,0.500000,-0.500000,-0.500000,0.500000,1500.0000,0.091480,160.867526,extrusion,87,1785
-716.6030,-182.1600,-530.8500,0.500000,-0.500000,-0.500000,0.500000,1500.0000,2.971600,160.874733,extrusion,87,1786
-715.0390,-181.5830,-530.8500,0.500000,-0.500000,-0.500000,0.500000,900.0000,0.000000,0.000000,travel,88,1788
-715.2750,-181.5720,-530.8500,0.500000,-0.500000,-0.500000,0.500000,1500.0000,0.021420,135.996421,extrusion,89,1791
-715.7860,-181.7190,-530.8500,0.500000,-0.500000,-0.500000,0.500000,1500.0000,0.048200,135.972897,extrusion,89,1792
-715.6260,-181.7970,-530.8500,0.500000,-0.500000,-0.500000,0.500000,1500.0000,0.017610,148.398876,extrusion,89,1794
-715.4650,-181.8760,-530.8500,0.500000,-0.500000,-0.500000,0.500000,1500.0000,0.019230,160.841835,extrusion,89,1796
-736.1950,-202.6050,-530.8500,0.500000,-0.500000,-0.500000,0.500000,1500.0000,3.144130,160.874766,extrusion,89,1797
-736.1950,-203.4590,-530.8500,0.500000,-0.500000,-0.500000,0.500000,1500.0000,0.091590,160.872365,extrusion,89,1798
-713.4900,-180.7540,-530.8500,0.500000,-0.500000,-0.500000,0.500000,1500.0000,3.443760,160.874656,extrusion,89,1799
-722.4580,-171.7370,-530.8500,0.500000,-0.500000,-0.500000,0.500000,900.0000,0.000000,0.000000,travel,90,1802
-721.6960,-170.9800,-530.8500,0.500000,-0.500000,-0.500000,0.500000,1500.0000,0.099130,138.436699,extrusion,91,1805
-721.4830,-170.7960,-530.8500,0.500000,-0.500000,-0.500000,0.500000,1500.0000,0.028080,149.643287,extrusion,91,1807
-721.2690,-170.6120,-530.8500,0.500000,-0.500000,-0.500000,0.500000,1500.0000,0.030270,160.881215,extrusion,91,1809
-712.7960,-162.1490,-530.8500,0.500000,-0.500000,-0.500000,0.500000,1500.0000,1.284380,160.875115,extrusion,91,1810
-712.6880,-162.0510,-530.8500,0.500000,-0.500000,-0.500000,0.500000,1500.0000,0.014430,148.420628,extrusion,91,1812
-712.7340,-162.0060,-530.8500,0.500000,-0.500000,-0.500000,0.500000,1500.0000,0.005830,135.896164,extrusion,91,1814
-712.7170,-161.9440,-530.8500,0.500000,-0.500000,-0.500000,0.500000,1500.0000,0.005830,136.027624,extrusion,91,1815
-712.6550,-161.9270,-530.8500,0.500000,-0.500000,-0.500000,0.500000,1500.0000,0.005830,136.027624,extrusion,91,1816
-712.6100,-161.9730,-530.8500,0.500000,-0.500000,-0.500000,0.500000,1500.0000,0.005830,135.896164,extrusion,91,1817
-712.6270,-162.0340,-530.8500,0.500000,-0.500000,-0.500000,0.500000,1500.0000,0.005740,135.966202,extrusion,91,1818
-712.0500,-162.2470,-530.8500,0.500000,-0.500000,-0.500000,0.500000,1500.0000,0.065960,160.862526,extrusion,91,1820
-719.5560,-169.7520,-530.8500,0.500000,-0.500000,-0.500000,0.500000,1500.0000,1.138390,160.874683,extrusion,91,1821
-719.5100,-169.8630,-530.8500,0.500000,-0.500000,-0.500000,0.500000,1500.0000,0.012890,160.918397,extrusion,91,1822
-719.4640,-169.9740,-530.8500,0.500000,-0.500000,-0.500000,0.500000,1500.0000,0.011890,148.434425,extrusion,91,1824
-719.7510,-170.0470,-530.8500,0.500000,-0.500000,-0.500000,0.500000,1500.0000,0.026840,135.949910,extrusion,91,1826
-719.9830,-170.0240,-530.8500,0.500000,-0.500000,-0.500000,0.500000,1500.0000,0.021130,135.949932,extrusion,91,1827
-718.4550,-169.5050,-530.8500,0.500000,-0.500000,-0.500000,0.500000,900.0000,0.000000,0.000000,travel,92,1829
-711.1970,-162.2470,-530.8500,0.500000,-0.500000,-0.500000,0.500000,1500.0000,1.100850,160.874587,extrusion,93,1832
-710.3440,-162.2470,-530.8500,0.500000,-0.500000,-0.500000,0.500000,1500.0000,0.091480,160.867526,extrusion,93,1833
-717.5360,-169.4390,-530.8500,0.500000,-0.500000,-0.500000,0.500000,1500.0000,1.090840,160.874658,extrusion,93,1834
-716.7520,-169.5080,-530.8500,0.500000,-0.500000,-0.500000,0.500000,1500.0000,0.084410,160.876867,extrusion,93,1835
-709.4900,-162.2470,-530.8500,0.500000,-0.500000,-0.500000,0.500000,1500.0000,1.101380,160.874461,extrusion,93,1836
-708.6370,-162.2470,-530.8500,0.500000,-0.500000,-0.500000,0.500000,1500.0000,0.091480,160.867526,extrusion,93,1837
-716.0390,-169.6490,-530.8500,0.500000,-0.500000,-0.500000,0.500000,1500.0000,1.122690,160.874435,extrusion,93,1838
-715.3750,-169.8380,-530.8500,0.500000,-0.500000,-0.500000,0.500000,1500.0000,0.074040,160.869201,extrusion,93,1839
-707.7830,-162.2470,-530.8500,0.500000,-0.500000,-0.500000,0.500000,1500.0000,1.151430,160.874128,extrusion,93,1840
-706.9300,-162.2470,-530.8500,0.500000,-0.500000,-0.500000,0.500000,1500.0000,0.091480,160.867526,extrusion,93,1841
-714.7880,-170.1050,-530.8500,0.500000,-0.500000,-0.500000,0.500000,1500.0000,1.191850,160.873992,extrusion,93,1842
-714.2320,-170.4020,-530.8500,0.500000,-0.500000,-0.500000,0.500000,1500.0000,0.067610,160.886024,extrusion,93,1843
-706.0770,-162.2470,-530.8500,0.500000,-0.500000,-0.500000,0.500000,1500.0000,1.236900,160.874380,extrusion,93,1844
-705.2230,-162.2470,-530.8500,0.500000,-0.500000,-0.500000,0.500000,1500.0000,0.091590,160.872365,extrusion,93,1845
-713.7300,-170.7540,-530.8500,0.500000,-0.500000,-0.500000,0.500000,1500.0000,1.290290,160.874481,extrusion,93,1846
-713.2670,-171.1430,-530.8500,0.500000,-0.500000,-0.500000,0.500000,1500.0000,0.064860,160.883558,extrusion,93,1847
-704.3700,-162.2470,-530.8500,0.500000,-0.500000,-0.500000,0.500000,1500.0000,1.349370,160.874840,extrusion,93,1848
-703.5160,-162.2470,-530.8500,0.500000,-0.500000,-0.500000,0.500000,1500.0000,0.091590,160.872365,extrusion,93,1849
-712.8420,-171.5720,-530.8500,0.500000,-0.500000,-0.500000,0.500000,1500.0000,1.414440,160.875038,extrusion,93,1850
-712.4630,-172.0470,-530.8500,0.500000,-0.500000,-0.500000,0.500000,1500.0000,0.065170,160.867873,extrusion,93,1851
-702.6630,-162.2470,-530.8500,0.500000,-0.500000,-0.500000,0.500000,1500.0000,1.486410,160.875090,extrusion,93,1852
-701.8100,-162.2470,-530.8500,0.500000,-0.500000,-0.500000,0.500000,1500.0000,0.091480,160.867526,extrusion,93,1853
-712.1100,-172.5470,-530.8500,0.500000,-0.500000,-0.500000,0.500000,1500.0000,1.562240,160.874344,extrusion,93,1854
-711.8250,-173.1150,-530.8500,0.500000,-0.500000,-0.500000,0.500000,1500.0000,0.068160,160.883437,extrusion,93,1855
-700.9560,-162.2470,-530.8500,0.500000,-0.500000,-0.500000,0.500000,1500.0000,1.648470,160.874681,extrusion,93,1856
-700.1030,-162.2470,-530.8500,0.500000,-0.500000,-0.500000,0.500000,1500.0000,0.091480,160.867526,extrusion,93,1857
-711.5650,-173.7080,-530.8500,0.500000,-0.500000,-0.500000,0.500000,1500.0000,1.738410,160.874427,extrusion,93,1858
-711.3830,-174.3800,-530.8500,0.500000,-0.500000,-0.500000,0.500000,1500.0000,0.074670,160.878244,extrusion,93,1859
-699.2500,-162.2470,-530.8500,0.500000,-0.500000,-0.500000,0.500000,1500.0000,1.840260,160.874515,extrusion,93,1860
-699.0600,-162.2010,-530.8500,0.500000,-0.500000,-0.500000,0.500000,1500.0000,0.020970,160.904087,extrusion,93,1861
-698.8700,-162.1550,-530.8500,0.500000,-0.500000,-0.500000,0.500000,1500.0000,0.019340,148.396998,extrusion,93,1863
-698.9150,-162.1090,-530.8500,0.500000,-0.500000,-0.500000,0.500000,1500.0000,0.005830,135.896164,extrusion,93,1865
-698.8980,-162.0480,-530.8500,0.500000,-0.500000,-0.500000,0.500000,1500.0000,0.005740,135.966202,extrusion,93,1866
-698.8370,-162.0310,-530.8500,0.500000,-0.500000,-0.500000,0.500000,1500.0000,0.005740,135.966202,extrusion,93,1867
-698.7920,-162.0760,-530.8500,0.500000,-0.500000,-0.500000,0.500000,1500.0000,0.005770,136.000204,extrusion,93,1868
-698.8080,-162.1380,-530.8500,0.500000,-0.500000,-0.500000,0.500000,1500.0000,0.005800,135.871173,extrusion,93,1869
-699.0070,-162.8570,-530.8500,0.500000,-0.500000,-0.500000,0.500000,1500.0000,0.080010,160.871368,extrusion,93,1871
-711.2580,-175.1080,-530.8500,0.500000,-0.500000,-0.500000,0.500000,1500.0000,1.858160,160.874729,extrusion,93,1872
-711.4830,-176.1780,-530.8500,0.500000,-0.500000,-0.500000,0.500000,1500.0000,0.117270,160.878813,extrusion,93,1873
-711.5290,-176.1330,-530.8500,0.500000,-0.500000,-0.500000,0.500000,1500.0000,0.005830,135.896164,extrusion,93,1875
-711.5120,-176.0710,-530.8500,0.500000,-0.500000,-0.500000,0.500000,1500.0000,0.005830,136.027624,extrusion,93,1876
-711.4500,-176.0550,-530.8500,0.500000,-0.500000,-0.500000,0.500000,1500.0000,0.005800,135.871173,extrusion,93,1877
-711.4050,-176.1000,-530.8500,0.500000,-0.500000,-0.500000,0.500000,1500.0000,0.005770,136.000204,extrusion,93,1878
-711.4220,-176.1610,-530.8500,0.500000,-0.500000,-0.500000,0.500000,1500.0000,0.005740,135.966202,extrusion,93,1879
-711.3110,-176.0320,-530.8500,0.500000,-0.500000,-0.500000,0.500000,1500.0000,0.016840,148.429106,extrusion,93,1881
-711.2000,-175.9030,-530.8500,0.500000,-0.500000,-0.500000,0.500000,1500.0000,0.018250,160.856959,extrusion,93,1883
-699.0070,-163.7110,-530.8500,0.500000,-0.500000,-0.500000,0.500000,1500.0000,1.849290,160.874984,extrusion,93,1884
-699.0070,-164.5640,-530.8500,0.500000,-0.500000,-0.500000,0.500000,1500.0000,0.091480,160.867526,extrusion,93,1885
-711.2810,-176.8380,-530.8500,0.500000,-0.500000,-0.500000,0.500000,1500.0000,1.861650,160.874858,extrusion,93,1886
-711.8750,-178.4640,-530.8500,0.500000,-0.500000,-0.500000,0.500000,900.0000,0.000000,0.000000,travel,94,1888
-711.9200,-178.4190,-530.8500,0.500000,-0.500000,-0.500000,0.500000,1500.0000,0.005770,136.000204,extrusion,95,1891
-711.9030,-178.3580,-530.8500,0.500000,-0.500000,-0.500000,0.500000,1500.0000,0.005740,135.966202,extrusion,95,1892
-711.8420,-178.3410,-530.8500,0.500000,-0.500000,-0.500000,0.500000,1500.0000,0.005740,135.966202,extrusion,95,1893
-711.7960,-178.3860,-530.8500,0.500000,-0.500000,-0.500000,0.500000,1500.0000,0.005830,135.896164,extrusion,95,1894
-711.8130,-178.4480,-530.8500,0.500000,-0.500000,-0.500000,0.500000,1500.0000,0.005830,136.027624,extrusion,95,1895
-711.6890,-178.2120,-530.8500,0.500000,-0.500000,-0.500000,0.500000,1500.0000,0.026380,148.428323,extrusion,95,1897
-711.5660,-177.9760,-530.8500,0.500000,-0.500000,-0.500000,0.500000,1500.0000,0.028540,160.861434,extrusion,95,1899
-699.0070,-165.4170,-530.8500,0.500000,-0.500000,-0.500000,0.500000,1500.0000,1.904870,160.874253,extrusion,95,1900
-698.7850,-166.7420,-530.8500,0.500000,-0.500000,-0.500000,0.500000,900.0000,0.000000,0.000000,travel,96,1902
-698.7680,-166.6810,-530.8500,0.500000,-0.500000,-0.500000,0.500000,1500.0000,0.005740,135.966202,extrusion,97,1905
-698.8140,-166.6360,-530.8500,0.500000,-0.500000,-0.500000,0.500000,1500.0000,0.005830,135.896164,extrusion,97,1906
-698.8750,-166.6520,-530.8500,0.500000,-0.500000,-0.500000,0.500000,1500.0000,0.005720,136.053429,extrusion,97,1907
-698.8920,-166.7140,-530.8500,0.500000,-0.500000,-0.500000,0.500000,1500.0000,0.005830,136.027624,extrusion,97,1908
-698.8470,-166.7590,-530.8500,0.500000,-0.500000,-0.500000,0.500000,1500.0000,0.005770,136.000204,extrusion,97,1909
-698.9270,-166.5150,-530.8500,0.500000,-0.500000,-0.500000,0.500000,1500.0000,0.025410,148.434422,extrusion,97,1911
-699.0070,-166.2710,-530.8500,0.500000,-0.500000,-0.500000,0.500000,1500.0000,0.027540,160.876977,extrusion,97,1913
-712.7240,-179.9880,-530.8500,0.500000,-0.500000,-0.500000,0.500000,1500.0000,2.080510,160.874396,extrusion,97,1914
-699.0070,-167.1240,-530.8500,0.500000,-0.500000,-0.500000,0.500000,900.0000,0.000000,0.000000,travel,98,1917
-736.1950,-204.3120,-530.8500,0.500000,-0.500000,-0.500000,0.500000,1500.0000,5.640450,160.874494,extrusion,99,1919
-736.1950,-205.1650,-530.8500,0.500000,-0.500000,-0.500000,0.500000,1500.0000,0.091480,160.867526,extrusion,99,1920
-699.0070,-167.9770,-530.8500,0.500000,-0.500000,-0.500000,0.500000,1500.0000,5.640450,160.874494,extrusion,99,1921
-699.0070,-168.8310,-530.8500,0.500000,-0.500000,-0.500000,0.500000,1500.0000,0.091590,160.872365,extrusion,99,1922
-736.1950,-206.0190,-530.8500,0.500000,-0.500000,-0.500000,0.500000,1500.0000,5.640450,160.874494,extrusion,99,1923
-736.1950,-206.8720,-530.8500,0.500000,-0.500000,-0.500000,0.500000,1500.0000,0.091480,160.867526,extrusion,99,1924
-699.0070,-169.6840,-530.8500,0.500000,-0.500000,-0.500000,0.500000,1500.0000,5.640450,160.874494,extrusion,99,1925
-699.0070,-170.5380,-530.8500,0.500000,-0.500000,-0.500000,0.500000,1500.0000,0.091590,160.872365,extrusion,99,1926
-736.1950,-207.7260,-530.8500,0.500000,-0.500000,-0.500000,0.500000,1500.0000,5.640450,160.874494,extrusion,99,1927
-736.1950,-208.5790,-530.8500,0.500000,-0.500000,-0.500000,0.500000,1500.0000,0.091480,160.867526,extrusion,99,1928
-699.0070,-171.3910,-530.8500,0.500000,-0.500000,-0.500000,0.500000,1500.0000,5.640450,160.874494,extrusion,99,1929
-699.0070,-172.2440,-530.8500,0.500000,-0.500000,-0.500000,0.500000,1500.0000,0.091480,160.867526,extrusion,99,1930
-736.1950,-209.4320,-530.8500,0.500000,-0.500000,-0.500000,0.500000,1500.0000,5.640450,160.874494,extrusion,99,1931
-736.1950,-210.2860,-530.8500,0.500000,-0.500000,-0.500000,0.500000,1500.0000,0.091590,160.872365,extrusion,99,1932
-699.0070,-173.0980,-530.8500,0.500000,-0.500000,-0.500000,0.500000,1500.0000,5.640450,160.874494,extrusion,99,1933
-699.0070,-173.9510,-530.8500,0.500000,-0.500000,-0.500000,0.500000,1500.0000,0.091480,160.867526,extrusion,99,1934
-736.1950,-211.1390,-530.8500,0.500000,-0.500000,-0.500000,0.500000,1500.0000,5.640450,160.874494,extrusion,99,1935
-736.1950,-211.9920,-530.8500,0.500000,-0.500000,-0.500000,0.500000,1500.0000,0.091480,160.867526,extrusion,99,1936
-699.0070,-174.8040,-530.8500,0.500000,-0.500000,-0.500000,0.500000,1500.0000,5.640450,160.874494,extrusion,99,1937
-699.0070,-175.6580,-530.8500,0.500000,-0.500000,-0.500000,0.500000,1500.0000,0.091590,160.872365,extrusion,99,1938
-736.1950,-212.8460,-530.8500,0.500000,-0.500000,-0.500000,0.500000,1500.0000,5.640450,160.874494,extrusion,99,1939
-736.1950,-213.6990,-530.8500,0.500000,-0.500000,-0.500000,0.500000,1500.0000,0.091480,160.867526,extrusion,99,1940
-699.0070,-176.5110,-530.8500,0.500000,-0.500000,-0.500000,0.500000,1500.0000,5.640450,160.874494,extrusion,99,1941
-699.0070,-177.3650,-530.8500,0.500000,-0.500000,-0.500000,0.500000,1500.0000,0.091590,160.872365,extrusion,99,1942
-736.1950,-214.5530,-530.8500,0.500000,-0.500000,-0.500000,0.500000,1500.0000,5.640450,160.874494,extrusion,99,1943
-736.1950,-215.4060,-530.8500,0.500000,-0.500000,-0.500000,0.500000,1500.0000,0.091480,160.867526,extrusion,99,1944
-699.0070,-178.2180,-530.8500,0.500000,-0.500000,-0.500000,0.500000,1500.0000,5.640450,160.874494,extrusion,99,1945
-699.0070,-179.0710,-530.8500,0.500000,-0.500000,-0.500000,0.500000,1500.0000,0.091480,160.867526,extrusion,99,1946
-736.1950,-216.2590,-530.8500,0.500000,-0.500000,-0.500000,0.500000,1500.0000,5.640450,160.874494,extrusion,99,1947
-736.1950,-217.1130,-530.8500,0.500000,-0.500000,-0.500000,0.500000,1500.0000,0.091590,160.872365,extrusion,99,1948
-699.0070,-179.9250,-530.8500,0.500000,-0.500000,-0.500000,0.500000,1500.0000,5.640450,160.874494,extrusion,99,1949
-699.0070,-180.7780,-530.8500,0.500000,-0.500000,-0.500000,0.500000,1500.0000,0.091480,160.867526,extrusion,99,1950
-736.1950,-217.9660,-530.8500,0.500000,-0.500000,-0.500000,0.500000,1500.0000,5.640450,160.874494,extrusion,99,1951
-736.1950,-218.8190,-530.8500,0.500000,-0.500000,-0.500000,0.500000,1500.0000,0.091480,160.867526,extrusion,99,1952
-699.0070,-181.6310,-530.8500,0.500000,-0.500000,-0.500000,0.500000,1500.0000,5.640450,160.874494,extrusion,99,1953
-699.0070,-182.4850,-530.8500,0.500000,-0.500000,-0.500000,0.500000,1500.0000,0.091590,160.872365,extrusion,99,1954
-736.1950,-219.6730,-530.8500,0.500000,-0.500000,-0.500000,0.500000,1500.0000,5.640450,160.874494,extrusion,99,1955
-736.1950,-220.5260,-530.8500,0.500000,-0.500000,-0.500000,0.500000,1500.0000,0.091480,160.867526,extrusion,99,1956
-699.0070,-183.3380,-530.8500,0.500000,-0.500000,-0.500000,0.500000,1500.0000,5.640450,160.874494,extrusion,99,1957
-699.0070,-184.1920,-530.8500,0.500000,-0.500000,-0.500000,0.500000,1500.0000,0.091590,160.872365,extrusion,99,1958
-736.1950,-221.3800,-530.8500,0.500000,-0.500000,-0.500000,0.500000,1500.0000,5.640450,160.874494,extrusion,99,1959
-736.1950,-222.2330,-530.8500,0.500000,-0.500000,-0.500000,0.500000,1500.0000,0.091480,160.867526,extrusion,99,1960
-699.0070,-185.0450,-530.8500,0.500000,-0.500000,-0.500000,0.500000,1500.0000,5.640450,160.874494,extrusion,99,1961
-699.0070,-185.8980,-530.8500,0.500000,-0.500000,-0.500000,0.500000,1500.0000,0.091480,160.867526,extrusion,99,1962
-736.1950,-223.0860,-530.8500,0.500000,-0.500000,-0.500000,0.500000,1500.0000,5.640450,160.874494,extrusion,99,1963
-736.1950,-223.9400,-530.8500,0.500000,-0.500000,-0.500000,0.500000,1500.0000,0.091590,160.872365,extrusion,99,1964
-699.0070,-186.7520,-530.8500,0.500000,-0.500000,-0.500000,0.500000,1500.0000,5.640450,160.874494,extrusion,99,1965
-699.0070,-187.6050,-530.8500,0.500000,-0.500000,-0.500000,0.500000,1500.0000,0.091480,160.867526,extrusion,99,1966
-736.1950,-224.7930,-530.8500,0.500000,-0.500000,-0.500000,0.500000,1500.0000,5.640450,160.874494,extrusion,99,1967
-736.1950,-225.6460,-530.8500,0.500000,-0.500000,-0.500000,0.500000,1500.0000,0.091480,160.867526,extrusion,99,1968
-699.0070,-188.4580,-530.8500,0.500000,-0.500000,-0.500000,0.500000,1500.0000,5.640450,160.874494,extrusion,99,1969
-699.0070,-189.3120,-530.8500,0.500000,-0.500000,-0.500000,0.500000,1500.0000,0.091590,160.872365,extrusion,99,1970
-736.1950,-226.5000,-530.8500,0.500000,-0.500000,-0.500000,0.500000,1500.0000,5.640450,160.874494,extrusion,99,1971
-736.1950,-227.3530,-530.8500,0.500000,-0.500000,-0.500000,0.500000,1500.0000,0.091480,160.867526,extrusion,99,1972
-699.0070,-190.1650,-530.8500,0.500000,-0.500000,-0.500000,0.500000,1500.0000,5.640450,160.874494,extrusion,99,1973
-699.0070,-191.0190,-530.8500,0.500000,-0.500000,-0.500000,0.500000,1500.0000,0.091590,160.872365,extrusion,99,1974
-736.1950,-228.2070,-530.8500,0.500000,-0.500000,-0.500000,0.500000,1500.0000,5.640450,160.874494,extrusion,99,1975
-736.1950,-229.0600,-530.8500,0.500000,-0.500000,-0.500000,0.500000,1500.0000,0.091480,160.867526,extrusion,99,1976
-699.0070,-191.8720,-530.8500,0.500000,-0.500000,-0.500000,0.500000,1500.0000,5.640450,160.874494,extrusion,99,1977
-699.0070,-192.7250,-530.8500,0.500000,-0.500000,-0.500000,0.500000,1500.0000,0.091480,160.867526,extrusion,99,1978
-736.1950,-229.9130,-530.8500,0.500000,-0.500000,-0.500000,0.500000,1500.0000,5.640450,160.874494,extrusion,99,1979
-736.1950,-230.7670,-530.8500,0.500000,-0.500000,-0.500000,0.500000,1500.0000,0.091590,160.872365,extrusion,99,1980
-699.0070,-193.5790,-530.8500,0.500000,-0.500000,-0.500000,0.500000,1500.0000,5.640450,160.874494,extrusion,99,1981
-699.0070,-194.4320,-530.8500,0.500000,-0.500000,-0.500000,0.500000,1500.0000,0.091480,160.867526,extrusion,99,1982
-736.1950,-231.6200,-530.8500,0.500000,-0.500000,-0.500000,0.500000,1500.0000,5.640450,160.874494,extrusion,99,1983
-736.1950,-232.4730,-530.8500,0.500000,-0.500000,-0.500000,0.500000,1500.0000,0.091480,160.867526,extrusion,99,1984
-699.0070,-195.2850,-530.8500,0.500000,-0.500000,-0.500000,0.500000,1500.0000,5.640450,160.874494,extrusion,99,1985
-699.0070,-196.1390,-530.8500,0.500000,-0.500000,-0.500000,0.500000,1500.0000,0.091590,160.872365,extrusion,99,1986
-736.1950,-233.3270,-530.8500,0.500000,-0.500000,-0.500000,0.500000,1500.0000,5.640450,160.874494,extrusion,99,1987
-736.1950,-234.1800,-530.8500,0.500000,-0.500000,-0.500000,0.500000,1500.0000,0.091480,160.867526,extrusion,99,1988
-699.0070,-196.9920,-530.8500,0.500000,-0.500000,-0.500000,0.500000,1500.0000,5.640450,160.874494,extrusion,99,1989
-698.8470,-198.3340,-530.8500,0.500000,-0.500000,-0.500000,0.500000,900.0000,0.000000,0.000000,travel,100,1991
-698.8920,-198.2890,-530.8500,0.500000,-0.500000,-0.500000,0.500000,1500.0000,0.005770,136.000204,extrusion,101,1994
-698.8750,-198.2270,-530.8500,0.500000,-0.500000,-0.500000,0.500000,1500.0000,0.005830,136.027624,extrusion,101,1995
-698.8140,-198.2110,-530.8500,0.500000,-0.500000,-0.500000,0.500000,1500.0000,0.005720,136.053429,extrusion,101,1996
-698.7680,-198.2560,-530.8500,0.500000,-0.500000,-0.500000,0.500000,1500.0000,0.005830,135.896164,extrusion,101,1997
-698.7850,-198.3170,-530.8500,0.500000,-0.500000,-0.500000,0.500000,1500.0000,0.005740,135.966202,extrusion,101,1998
-698.8960,-198.0810,-530.8500,0.500000,-0.500000,-0.500000,0.500000,1500.0000,0.025810,148.446693,extrusion,101,2000
-699.0070,-197.8460,-530.8500,0.500000,-0.500000,-0.500000,0.500000,1500.0000,0.027870,160.852720,extrusion,101,2002
-736.1950,-235.0340,-530.8500,0.500000,-0.500000,-0.500000,0.500000,1500.0000,5.640450,160.874494,extrusion,101,2003
-736.1950,-235.8870,-530.8500,0.500000,-0.500000,-0.500000,0.500000,1500.0000,0.091480,160.867526,extrusion,101,2004
-723.3310,-223.0240,-530.8500,0.500000,-0.500000,-0.500000,0.500000,1500.0000,1.951060,160.874695,extrusion,101,2005
-723.0210,-222.5970,-530.8500,0.500000,-0.500000,-0.500000,0.500000,1500.0000,0.056590,160.869503,extrusion,101,2006
-722.4360,-221.8980,-530.8500,0.500000,-0.500000,-0.500000,0.500000,1500.0000,0.082620,135.963210,extrusion,101,2008
-721.6910,-221.1410,-530.8500,0.500000,-0.500000,-0.500000,0.500000,1500.0000,0.096270,135.960714,extrusion,101,2009
-720.8500,-220.4240,-530.8500,0.500000,-0.500000,-0.500000,0.500000,1500.0000,0.100180,135.971742,extrusion,101,2010
-720.6370,-220.2700,-530.8500,0.500000,-0.500000,-0.500000,0.500000,1500.0000,0.026010,148.436167,extrusion,101,2012
-720.4240,-220.1160,-530.8500,0.500000,-0.500000,-0.500000,0.500000,1500.0000,0.028190,160.877183,extrusion,101,2014
-699.0070,-198.6990,-530.8500,0.500000,-0.500000,-0.500000,0.500000,1500.0000,3.248400,160.874469,extrusion,101,2015
-699.0070,-199.5520,-530.8500,0.500000,-0.500000,-0.500000,0.500000,1500.0000,0.091480,160.867526,extrusion,101,2016
-719.0870,-219.6330,-530.8500,0.500000,-0.500000,-0.500000,0.500000,1500.0000,3.045690,160.874584,extrusion,101,2017
-719.1880,-219.7770,-530.8500,0.500000,-0.500000,-0.500000,0.500000,1500.0000,0.018860,160.839920,extrusion,101,2018
-719.2890,-219.9210,-530.8500,0.500000,-0.500000,-0.500000,0.500000,1500.0000,0.017400,148.388898,extrusion,101,2020
-719.5140,-219.8800,-530.8500,0.500000,-0.500000,-0.500000,0.500000,1500.0000,0.020730,135.961143,extrusion,101,2022
-718.0760,-219.4750,-530.8500,0.500000,-0.500000,-0.500000,0.500000,900.0000,0.000000,0.000000,travel,102,2024
-699.0070,-200.4060,-530.8500,0.500000,-0.500000,-0.500000,0.500000,1500.0000,2.892270,160.874487,extrusion,103,2027
-699.0070,-201.2590,-530.8500,0.500000,-0.500000,-0.500000,0.500000,1500.0000,0.091480,160.867526,extrusion,103,2028
-717.2150,-219.4670,-530.8500,0.500000,-0.500000,-0.500000,0.500000,1500.0000,2.761680,160.874560,extrusion,103,2029
-716.4390,-219.5450,-530.8500,0.500000,-0.500000,-0.500000,0.500000,1500.0000,0.083650,160.883896,extrusion,103,2030
-699.0070,-202.1120,-530.8500,0.500000,-0.500000,-0.500000,0.500000,1500.0000,2.644060,160.874753,extrusion,103,2031
-699.0070,-202.9660,-530.8500,0.500000,-0.500000,-0.500000,0.500000,1500.0000,0.091590,160.872365,extrusion,103,2032
-715.7630,-219.7220,-530.8500,0.500000,-0.500000,-0.500000,0.500000,1500.0000,2.541450,160.874600,extrusion,103,2033
-715.1320,-219.9450,-530.8500,0.500000,-0.500000,-0.500000,0.500000,1500.0000,0.071780,160.882583,extrusion,103,2034
-699.0070,-203.8190,-530.8500,0.500000,-0.500000,-0.500000,0.500000,1500.0000,2.445820,160.874631,extrusion,103,2035
-699.0070,-204.6730,-530.8500,0.500000,-0.500000,-0.500000,0.500000,1500.0000,0.091590,160.872365,extrusion,103,2036
-714.5500,-220.2160,-530.8500,0.500000,-0.500000,-0.500000,0.500000,1500.0000,2.357470,160.874640,extrusion,103,2037
-714.0280,-220.5470,-530.8500,0.500000,-0.500000,-0.500000,0.500000,1500.0000,0.066290,160.872577,extrusion,103,2038
-699.0070,-205.5260,-530.8500,0.500000,-0.500000,-0.500000,0.500000,1500.0000,2.278300,160.874913,extrusion,103,2039
-699.0070,-206.3790,-530.8500,0.500000,-0.500000,-0.500000,0.500000,1500.0000,0.091480,160.867526,extrusion,103,2040
-713.5280,-220.9010,-530.8500,0.500000,-0.500000,-0.500000,0.500000,1500.0000,2.202530,160.874279,extrusion,103,2041
-713.0930,-221.3190,-530.8500,0.500000,-0.500000,-0.500000,0.500000,1500.0000,0.064700,160.870079,extrusion,103,2042
-699.0070,-207.2330,-530.8500,0.500000,-0.500000,-0.500000,0.500000,1500.0000,2.136480,160.874574,extrusion,103,2043
-699.0070,-208.0860,-530.8500,0.500000,-0.500000,-0.500000,0.500000,1500.0000,0.091480,160.867526,extrusion,103,2044
-712.6740,-221.7530,-530.8500,0.500000,-0.500000,-0.500000,0.500000,1500.0000,2.072930,160.874683,extrusion,103,2045
-712.3190,-222.2520,-530.8500,0.500000,-0.500000,-0.500000,0.500000,1500.0000,0.065680,160.876909,extrusion,103,2046
-699.0070,-208.9400,-530.8500,0.500000,-0.500000,-0.500000,0.500000,1500.0000,2.019080,160.874229,extrusion,103,2047
-699.0070,-209.7930,-530.8500,0.500000,-0.500000,-0.500000,0.500000,1500.0000,0.091480,160.867526,extrusion,103,2048
-711.9880,-222.7750,-530.8500,0.500000,-0.500000,-0.500000,0.500000,1500.0000,1.968960,160.874895,extrusion,103,2049
-711.7170,-223.3560,-530.8500,0.500000,-0.500000,-0.500000,0.500000,1500.0000,0.068760,160.881149,extrusion,103,2050
-699.0070,-210.6460,-530.8500,0.500000,-0.500000,-0.500000,0.500000,1500.0000,1.927780,160.874860,extrusion,103,2051
-699.0070,-211.5000,-530.8500,0.500000,-0.500000,-0.500000,0.500000,1500.0000,0.091590,160.872365,extrusion,103,2052
-711.4910,-223.9840,-530.8500,0.500000,-0.500000,-0.500000,0.500000,1500.0000,1.893500,160.874722,extrusion,103,2053
-711.3100,-224.6570,-530.8500,0.500000,-0.500000,-0.500000,0.500000,1500.0000,0.074740,160.866188,extrusion,103,2054
-699.0070,-212.3530,-530.8500,0.500000,-0.500000,-0.500000,0.500000,1500.0000,1.866120,160.874479,extrusion,103,2055
-699.0070,-213.2060,-530.8500,0.500000,-0.500000,-0.500000,0.500000,1500.0000,0.091480,160.867526,extrusion,103,2056
-711.2300,-225.4300,-530.8500,0.500000,-0.500000,-0.500000,0.500000,1500.0000,1.853990,160.874819,extrusion,103,2057
-711.2330,-226.2860,-530.8500,0.500000,-0.500000,-0.500000,0.500000,1500.0000,0.091810,160.881021,extrusion,103,2058
-699.0070,-214.0600,-530.8500,0.500000,-0.500000,-0.500000,0.500000,1500.0000,1.854370,160.874890,extrusion,103,2059
-699.0070,-214.9130,-530.8500,0.500000,-0.500000,-0.500000,0.500000,1500.0000,0.091480,160.867526,extrusion,103,2060
-711.3790,-227.2850,-530.8500,0.500000,-0.500000,-0.500000,0.500000,1500.0000,1.876510,160.874508,extrusion,103,2061
-711.5020,-227.4970,-530.8500,0.500000,-0.500000,-0.500000,0.500000,1500.0000,0.026290,160.894865,extrusion,103,2062
-711.6240,-227.7090,-530.8500,0.500000,-0.500000,-0.500000,0.500000,1500.0000,0.024200,148.406999,extrusion,103,2064
-711.6620,-227.5690,-530.8500,0.500000,-0.500000,-0.500000,0.500000,1500.0000,0.013150,135.973058,extrusion,103,2066
-711.8440,-228.6040,-530.8500,0.500000,-0.500000,-0.500000,0.500000,1500.0000,0.112710,160.879437,extrusion,103,2068
-699.0070,-215.7670,-530.8500,0.500000,-0.500000,-0.500000,0.500000,1500.0000,1.947040,160.874642,extrusion,103,2069
-698.8860,-215.6810,-530.8500,0.500000,-0.500000,-0.500000,0.500000,1500.0000,0.015920,160.863712,extrusion,103,2070
-698.7660,-215.5960,-530.8500,0.500000,-0.500000,-0.500000,0.500000,1500.0000,0.014550,148.414453,extrusion,103,2072
-698.8110,-215.5510,-530.8500,0.500000,-0.500000,-0.500000,0.500000,1500.0000,0.005770,136.000204,extrusion,103,2074
-698.7940,-215.4900,-530.8500,0.500000,-0.500000,-0.500000,0.500000,1500.0000,0.005740,135.966202,extrusion,103,2075
-698.7330,-215.4730,-530.8500,0.500000,-0.500000,-0.500000,0.500000,1500.0000,0.005740,135.966202,extrusion,103,2076
-698.6880,-215.5180,-530.8500,0.500000,-0.500000,-0.500000,0.500000,1500.0000,0.005770,136.000204,extrusion,103,2077
-698.7040,-215.5800,-530.8500,0.500000,-0.500000,-0.500000,0.500000,1500.0000,0.005800,135.871173,extrusion,103,2078
-723.5290,-224.0750,-530.8500,0.500000,-0.500000,-0.500000,0.500000,900.0000,0.000000,0.000000,travel,104,2081
-723.5670,-223.9340,-530.8500,0.500000,-0.500000,-0.500000,0.500000,1500.0000,0.013240,135.998690,extrusion,105,2083
-723.6900,-224.1470,-530.8500,0.500000,-0.500000,-0.500000,0.500000,1500.0000,0.024340,148.436711,extrusion,105,2085
-723.8130,-224.3590,-530.8500,0.500000,-0.500000,-0.500000,0.500000,1500.0000,0.026290,160.894865,extrusion,105,2087
-736.1950,-236.7400,-530.8500,0.500000,-0.500000,-0.500000,0.500000,1500.0000,1.877950,160.874431,extrusion,105,2088
-736.1950,-237.5940,-530.8500,0.500000,-0.500000,-0.500000,0.500000,1500.0000,0.091590,160.872365,extrusion,105,2089
-723.9660,-225.3650,-530.8500,0.500000,-0.500000,-0.500000,0.500000,1500.0000,1.854820,160.874454,extrusion,105,2090
-723.9740,-226.2260,-530.8500,0.500000,-0.500000,-0.500000,0.500000,1500.0000,0.092350,160.881557,extrusion,105,2091
-736.1950,-238.4470,-530.8500,0.500000,-0.500000,-0.500000,0.500000,1500.0000,1.853610,160.874748,extrusion,105,2092
-736.1950,-239.3010,-530.8500,0.500000,-0.500000,-0.500000,0.500000,1500.0000,0.091590,160.872365,extrusion,105,2093
-723.8970,-227.0030,-530.8500,0.500000,-0.500000,-0.500000,0.500000,1500.0000,1.865290,160.874842,extrusion,105,2094
-723.7170,-227.6760,-530.8500,0.500000,-0.500000,-0.500000,0.500000,1500.0000,0.074720,160.882943,extrusion,105,2095
-735.4760,-239.4350,-530.8500,0.500000,-0.500000,-0.500000,0.500000,1500.0000,1.783540,160.875061,extrusion,105,2096
-734.6220,-239.4350,-530.8500,0.500000,-0.500000,-0.500000,0.500000,1500.0000,0.091590,160.872365,extrusion,105,2097
-723.4940,-228.3060,-530.8500,0.500000,-0.500000,-0.500000,0.500000,1500.0000,1.687900,160.874179,extrusion,105,2098
-723.2230,-228.8880,-530.8500,0.500000,-0.500000,-0.500000,0.500000,1500.0000,0.068850,160.864291,extrusion,105,2099
-733.7690,-239.4350,-530.8500,0.500000,-0.500000,-0.500000,0.500000,1500.0000,1.599630,160.874587,extrusion,105,2100
-732.9150,-239.4350,-530.8500,0.500000,-0.500000,-0.500000,0.500000,1500.0000,0.091590,160.872365,extrusion,105,2101
-722.8930,-229.4120,-530.8500,0.500000,-0.500000,-0.500000,0.500000,1500.0000,1.520150,160.874289,extrusion,105,2102
-722.5400,-229.9130,-530.8500,0.500000,-0.500000,-0.500000,0.500000,1500.0000,0.065730,160.874170,extrusion,105,2103
-732.0620,-239.4350,-530.8500,0.500000,-0.500000,-0.500000,0.500000,1500.0000,1.444240,160.874590,extrusion,105,2104
-731.2090,-239.4350,-530.8500,0.500000,-0.500000,-0.500000,0.500000,1500.0000,0.091480,160.867526,extrusion,105,2105
-722.1240,-230.3500,-530.8500,0.500000,-0.500000,-0.500000,0.500000,1500.0000,1.377960,160.874771,extrusion,105,2106
-721.6880,-230.7680,-530.8500,0.500000,-0.500000,-0.500000,0.500000,1500.0000,0.064780,160.876601,extrusion,105,2107
-730.3550,-239.4350,-530.8500,0.500000,-0.500000,-0.500000,0.500000,1500.0000,1.314560,160.874747,extrusion,105,2108
-729.5020,-239.4350,-530.8500,0.500000,-0.500000,-0.500000,0.500000,1500.0000,0.091480,160.867526,extrusion,105,2109
-721.1910,-231.1240,-530.8500,0.500000,-0.500000,-0.500000,0.500000,1500.0000,1.260560,160.874237,extrusion,105,2110
-720.6700,-231.4560,-530.8500,0.500000,-0.500000,-0.500000,0.500000,1500.0000,0.066260,160.879802,extrusion,105,2111
-728.6480,-239.4350,-530.8500,0.500000,-0.500000,-0.500000,0.500000,1500.0000,1.210130,160.874436,extrusion,105,2112
-727.7950,-239.4350,-530.8500,0.500000,-0.500000,-0.500000,0.500000,1500.0000,0.091480,160.867526,extrusion,105,2113
-720.0880,-231.7280,-530.8500,0.500000,-0.500000,-0.500000,0.500000,1500.0000,1.168950,160.874362,extrusion,105,2114
-719.4610,-231.9530,-530.8500,0.500000,-0.500000,-0.500000,0.500000,1500.0000,0.071440,160.865000,extrusion,105,2115
-726.9420,-239.4350,-530.8500,0.500000,-0.500000,-0.500000,0.500000,1500.0000,1.134750,160.874708,extrusion,105,2116
-726.0880,-239.4350,-530.8500,0.500000,-0.500000,-0.500000,0.500000,1500.0000,0.091590,160.872365,extrusion,105,2117
-718.7850,-232.1310,-530.8500,0.500000,-0.500000,-0.500000,0.500000,1500.0000,1.107750,160.874417,extrusion,105,2118
-718.0150,-232.2140,-530.8500,0.500000,-0.500000,-0.500000,0.500000,1500.0000,0.083060,160.873288,extrusion,105,2119
-725.2350,-239.4350,-530.8500,0.500000,-0.500000,-0.500000,0.500000,1500.0000,1.095160,160.874260,extrusion,105,2120
-724.3820,-239.4350,-530.8500,0.500000,-0.500000,-0.500000,0.500000,1500.0000,0.091480,160.867526,extrusion,105,2121
-717.1600,-232.2130,-530.8500,0.500000,-0.500000,-0.500000,0.500000,1500.0000,1.095390,160.874626,extrusion,105,2122
-715.7340,-231.8210,-530.8500,0.500000,-0.500000,-0.500000,0.500000,900.0000,0.000000,0.000000,travel,106,2124
-715.9580,-231.7790,-530.8500,0.500000,-0.500000,-0.500000,0.500000,1500.0000,0.020660,135.978612,extrusion,107,2127
-716.0590,-231.9230,-530.8500,0.500000,-0.500000,-0.500000,0.500000,1500.0000,0.017400,148.388898,extrusion,107,2129
-716.1610,-232.0670,-530.8500,0.500000,-0.500000,-0.500000,0.500000,1500.0000,0.018930,160.909827,extrusion,107,2131
-723.5280,-239.4350,-530.8500,0.500000,-0.500000,-0.500000,0.500000,1500.0000,1.117460,160.874830,extrusion,107,2132
-722.6750,-239.4350,-530.8500,0.500000,-0.500000,-0.500000,0.500000,1500.0000,0.091480,160.867526,extrusion,107,2133
-714.8410,-231.6010,-530.8500,0.500000,-0.500000,-0.500000,0.500000,1500.0000,1.188210,160.874014,extrusion,107,2134
-714.6280,-231.4470,-530.8500,0.500000,-0.500000,-0.500000,0.500000,1500.0000,0.028190,160.877183,extrusion,107,2135
-714.4150,-231.2930,-530.8500,0.500000,-0.500000,-0.500000,0.500000,1500.0000,0.026010,148.436167,extrusion,107,2137
-713.5190,-230.5350,-530.8500,0.500000,-0.500000,-0.500000,0.500000,1500.0000,0.106380,135.964133,extrusion,107,2139
-712.7720,-229.7760,-530.8500,0.500000,-0.500000,-0.500000,0.500000,1500.0000,0.096530,135.965838,extrusion,107,2140
-712.1490,-229.0310,-530.8500,0.500000,-0.500000,-0.500000,0.500000,1500.0000,0.088030,135.966105,extrusion,107,2141
-721.8210,-239.4350,-530.8500,0.500000,-0.500000,-0.500000,0.500000,900.0000,0.000000,0.000000,travel,108,2144
-699.0070,-216.6200,-530.8500,0.500000,-0.500000,-0.500000,0.500000,1500.0000,3.460370,160.874735,extrusion,109,2147
-698.9270,-216.4370,-530.8500,0.500000,-0.500000,-0.500000,0.500000,1500.0000,0.021420,160.873367,extrusion,109,2148
-698.8470,-216.2550,-530.8500,0.500000,-0.500000,-0.500000,0.500000,1500.0000,0.019670,148.410686,extrusion,109,2150
-698.8920,-216.2100,-530.8500,0.500000,-0.500000,-0.500000,0.500000,1500.0000,0.005770,136.000204,extrusion,109,2152
-698.8750,-216.1480,-530.8500,0.500000,-0.500000,-0.500000,0.500000,1500.0000,0.005830,136.027624,extrusion,109,2153
-698.8140,-216.1320,-530.8500,0.500000,-0.500000,-0.500000,0.500000,1500.0000,0.005720,136.053429,extrusion,109,2154
-698.7680,-216.1770,-530.8500,0.500000,-0.500000,-0.500000,0.500000,1500.0000,0.005830,135.896164,extrusion,109,2155
-698.7850,-216.2380,-530.8500,0.500000,-0.500000,-0.500000,0.500000,1500.0000,0.005740,135.966202,extrusion,109,2156
-699.0070,-217.4730,-530.8500,0.500000,-0.500000,-0.500000,0.500000,900.0000,0.000000,0.000000,travel,110,2158
-720.9680,-239.4350,-530.8500,0.500000,-0.500000,-0.500000,0.500000,1500.0000,3.330990,160.874641,extrusion,111,2161
-720.1150,-239.4350,-530.8500,0.500000,-0.500000,-0.500000,0.500000,1500.0000,0.091480,160.867526,extrusion,111,2162
-699.0070,-218.3270,-530.8500,0.500000,-0.500000,-0.500000,0.500000,1500.0000,3.201540,160.874833,extrusion,111,2163
-699.0070,-219.1800,-530.8500,0.500000,-0.500000,-0.500000,0.500000,1500.0000,0.091480,160.867526,extrusion,111,2164
-719.2610,-239.4350,-530.8500,0.500000,-0.500000,-0.500000,0.500000,1500.0000,3.072080,160.874517,extrusion,111,2165
-718.4080,-239.4350,-530.8500,0.500000,-0.500000,-0.500000,0.500000,1500.0000,0.091480,160.867526,extrusion,111,2166
-699.0070,-220.0330,-530.8500,0.500000,-0.500000,-0.500000,0.500000,1500.0000,2.942700,160.874401,extrusion,111,2167
-699.0070,-220.8870,-530.8500,0.500000,-0.500000,-0.500000,0.500000,1500.0000,0.091590,160.872365,extrusion,111,2168
-717.5550,-239.4350,-530.8500,0.500000,-0.500000,-0.500000,0.500000,1500.0000,2.813250,160.874608,extrusion,111,2169
-716.7010,-239.4350,-530.8500,0.500000,-0.500000,-0.500000,0.500000,1500.0000,0.091590,160.872365,extrusion,111,2170
-699.0070,-221.7400,-530.8500,0.500000,-0.500000,-0.500000,0.500000,1500.0000,2.683800,160.874835,extrusion,111,2171
-699.0070,-222.5940,-530.8500,0.500000,-0.500000,-0.500000,0.500000,1500.0000,0.091590,160.872365,extrusion,111,2172
-715.8480,-239.4350,-530.8500,0.500000,-0.500000,-0.500000,0.500000,1500.0000,2.554340,160.874455,extrusion,111,2173
-714.9940,-239.4350,-530.8500,0.500000,-0.500000,-0.500000,0.500000,1500.0000,0.091590,160.872365,extrusion,111,2174
-699.0070,-223.4470,-530.8500,0.500000,-0.500000,-0.500000,0.500000,1500.0000,2.424890,160.874699,extrusion,111,2175
-699.0070,-224.3000,-530.8500,0.500000,-0.500000,-0.500000,0.500000,1500.0000,0.091480,160.867526,extrusion,111,2176
-714.1410,-239.4350,-530.8500,0.500000,-0.500000,-0.500000,0.500000,1500.0000,2.295510,160.874560,extrusion,111,2177
-713.2880,-239.4350,-530.8500,0.500000,-0.500000,-0.500000,0.500000,1500.0000,0.091480,160.867526,extrusion,111,2178
-699.0070,-225.1540,-530.8500,0.500000,-0.500000,-0.500000,0.500000,1500.0000,2.166060,160.874839,extrusion,111,2179
-699.0070,-226.0070,-530.8500,0.500000,-0.500000,-0.500000,0.500000,1500.0000,0.091480,160.867526,extrusion,111,2180
-712.4340,-239.4350,-530.8500,0.500000,-0.500000,-0.500000,0.500000,1500.0000,2.036600,160.874363,extrusion,111,2181
-711.5810,-239.4350,-530.8500,0.500000,-0.500000,-0.500000,0.500000,1500.0000,0.091480,160.867526,extrusion,111,2182
-699.0070,-226.8600,-530.8500,0.500000,-0.500000,-0.500000,0.500000,1500.0000,1.907230,160.875017,extrusion,111,2183
-699.0070,-227.7140,-530.8500,0.500000,-0.500000,-0.500000,0.500000,1500.0000,0.091590,160.872365,extrusion,111,2184
-710.7280,-239.4350,-530.8500,0.500000,-0.500000,-0.500000,0.500000,1500.0000,1.777770,160.874485,extrusion,111,2185
-709.8740,-239.4350,-530.8500,0.500000,-0.500000,-0.500000,0.500000,1500.0000,0.091590,160.872365,extrusion,111,2186
-699.0070,-228.5670,-530.8500,0.500000,-0.500000,-0.500000,0.500000,1500.0000,1.648320,160.874844,extrusion,111,2187
-699.0070,-229.4210,-530.8500,0.500000,-0.500000,-0.500000,0.500000,1500.0000,0.091590,160.872365,extrusion,111,2188
-709.0210,-239.4350,-530.8500,0.500000,-0.500000,-0.500000,0.500000,1500.0000,1.518860,160.874207,extrusion,111,2189
-708.1670,-239.4350,-530.8500,0.500000,-0.500000,-0.500000,0.500000,1500.0000,0.091590,160.872365,extrusion,111,2190
-699.0070,-230.2740,-530.8500,0.500000,-0.500000,-0.500000,0.500000,1500.0000,1.389410,160.874608,extrusion,111,2191
-699.0070,-231.1270,-530.8500,0.500000,-0.500000,-0.500000,0.500000,1500.0000,0.091480,160.867526,extrusion,111,2192
-707.3140,-239.4350,-530.8500,0.500000,-0.500000,-0.500000,0.500000,1500.0000,1.260030,160.874347,extrusion,111,2193
-706.4610,-239.4350,-530.8500,0.500000,-0.500000,-0.500000,0.500000,1500.0000,0.091480,160.867526,extrusion,111,2194
-699.0070,-231.9810,-530.8500,0.500000,-0.500000,-0.500000,0.500000,1500.0000,1.130580,160.874856,extrusion,111,2195
-699.0070,-232.8340,-530.8500,0.500000,-0.500000,-0.500000,0.500000,1500.0000,0.091480,160.867526,extrusion,111,2196
-705.6070,-239.4350,-530.8500,0.500000,-0.500000,-0.500000,0.500000,1500.0000,1.001120,160.873890,extrusion,111,2197
-704.7540,-239.4350,-530.8500,0.500000,-0.500000,-0.500000,0.500000,1500.0000,0.091480,160.867526,extrusion,111,2198
-699.0070,-233.6870,-530.8500,0.500000,-0.500000,-0.500000,0.500000,1500.0000,0.871750,160.875250,extrusion,111,2199
-699.0070,-234.5410,-530.8500,0.500000,-0.500000,-0.500000,0.500000,1500.0000,0.091590,160.872365,extrusion,111,2200
-703.9010,-239.4350,-530.8500,0.500000,-0.500000,-0.500000,0.500000,1500.0000,0.742290,160.874017,extrusion,111,2201
-703.0470,-239.4350,-530.8500,0.500000,-0.500000,-0.500000,0.500000,1500.0000,0.091590,160.872365,extrusion,111,2202
-699.0070,-235.3940,-530.8500,0.500000,-0.500000,-0.500000,0.500000,1500.0000,0.612840,160.874885,extrusion,111,2203
-699.0070,-236.2480,-530.8500,0.500000,-0.500000,-0.500000,0.500000,1500.0000,0.091590,160.872365,extrusion,111,2204
-702.1940,-239.4350,-530.8500,0.500000,-0.500000,-0.500000,0.500000,1500.0000,0.483390,160.876222,extrusion,111,2205
-701.3400,-239.4350,-530.8500,0.500000,-0.500000,-0.500000,0.500000,1500.0000,0.091590,160.872365,extrusion,111,2206
-699.0070,-237.1010,-530.8500,0.500000,-0.500000,-0.500000,0.500000,1500.0000,0.353930,160.873986,extrusion,111,2207
-698.7040,-237.7680,-530.8500,0.500000,-0.500000,-0.500000,0.500000,1500.0000,0.078570,160.872949,extrusion,111,2208
-698.6880,-237.7060,-530.8500,0.500000,-0.500000,-0.500000,0.500000,1500.0000,0.005800,135.871173,extrusion,111,2210
-698.7330,-237.6610,-530.8500,0.500000,-0.500000,-0.500000,0.500000,1500.0000,0.005770,136.000204,extrusion,111,2211
-698.7940,-237.6780,-530.8500,0.500000,-0.500000,-0.500000,0.500000,1500.0000,0.005740,135.966202,extrusion,111,2212
-698.8110,-237.7390,-530.8500,0.500000,-0.500000,-0.500000,0.500000,1500.0000,0.005740,135.966202,extrusion,111,2213
-698.7660,-237.7840,-530.8500,0.500000,-0.500000,-0.500000,0.500000,1500.0000,0.005770,136.000204,extrusion,111,2214
-698.8860,-237.8690,-530.8500,0.500000,-0.500000,-0.500000,0.500000,1500.0000,0.014550,148.414453,extrusion,111,2216
-699.0070,-237.9540,-530.8500,0.500000,-0.500000,-0.500000,0.500000,1500.0000,0.015860,160.882857,extrusion,111,2218
-700.4870,-239.4350,-530.8500,0.500000,-0.500000,-0.500000,0.500000,1500.0000,0.224550,160.872157,extrusion,111,2219
-699.7760,-239.4940,-530.8500,0.500000,-0.500000,-0.500000,0.500000,1500.0000,0.076520,160.881637,extrusion,111,2220
-698.9480,-239.4940,-530.8500,0.500000,-0.500000,-0.500000,0.500000,1500.0000,0.071420,129.384058,extrusion,111,2222
-698.9480,-238.6650,-530.8500,0.500000,-0.500000,-0.500000,0.500000,1500.0000,0.071510,129.390832,extrusion,111,2223
-699.5630,-239.2800,-530.8500,0.500000,-0.500000,-0.500000,0.500000,1500.0000,0.075020,129.383294,extrusion,111,2224
-713.3930,-171.6650,-530.4000,0.500000,-0.500000,-0.500000,0.500000,900.0000,0.000000,0.000000,travel,112,2230
-713.7160,-171.3330,-530.4000,0.500000,-0.500000,-0.500000,0.500000,900.0000,0.049680,96.528776,extrusion,113,2233
-714.5570,-170.7270,-530.4000,0.500000,-0.500000,-0.500000,0.500000,900.0000,0.111170,96.521368,extrusion,113,2234
-715.4920,-170.2760,-530.4000,0.500000,-0.500000,-0.500000,0.500000,900.0000,0.111330,96.520750,extrusion,113,2235
-716.4900,-169.9950,-530.4000,0.500000,-0.500000,-0.500000,0.500000,900.0000,0.111200,96.527295,extrusion,113,2236
-717.5220,-169.8900,-530.4000,0.500000,-0.500000,-0.500000,0.500000,900.0000,0.111250,96.522043,extrusion,113,2237
-718.5560,-169.9670,-530.4000,0.500000,-0.500000,-0.500000,0.500000,900.0000,0.111200,96.521907,extrusion,113,2238
-719.5620,-170.2220,-530.4000,0.500000,-0.500000,-0.500000,0.500000,900.0000,0.111310,96.528719,extrusion,113,2239
-720.5080,-170.6480,-530.4000,0.500000,-0.500000,-0.500000,0.500000,900.0000,0.111270,96.524012,extrusion,113,2240
-721.3650,-171.2320,-530.4000,0.500000,-0.500000,-0.500000,0.500000,900.0000,0.111230,96.529094,extrusion,113,2241
-722.1080,-171.9550,-530.4000,0.500000,-0.500000,-0.500000,0.500000,900.0000,0.111190,96.527010,extrusion,113,2242
-722.7140,-172.7970,-530.4000,0.500000,-0.500000,-0.500000,0.500000,900.0000,0.111260,96.523947,extrusion,113,2243
-723.1650,-173.7310,-530.4000,0.500000,-0.500000,-0.500000,0.500000,900.0000,0.111240,96.526464,extrusion,113,2244
-723.4470,-174.7300,-530.4000,0.500000,-0.500000,-0.500000,0.500000,900.0000,0.111330,96.525274,extrusion,113,2245
-723.5510,-175.7620,-530.4000,0.500000,-0.500000,-0.500000,0.500000,900.0000,0.111240,96.522741,extrusion,113,2246
-723.4740,-176.7960,-530.4000,0.500000,-0.500000,-0.500000,0.500000,900.0000,0.111200,96.521907,extrusion,113,2247
-723.2190,-177.8020,-530.4000,0.500000,-0.500000,-0.500000,0.500000,900.0000,0.111310,96.528719,extrusion,113,2248
-722.7930,-178.7470,-530.4000,0.500000,-0.500000,-0.500000,0.500000,900.0000,0.111170,96.522087,extrusion,113,2249
-722.2100,-179.6050,-530.4000,0.500000,-0.500000,-0.500000,0.500000,900.0000,0.111250,96.521863,extrusion,113,2250
-721.4860,-180.3480,-530.4000,0.500000,-0.500000,-0.500000,0.500000,900.0000,0.111260,96.522826,extrusion,113,2251
-720.6440,-180.9540,-530.4000,0.500000,-0.500000,-0.500000,0.500000,900.0000,0.111260,96.523947,extrusion,113,2252
-719.7100,-181.4050,-530.4000,0.500000,-0.500000,-0.500000,0.500000,900.0000,0.111240,96.526464,extrusion,113,2253
-718.7120,-181.6870,-530.4000,0.500000,-0.500000,-0.500000,0.500000,900.0000,0.111230,96.528062,extrusion,113,2254
-717.6800,-181.7910,-530.4000,0.500000,-0.500000,-0.500000,0.500000,900.0000,0.111240,96.522741,extrusion,113,2255
-716.6450,-181.7140,-530.4000,0.500000,-0.500000,-0.500000,0.500000,900.0000,0.111310,96.524552,extrusion,113,2256
-715.6400,-181.4590,-530.4000,0.500000,-0.500000,-0.500000,0.500000,900.0000,0.111200,96.523479,extrusion,113,2257
-714.6940,-181.0330,-530.4000,0.500000,-0.500000,-0.500000,0.500000,900.0000,0.111270,96.524012,extrusion,113,2258
-713.8370,-180.4490,-530.4000,0.500000,-0.500000,-0.500000,0.500000,900.0000,0.111230,96.529094,extrusion,113,2259
-713.0930,-179.7260,-530.4000,0.500000,-0.500000,-0.500000,0.500000,900.0000,0.111260,96.521032,extrusion,113,2260
-712.4870,-178.8840,-530.4000,0.500000,-0.500000,-0.500000,0.500000,900.0000,0.111260,96.523947,extrusion,113,2261
-712.0360,-177.9500,-530.4000,0.500000,-0.500000,-0.500000,0.500000,900.0000,0.111240,96.526464,extrusion,113,2262
-711.7550,-176.9520,-530.4000,0.500000,-0.500000,-0.500000,0.500000,900.0000,0.111200,96.527295,extrusion,113,2263
-711.6510,-175.9190,-530.4000,0.500000,-0.500000,-0.500000,0.500000,900.0000,0.111350,96.525595,extrusion,113,2264
-711.7270,-174.8850,-530.4000,0.500000,-0.500000,-0.500000,0.500000,900.0000,0.111200,96.528776,extrusion,113,2265
-711.9820,-173.8800,-530.4000,0.500000,-0.500000,-0.500000,0.500000,900.0000,0.111200,96.523479,extrusion,113,2266
-712.4080,-172.9340,-530.4000,0.500000,-0.500000,-0.500000,0.500000,900.0000,0.111270,96.524012,extrusion,113,2267
-712.9920,-172.0760,-530.4000,0.500000,-0.500000,-0.500000,0.500000,900.0000,0.111310,96.521595,extrusion,113,2268
-713.3930,-171.6650,-530.4000,0.500000,-0.500000,-0.500000,0.500000,900.0000,0.061580,96.517982,extrusion,113,2269
-713.8190,-172.0870,-530.4000,0.500000,-0.500000,-0.500000,0.500000,900.0000,0.000000,0.000000,travel,114,2270
-714.1420,-171.7600,-530.4000,0.500000,-0.500000,-0.500000,0.500000,900.0000,0.049290,96.514985,extrusion,115,2272
-714.9030,-171.2210,-530.4000,0.500000,-0.500000,-0.500000,0.500000,900.0000,0.100020,96.529289,extrusion,115,2273
-715.7470,-170.8230,-530.4000,0.500000,-0.500000,-0.500000,0.500000,900.0000,0.100080,96.526278,extrusion,115,2274
-716.6460,-170.5770,-530.4000,0.500000,-0.500000,-0.500000,0.500000,900.0000,0.099960,96.522730,extrusion,115,2275
-717.5740,-170.4920,-530.4000,0.500000,-0.500000,-0.500000,0.500000,900.0000,0.099940,96.520530,extrusion,115,2276
-718.5040,-170.5680,-530.4000,0.500000,-0.500000,-0.500000,0.500000,900.0000,0.100070,96.520180,extrusion,115,2277
-719.4060,-170.8050,-530.4000,0.500000,-0.500000,-0.500000,0.500000,900.0000,0.100020,96.522019,extrusion,115,2278
-720.2530,-171.1950,-530.4000,0.500000,-0.500000,-0.500000,0.500000,900.0000,0.100010,96.527019,extrusion,115,2279
-721.0190,-171.7260,-530.4000,0.500000,-0.500000,-0.500000,0.500000,900.0000,0.099960,96.522730,extrusion,115,2280
-721.6810,-172.3820,-530.4000,0.500000,-0.500000,-0.500000,0.500000,900.0000,0.099950,96.520685,extrusion,115,2281
-722.2200,-173.1430,-530.4000,0.500000,-0.500000,-0.500000,0.500000,900.0000,0.100020,96.529289,extrusion,115,2282
-722.6180,-173.9860,-530.4000,0.500000,-0.500000,-0.500000,0.500000,900.0000,0.099980,96.523378,extrusion,115,2283
-722.8640,-174.8860,-530.4000,0.500000,-0.500000,-0.500000,0.500000,900.0000,0.100070,96.529050,extrusion,115,2284
-722.9500,-175.8140,-530.4000,0.500000,-0.500000,-0.500000,0.500000,900.0000,0.099950,96.520685,extrusion,115,2285
-722.8730,-176.7440,-530.4000,0.500000,-0.500000,-0.500000,0.500000,900.0000,0.100080,96.521345,extrusion,115,2286
-722.6360,-177.6450,-530.4000,0.500000,-0.500000,-0.500000,0.500000,900.0000,0.099920,96.525615,extrusion,115,2287
-722.2460,-178.4920,-530.4000,0.500000,-0.500000,-0.500000,0.500000,900.0000,0.100010,96.527019,extrusion,115,2288
-721.7150,-179.2590,-530.4000,0.500000,-0.500000,-0.500000,0.500000,900.0000,0.100050,96.524506,extrusion,115,2289
-721.0590,-179.9210,-530.4000,0.500000,-0.500000,-0.500000,0.500000,900.0000,0.099950,96.520685,extrusion,115,2290
-720.2980,-180.4600,-530.4000,0.500000,-0.500000,-0.500000,0.500000,900.0000,0.100020,96.529289,extrusion,115,2291
-719.4550,-180.8580,-530.4000,0.500000,-0.500000,-0.500000,0.500000,900.0000,0.099980,96.523378,extrusion,115,2292
-718.5560,-181.1040,-530.4000,0.500000,-0.500000,-0.500000,0.500000,900.0000,0.099960,96.522730,extrusion,115,2293
-717.6270,-181.1900,-530.4000,0.500000,-0.500000,-0.500000,0.500000,900.0000,0.100060,96.523783,extrusion,115,2294
-716.6980,-181.1130,-530.4000,0.500000,-0.500000,-0.500000,0.500000,900.0000,0.099980,96.527987,extrusion,115,2295
-715.7960,-180.8760,-530.4000,0.500000,-0.500000,-0.500000,0.500000,900.0000,0.100020,96.522019,extrusion,115,2296
-714.9490,-180.4860,-530.4000,0.500000,-0.500000,-0.500000,0.500000,900.0000,0.100010,96.527019,extrusion,115,2297
-714.1830,-179.9550,-530.4000,0.500000,-0.500000,-0.500000,0.500000,900.0000,0.099960,96.522730,extrusion,115,2298
-713.5200,-179.2990,-530.4000,0.500000,-0.500000,-0.500000,0.500000,900.0000,0.100030,96.524345,extrusion,115,2299
-712.9820,-178.5380,-530.4000,0.500000,-0.500000,-0.500000,0.500000,900.0000,0.099950,96.521518,extrusion,115,2300
-712.5830,-177.6950,-530.4000,0.500000,-0.500000,-0.500000,0.500000,900.0000,0.100030,96.527397,extrusion,115,2301
-712.3380,-176.7950,-530.4000,0.500000,-0.500000,-0.500000,0.500000,900.0000,0.100040,96.527337,extrusion,115,2302
-712.2520,-175.8670,-530.4000,0.500000,-0.500000,-0.500000,0.500000,900.0000,0.099950,96.520685,extrusion,115,2303
-712.3280,-174.9380,-530.4000,0.500000,-0.500000,-0.500000,0.500000,900.0000,0.099970,96.526831,extrusion,115,2304
-712.5650,-174.0360,-530.4000,0.500000,-0.500000,-0.500000,0.500000,900.0000,0.100020,96.522019,extrusion,115,2305
-712.9550,-173.1890,-530.4000,0.500000,-0.500000,-0.500000,0.500000,900.0000,0.100010,96.527019,extrusion,115,2306
-713.4860,-172.4220,-530.4000,0.500000,-0.500000,-0.500000,0.500000,900.0000,0.100050,96.524506,extrusion,115,2307
-713.8190,-172.0870,-530.4000,0.500000,-0.500000,-0.500000,0.500000,900.0000,0.050660,96.525994,extrusion,115,2308
-714.1070,-230.6340,-530.4000,0.500000,-0.500000,-0.500000,0.500000,900.0000,0.000000,0.000000,travel,116,2310
-713.8370,-230.4490,-530.4000,0.500000,-0.500000,-0.500000,0.500000,900.0000,0.035100,96.517088,extrusion,117,2312
-713.0930,-229.7260,-530.4000,0.500000,-0.500000,-0.500000,0.500000,900.0000,0.111260,96.521032,extrusion,117,2313
-712.4870,-228.8840,-530.4000,0.500000,-0.500000,-0.500000,0.500000,900.0000,0.111260,96.523947,extrusion,117,2314
-712.0360,-227.9500,-530.4000,0.500000,-0.500000,-0.500000,0.500000,900.0000,0.111240,96.526464,extrusion,117,2315
-711.7550,-226.9520,-530.4000,0.500000,-0.500000,-0.500000,0.500000,900.0000,0.111200,96.527295,extrusion,117,2316
-711.6510,-225.9190,-530.4000,0.500000,-0.500000,-0.500000,0.500000,900.0000,0.111350,96.525595,extrusion,117,2317
-711.7270,-224.8850,-530.4000,0.500000,-0.500000,-0.500000,0.500000,900.0000,0.111200,96.528776,extrusion,117,2318
-711.9820,-223.8800,-530.4000,0.500000,-0.500000,-0.500000,0.500000,900.0000,0.111200,96.523479,extrusion,117,2319
-712.4080,-222.9340,-530.4000,0.500000,-0.500000,-0.500000,0.500000,900.0000,0.111270,96.524012,extrusion,117,2320
-712.9920,-222.0760,-530.4000,0.500000,-0.500000,-0.500000,0.500000,900.0000,0.111310,96.521595,extrusion,117,2321
-713.7160,-221.3330,-530.4000,0.500000,-0.500000,-0.500000,0.500000,900.0000,0.111260,96.522826,extrusion,117,2322
-714.5570,-220.7270,-530.4000,0.500000,-0.500000,-0.500000,0.500000,900.0000,0.111170,96.521368,extrusion,117,2323
-715.4920,-220.2760,-530.4000,0.500000,-0.500000,-0.500000,0.500000,900.0000,0.111330,96.520750,extrusion,117,2324
-716.4900,-219.9950,-530.4000,0.500000,-0.500000,-0.500000,0.500000,900.0000,0.111200,96.527295,extrusion,117,2325
-717.5220,-219.8900,-530.4000,0.500000,-0.500000,-0.500000,0.500000,900.0000,0.111250,96.522043,extrusion,117,2326
-718.5560,-219.9670,-530.4000,0.500000,-0.500000,-0.500000,0.500000,900.0000,0.111200,96.521907,extrusion,117,2327
-719.5620,-220.2220,-530.4000,0.500000,-0.500000,-0.500000,0.500000,900.0000,0.111310,96.528719,extrusion,117,2328
-720.5080,-220.6480,-530.4000,0.500000,-0.500000,-0.500000,0.500000,900.0000,0.111270,96.524012,extrusion,117,2329
-721.3650,-221.2320,-530.4000,0.500000,-0.500000,-0.500000,0.500000,900.0000,0.111230,96.529094,extrusion,117,2330
-722.1080,-221.9550,-530.4000,0.500000,-0.500000,-0.500000,0.500000,900.0000,0.111190,96.527010,extrusion,117,2331
-722.7140,-222.7970,-530.4000,0.500000,-0.500000,-0.500000,0.500000,900.0000,0.111260,96.523947,extrusion,117,2332
-723.1650,-223.7310,-530.4000,0.500000,-0.500000,-0.500000,0.500000,900.0000,0.111240,96.526464,extrusion,117,2333
-723.4470,-224.7300,-530.4000,0.500000,-0.500000,-0.500000,0.500000,900.0000,0.111330,96.525274,extrusion,117,2334
-723.5510,-225.7620,-530.4000,0.500000,-0.500000,-0.500000,0.500000,900.0000,0.111240,96.522741,extrusion,117,2335
-723.4740,-226.7960,-530.4000,0.500000,-0.500000,-0.500000,0.500000,900.0000,0.111200,96.521907,extrusion,117,2336
-723.2190,-227.8020,-530.4000,0.500000,-0.500000,-0.500000,0.500000,900.0000,0.111310,96.528719,extrusion,117,2337
-722.7930,-228.7470,-530.4000,0.500000,-0.500000,-0.500000,0.500000,900.0000,0.111170,96.522087,extrusion,117,2338
-722.2100,-229.6050,-530.4000,0.500000,-0.500000,-0.500000,0.500000,900.0000,0.111250,96.521863,extrusion,117,2339
-721.4860,-230.3480,-530.4000,0.500000,-0.500000,-0.500000,0.500000,900.0000,0.111260,96.522826,extrusion,117,2340
-720.6440,-230.9540,-530.4000,0.500000,-0.500000,-0.500000,0.500000,900.0000,0.111260,96.523947,extrusion,117,2341
-719.7100,-231.4050,-530.4000,0.500000,-0.500000,-0.500000,0.500000,900.0000,0.111240,96.526464,extrusion,117,2342
-718.7120,-231.6870,-530.4000,0.500000,-0.500000,-0.500000,0.500000,900.0000,0.111230,96.528062,extrusion,117,2343
-717.6800,-231.7910,-530.4000,0.500000,-0.500000,-0.500000,0.500000,900.0000,0.111240,96.522741,extrusion,117,2344
-716.6450,-231.7140,-530.4000,0.500000,-0.500000,-0.500000,0.500000,900.0000,0.111310,96.524552,extrusion,117,2345
-715.6400,-231.4590,-530.4000,0.500000,-0.500000,-0.500000,0.500000,900.0000,0.111200,96.523479,extrusion,117,2346
-714.6940,-231.0330,-530.4000,0.500000,-0.500000,-0.500000,0.500000,900.0000,0.111270,96.524012,extrusion,117,2347
-714.1070,-230.6340,-530.4000,0.500000,-0.500000,-0.500000,0.500000,900.0000,0.076120,96.521739,extrusion,117,2348
-714.4490,-230.1400,-530.4000,0.500000,-0.500000,-0.500000,0.500000,900.0000,0.000000,0.000000,travel,118,2349
-714.1830,-229.9550,-530.4000,0.500000,-0.500000,-0.500000,0.500000,900.0000,0.034750,96.525479,extrusion,119,2351
-713.5200,-229.2990,-530.4000,0.500000,-0.500000,-0.500000,0.500000,900.0000,0.100030,96.524345,extrusion,119,2352
-712.9820,-228.5380,-530.4000,0.500000,-0.500000,-0.500000,0.500000,900.0000,0.099950,96.521518,extrusion,119,2353
-712.5830,-227.6950,-530.4000,0.500000,-0.500000,-0.500000,0.500000,900.0000,0.100030,96.527397,extrusion,119,2354
-712.3380,-226.7950,-530.4000,0.500000,-0.500000,-0.500000,0.500000,900.0000,0.100040,96.527337,extrusion,119,2355
-712.2520,-225.8670,-530.4000,0.500000,-0.500000,-0.500000,0.500000,900.0000,0.099950,96.520685,extrusion,119,2356
-712.3280,-224.9380,-530.4000,0.500000,-0.500000,-0.500000,0.500000,900.0000,0.099970,96.526831,extrusion,119,2357
-712.5650,-224.0360,-530.4000,0.500000,-0.500000,-0.500000,0.500000,900.0000,0.100020,96.522019,extrusion,119,2358
-712.9550,-223.1890,-530.4000,0.500000,-0.500000,-0.500000,0.500000,900.0000,0.100010,96.527019,extrusion,119,2359
-713.4860,-222.4220,-530.4000,0.500000,-0.500000,-0.500000,0.500000,900.0000,0.100050,96.524506,extrusion,119,2360
-714.1420,-221.7600,-530.4000,0.500000,-0.500000,-0.500000,0.500000,900.0000,0.099950,96.520685,extrusion,119,2361
-714.9030,-221.2210,-530.4000,0.500000,-0.500000,-0.500000,0.500000,900.0000,0.100020,96.529289,extrusion,119,2362
-715.7470,-220.8230,-530.4000,0.500000,-0.500000,-0.500000,0.500000,900.0000,0.100080,96.526278,extrusion,119,2363
-716.6460,-220.5770,-530.4000,0.500000,-0.500000,-0.500000,0.500000,900.0000,0.099960,96.522730,extrusion,119,2364
-717.5740,-220.4920,-530.4000,0.500000,-0.500000,-0.500000,0.500000,900.0000,0.099940,96.520530,extrusion,119,2365
-718.5040,-220.5680,-530.4000,0.500000,-0.500000,-0.500000,0.500000,900.0000,0.100070,96.520180,extrusion,119,2366
-719.4060,-220.8050,-530.4000,0.500000,-0.500000,-0.500000,0.500000,900.0000,0.100020,96.522019,extrusion,119,2367
-720.2530,-221.1950,-530.4000,0.500000,-0.500000,-0.500000,0.500000,900.0000,0.100010,96.527019,extrusion,119,2368
-721.0190,-221.7260,-530.4000,0.500000,-0.500000,-0.500000,0.500000,900.0000,0.099960,96.522730,extrusion,119,2369
-721.6810,-222.3820,-530.4000,0.500000,-0.500000,-0.500000,0.500000,900.0000,0.099950,96.520685,extrusion,119,2370
-722.2200,-223.1430,-530.4000,0.500000,-0.500000,-0.500000,0.500000,900.0000,0.100020,96.529289,extrusion,119,2371
-722.6180,-223.9860,-530.4000,0.500000,-0.500000,-0.500000,0.500000,900.0000,0.099980,96.523378,extrusion,119,2372
-722.8640,-224.8860,-530.4000,0.500000,-0.500000,-0.500000,0.500000,900.0000,0.100070,96.529050,extrusion,119,2373
-722.9500,-225.8140,-530.4000,0.500000,-0.500000,-0.500000,0.500000,900.0000,0.099950,96.520685,extrusion,119,2374
-722.8730,-226.7440,-530.4000,0.500000,-0.500000,-0.500000,0.500000,900.0000,0.100080,96.521345,extrusion,119,2375
-722.6360,-227.6450,-530.4000,0.500000,-0.500000,-0.500000,0.500000,900.0000,0.099920,96.525615,extrusion,119,2376
-722.2460,-228.4920,-530.4000,0.500000,-0.500000,-0.500000,0.500000,900.0000,0.100010,96.527019,extrusion,119,2377
-721.7150,-229.2590,-530.4000,0.500000,-0.500000,-0.500000,0.500000,900.0000,0.100050,96.524506,extrusion,119,2378
-721.0590,-229.9210,-530.4000,0.500000,-0.500000,-0.500000,0.500000,900.0000,0.099950,96.520685,extrusion,119,2379
-720.2980,-230.4600,-530.4000,0.500000,-0.500000,-0.500000,0.500000,900.0000,0.100020,96.529289,extrusion,119,2380
-719.4550,-230.8580,-530.4000,0.500000,-0.500000,-0.500000,0.500000,900.0000,0.099980,96.523378,extrusion,119,2381
-718.5560,-231.1040,-530.4000,0.500000,-0.500000,-0.500000,0.500000,900.0000,0.099960,96.522730,extrusion,119,2382
-717.6270,-231.1900,-530.4000,0.500000,-0.500000,-0.500000,0.500000,900.0000,0.100060,96.523783,extrusion,119,2383
-716.6980,-231.1130,-530.4000,0.500000,-0.500000,-0.500000,0.500000,900.0000,0.099980,96.527987,extrusion,119,2384
-715.7960,-230.8760,-530.4000,0.500000,-0.500000,-0.500000,0.500000,900.0000,0.100020,96.522019,extrusion,119,2385
-714.9490,-230.4860,-530.4000,0.500000,-0.500000,-0.500000,0.500000,900.0000,0.100010,96.527019,extrusion,119,2386
-714.4490,-230.1400,-530.4000,0.500000,-0.500000,-0.500000,0.500000,900.0000,0.065210,96.521172,extrusion,119,2387
-728.4830,-161.7940,-530.4000,0.500000,-0.500000,-0.500000,0.500000,900.0000,0.000000,0.000000,travel,120,2389
-736.6470,-161.7940,-530.4000,0.500000,-0.500000,-0.500000,0.500000,900.0000,0.875590,96.525110,extrusion,121,2391
-736.6470,-239.8870,-530.4000,0.500000,-0.500000,-0.500000,0.500000,900.0000,8.375450,96.524721,extrusion,121,2392
-698.5540,-239.8870,-530.4000,0.500000,-0.500000,-0.500000,0.500000,900.0000,4.085460,96.524663,extrusion,121,2393
-698.5540,-232.4630,-530.4000,0.500000,-0.500000,-0.500000,0.500000,900.0000,0.796220,96.524515,extrusion,121,2394
-698.5540,-161.7940,-530.4000,0.500000,-0.500000,-0.500000,0.500000,900.0000,7.579230,96.524742,extrusion,121,2395
-728.4830,-161.7940,-530.4000,0.500000,-0.500000,-0.500000,0.500000,900.0000,3.209880,96.524842,extrusion,121,2396
-728.4830,-161.1910,-530.4000,0.500000,-0.500000,-0.500000,0.500000,900.0000,0.000000,0.000000,travel,122,2397
-737.2510,-161.1910,-530.4000,0.500000,-0.500000,-0.500000,0.500000,900.0000,0.940370,96.525205,extrusion,123,2399
-737.2510,-240.4910,-530.4000,0.500000,-0.500000,-0.500000,0.500000,900.0000,8.504910,96.524830,extrusion,123,2400
-697.9510,-240.4910,-530.4000,0.500000,-0.500000,-0.500000,0.500000,900.0000,4.214920,96.524885,extrusion,123,2401
-697.9510,-232.4630,-530.4000,0.500000,-0.500000,-0.500000,0.500000,900.0000,0.861000,96.524664,extrusion,123,2402
-697.9510,-161.1910,-530.4000,0.500000,-0.500000,-0.500000,0.500000,900.0000,7.643900,96.524722,extrusion,123,2403
-728.4830,-161.1910,-530.4000,0.500000,-0.500000,-0.500000,0.500000,900.0000,3.274550,96.524794,extrusion,123,2404
-730.8650,-161.9750,-530.4000,0.500000,-0.500000,-0.500000,0.500000,900.0000,0.000000,0.000000,travel,124,2406
-721.8160,-171.0240,-530.4000,0.500000,-0.500000,-0.500000,0.500000,900.0000,1.372500,96.524881,extrusion,125,2409
-722.5100,-171.7240,-530.4000,0.500000,-0.500000,-0.500000,0.500000,900.0000,0.105720,96.526790,extrusion,125,2410
-723.0890,-172.5430,-530.4000,0.500000,-0.500000,-0.500000,0.500000,900.0000,0.107570,96.523766,extrusion,125,2411
-723.6550,-173.7560,-530.4000,0.500000,-0.500000,-0.500000,0.500000,900.0000,0.143560,96.525105,extrusion,125,2412
-723.9100,-174.7280,-530.4000,0.500000,-0.500000,-0.500000,0.500000,900.0000,0.107770,96.520769,extrusion,125,2413
-724.0080,-175.8410,-530.4000,0.500000,-0.500000,-0.500000,0.500000,900.0000,0.119830,96.524128,extrusion,125,2414
-723.9100,-176.9540,-530.4000,0.500000,-0.500000,-0.500000,0.500000,900.0000,0.119830,96.524128,extrusion,125,2415
-723.7230,-177.6510,-530.4000,0.500000,-0.500000,-0.500000,0.500000,900.0000,0.077400,96.528855,extrusion,125,2416
-736.1950,-165.1790,-530.4000,0.500000,-0.500000,-0.500000,0.500000,900.0000,1.891680,96.524838,extrusion,125,2417
-736.1950,-173.7130,-530.4000,0.500000,-0.500000,-0.500000,0.500000,900.0000,0.915270,96.524842,extrusion,125,2418
-699.0070,-210.9010,-530.4000,0.500000,-0.500000,-0.500000,0.500000,900.0000,5.640460,96.524867,extrusion,125,2419
-699.0070,-202.3670,-530.4000,0.500000,-0.500000,-0.500000,0.500000,900.0000,0.915270,96.524842,extrusion,125,2420
-719.4060,-181.9680,-530.4000,0.500000,-0.500000,-0.500000,0.500000,900.0000,3.094000,96.524807,extrusion,125,2421
-718.7090,-182.1510,-530.4000,0.500000,-0.500000,-0.500000,0.500000,900.0000,0.077290,96.528930,extrusion,125,2422
-717.6010,-182.2470,-530.4000,0.500000,-0.500000,-0.500000,0.500000,900.0000,0.119280,96.526455,extrusion,125,2423
-716.4920,-182.1510,-530.4000,0.500000,-0.500000,-0.500000,0.500000,900.0000,0.119380,96.520915,extrusion,125,2424
-715.5170,-181.8940,-530.4000,0.500000,-0.500000,-0.500000,0.500000,900.0000,0.108140,96.524601,extrusion,125,2425
-714.3030,-181.3280,-530.4000,0.500000,-0.500000,-0.500000,0.500000,900.0000,0.143660,96.526988,extrusion,125,2426
-713.4840,-180.7500,-530.4000,0.500000,-0.500000,-0.500000,0.500000,900.0000,0.107510,96.525450,extrusion,125,2427
-712.7840,-180.0560,-530.4000,0.500000,-0.500000,-0.500000,0.500000,900.0000,0.105720,96.526790,extrusion,125,2428
-699.0070,-193.8330,-530.4000,0.500000,-0.500000,-0.500000,0.500000,900.0000,2.089610,96.524618,extrusion,125,2429
-699.0070,-185.2990,-530.4000,0.500000,-0.500000,-0.500000,0.500000,900.0000,0.915270,96.524842,extrusion,125,2430
-722.0600,-162.2470,-530.4000,0.500000,-0.500000,-0.500000,0.500000,900.0000,3.496470,96.524884,extrusion,125,2431
-713.5260,-162.2470,-530.4000,0.500000,-0.500000,-0.500000,0.500000,900.0000,0.915270,96.524842,extrusion,125,2432
-699.0070,-176.7660,-530.4000,0.500000,-0.500000,-0.500000,0.500000,900.0000,2.202160,96.524970,extrusion,125,2433
-699.0070,-168.2320,-530.4000,0.500000,-0.500000,-0.500000,0.500000,900.0000,0.915270,96.524842,extrusion,125,2434
-705.2640,-161.9750,-530.4000,0.500000,-0.500000,-0.500000,0.500000,900.0000,0.949020,96.524314,extrusion,125,2435
-736.4660,-181.9750,-530.4000,0.500000,-0.500000,-0.500000,0.500000,900.0000,0.000000,0.000000,travel,126,2437
-699.0070,-219.4350,-530.4000,0.500000,-0.500000,-0.500000,0.500000,900.0000,5.681640,96.524875,extrusion,127,2438
-699.0070,-227.9680,-530.4000,0.500000,-0.500000,-0.500000,0.500000,900.0000,0.915160,96.524552,extrusion,127,2439
-736.1950,-190.7800,-530.4000,0.500000,-0.500000,-0.500000,0.500000,900.0000,5.640460,96.524867,extrusion,127,2440
-736.1950,-199.3140,-530.4000,0.500000,-0.500000,-0.500000,0.500000,900.0000,0.915270,96.524842,extrusion,127,2441
-715.7950,-219.7140,-530.4000,0.500000,-0.500000,-0.500000,0.500000,900.0000,3.094150,96.524755,extrusion,127,2442
-716.4920,-219.5300,-530.4000,0.500000,-0.500000,-0.500000,0.500000,900.0000,0.077310,96.519808,extrusion,127,2443
-717.6010,-219.4340,-530.4000,0.500000,-0.500000,-0.500000,0.500000,900.0000,0.119380,96.520915,extrusion,127,2444
-718.7100,-219.5310,-530.4000,0.500000,-0.500000,-0.500000,0.500000,900.0000,0.119390,96.521484,extrusion,127,2445
-719.8230,-219.8320,-530.4000,0.500000,-0.500000,-0.500000,0.500000,900.0000,0.123660,96.527001,extrusion,127,2446
-720.8320,-220.3090,-530.4000,0.500000,-0.500000,-0.500000,0.500000,900.0000,0.119700,96.526291,extrusion,127,2447
-721.6300,-220.8650,-530.4000,0.500000,-0.500000,-0.500000,0.500000,900.0000,0.104310,96.524300,extrusion,127,2448
-722.4180,-221.6250,-530.4000,0.500000,-0.500000,-0.500000,0.500000,900.0000,0.117410,96.520732,extrusion,127,2449
-736.1950,-207.8480,-530.4000,0.500000,-0.500000,-0.500000,0.500000,900.0000,2.089610,96.524618,extrusion,127,2450
-736.1950,-216.3820,-530.4000,0.500000,-0.500000,-0.500000,0.500000,900.0000,0.915270,96.524842,extrusion,127,2451
-713.1420,-239.4350,-530.4000,0.500000,-0.500000,-0.500000,0.500000,900.0000,3.496540,96.524723,extrusion,127,2452
-704.6080,-239.4350,-530.4000,0.500000,-0.500000,-0.500000,0.500000,900.0000,0.915270,96.524842,extrusion,127,2453
-713.3850,-230.6580,-530.4000,0.500000,-0.500000,-0.500000,0.500000,900.0000,1.331240,96.524547,extrusion,127,2454
-712.6250,-229.8700,-530.4000,0.500000,-0.500000,-0.500000,0.500000,900.0000,0.117410,96.520732,extrusion,127,2455
-712.0470,-229.0340,-530.4000,0.500000,-0.500000,-0.500000,0.500000,900.0000,0.109000,96.521275,extrusion,127,2456
-711.5470,-227.9250,-530.4000,0.500000,-0.500000,-0.500000,0.500000,900.0000,0.130470,96.524992,extrusion,127,2457
-711.2910,-226.9530,-530.4000,0.500000,-0.500000,-0.500000,0.500000,900.0000,0.107800,96.523219,extrusion,127,2458
-711.1940,-225.8410,-530.4000,0.500000,-0.500000,-0.500000,0.500000,900.0000,0.119710,96.521066,extrusion,127,2459
-711.2910,-224.7280,-530.4000,0.500000,-0.500000,-0.500000,0.500000,900.0000,0.119820,96.523611,extrusion,127,2460
-711.4780,-224.0310,-530.4000,0.500000,-0.500000,-0.500000,0.500000,900.0000,0.077400,96.528855,extrusion,127,2461
-698.7350,-236.7740,-530.4000,0.500000,-0.500000,-0.500000,0.500000,900.0000,1.932780,96.524654,extrusion,127,2462
-736.4660,-233.1780,-530.4000,0.500000,-0.500000,-0.500000,0.500000,900.0000,0.000000,0.000000,travel,128,2464
-730.2090,-239.4350,-530.4000,0.500000,-0.500000,-0.500000,0.500000,900.0000,0.949020,96.524314,extrusion,129,2465
-721.6760,-239.4350,-530.4000,0.500000,-0.500000,-0.500000,0.500000,900.0000,0.915160,96.524552,extrusion,129,2466
-736.4660,-224.6440,-530.4000,0.500000,-0.500000,-0.500000,0.500000,900.0000,2.243340,96.524988,extrusion,129,2467
-721.2790,-171.1730,-529.9500,0.500000,-0.500000,-0.500000,0.500000,900.0000,0.000000,0.000000,travel,130,2473
-721.3650,-171.2320,-529.9500,0.500000,-0.500000,-0.500000,0.500000,900.0000,0.011190,96.564619,extrusion,131,2476
-722.1080,-171.9550,-529.9500,0.500000,-0.500000,-0.500000,0.500000,900.0000,0.111190,96.527010,extrusion,131,2477
-722.7140,-172.7970,-529.9500,0.500000,-0.500000,-0.500000,0.500000,900.0000,0.111260,96.523947,extrusion,131,2478
-723.1650,-173.7310,-529.9500,0.500000,-0.500000,-0.500000,0.500000,900.0000,0.111240,96.526464,extrusion,131,2479
-723.4470,-174.7300,-529.9500,0.500000,-0.500000,-0.500000,0.500000,900.0000,0.111330,96.525274,extrusion,131,2480
-723.5510,-175.7620,-529.9500,0.500000,-0.500000,-0.500000,0.500000,900.0000,0.111240,96.522741,extrusion,131,2481
-723.4740,-176.7960,-529.9500,0.500000,-0.500000,-0.500000,0.500000,900.0000,0.111200,96.521907,extrusion,131,2482
-723.2190,-177.8020,-529.9500,0.500000,-0.500000,-0.500000,0.500000,900.0000,0.111310,96.528719,extrusion,131,2483
-722.7930,-178.7470,-529.9500,0.500000,-0.500000,-0.500000,0.500000,900.0000,0.111170,96.522087,extrusion,131,2484
-722.2100,-179.6050,-529.9500,0.500000,-0.500000,-0.500000,0.500000,900.0000,0.111250,96.521863,extrusion,131,2485
-721.4860,-180.3480,-529.9500,0.500000,-0.500000,-0.500000,0.500000,900.0000,0.111260,96.522826,extrusion,131,2486
-720.6440,-180.9540,-529.9500,0.500000,-0.500000,-0.500000,0.500000,900.0000,0.111260,96.523947,extrusion,131,2487
-719.7100,-181.4050,-529.9500,0.500000,-0.500000,-0.500000,0.500000,900.0000,0.111240,96.526464,extrusion,131,2488
-718.7120,-181.6870,-529.9500,0.500000,-0.500000,-0.500000,0.500000,900.0000,0.111230,96.528062,extrusion,131,2489
-717.6800,-181.7910,-529.9500,0.500000,-0.500000,-0.500000,0.500000,900.0000,0.111240,96.522741,extrusion,131,2490
-716.6450,-181.7140,-529.9500,0.500000,-0.500000,-0.500000,0.500000,900.0000,0.111310,96.524552,extrusion,131,2491
-715.6400,-181.4590,-529.9500,0.500000,-0.500000,-0.500000,0.500000,900.0000,0.111200,96.523479,extrusion,131,2492
-714.6940,-181.0330,-529.9500,0.500000,-0.500000,-0.500000,0.500000,900.0000,0.111270,96.524012,extrusion,131,2493
-713.8370,-180.4490,-529.9500,0.500000,-0.500000,-0.500000,0.500000,900.0000,0.111230,96.529094,extrusion,131,2494
-713.0930,-179.7260,-529.9500,0.500000,-0.500000,-0.500000,0.500000,900.0000,0.111260,96.521032,extrusion,131,2495
-712.4870,-178.8840,-529.9500,0.500000,-0.500000,-0.500000,0.500000,900.0000,0.111260,96.523947,extrusion,131,2496
-712.0360,-177.9500,-529.9500,0.500000,-0.500000,-0.500000,0.500000,900.0000,0.111240,96.526464,extrusion,131,2497
-711.7550,-176.9520,-529.9500,0.500000,-0.500000,-0.500000,0.500000,900.0000,0.111200,96.527295,extrusion,131,2498
-711.6510,-175.9190,-529.9500,0.500000,-0.500000,-0.500000,0.500000,900.0000,0.111350,96.525595,extrusion,131,2499
-711.7270,-174.8850,-529.9500,0.500000,-0.500000,-0.500000,0.500000,900.0000,0.111200,96.528776,extrusion,131,2500
-711.9820,-173.8800,-529.9500,0.500000,-0.500000,-0.500000,0.500000,900.0000,0.111200,96.523479,extrusion,131,2501
-712.4080,-172.9340,-529.9500,0.500000,-0.500000,-0.500000,0.500000,900.0000,0.111270,96.524012,extrusion,131,2502
-712.9920,-172.0760,-529.9500,0.500000,-0.500000,-0.500000,0.500000,900.0000,0.111310,96.521595,extrusion,131,2503
-713.7160,-171.3330,-529.9500,0.500000,-0.500000,-0.500000,0.500000,900.0000,0.111260,96.522826,extrusion,131,2504
-714.5570,-170.7270,-529.9500,0.500000,-0.500000,-0.500000,0.500000,900.0000,0.111170,96.521368,extrusion,131,2505
-715.4920,-170.2760,-529.9500,0.500000,-0.500000,-0.500000,0.500000,900.0000,0.111330,96.520750,extrusion,131,2506
-716.4900,-169.9950,-529.9500,0.500000,-0.500000,-0.500000,0.500000,900.0000,0.111200,96.527295,extrusion,131,2507
-717.5220,-169.8900,-529.9500,0.500000,-0.500000,-0.500000,0.500000,900.0000,0.111250,96.522043,extrusion,131,2508
-718.5560,-169.9670,-529.9500,0.500000,-0.500000,-0.500000,0.500000,900.0000,0.111200,96.521907,extrusion,131,2509
-719.5620,-170.2220,-529.9500,0.500000,-0.500000,-0.500000,0.500000,900.0000,0.111310,96.528719,extrusion,131,2510
-720.5080,-170.6480,-529.9500,0.500000,-0.500000,-0.500000,0.500000,900.0000,0.111270,96.524012,extrusion,131,2511
-721.2790,-171.1730,-529.9500,0.500000,-0.500000,-0.500000,0.500000,900.0000,0.100040,96.525063,extrusion,131,2512
-720.9360,-171.6690,-529.9500,0.500000,-0.500000,-0.500000,0.500000,900.0000,0.000000,0.000000,travel,132,2513
-721.0190,-171.7260,-529.9500,0.500000,-0.500000,-0.500000,0.500000,900.0000,0.010800,96.536183,extrusion,133,2515
-721.6810,-172.3820,-529.9500,0.500000,-0.500000,-0.500000,0.500000,900.0000,0.099950,96.520685,extrusion,133,2516
-722.2200,-173.1430,-529.9500,0.500000,-0.500000,-0.500000,0.500000,900.0000,0.100020,96.529289,extrusion,133,2517
-722.6180,-173.9860,-529.9500,0.500000,-0.500000,-0.500000,0.500000,900.0000,0.099980,96.523378,extrusion,133,2518
-722.8640,-174.8860,-529.9500,0.500000,-0.500000,-0.500000,0.500000,900.0000,0.100070,96.529050,extrusion,133,2519
-722.9500,-175.8140,-529.9500,0.500000,-0.500000,-0.500000,0.500000,900.0000,0.099950,96.520685,extrusion,133,2520
-722.8730,-176.7440,-529.9500,0.500000,-0.500000,-0.500000,0.500000,900.0000,0.100080,96.521345,extrusion,133,2521
-722.6360,-177.6450,-529.9500,0.500000,-0.500000,-0.500000,0.500000,900.0000,0.099920,96.525615,extrusion,133,2522
-722.2460,-178.4920,-529.9500,0.500000,-0.500000,-0.500000,0.500000,900.0000,0.100010,96.527019,extrusion,133,2523
-721.7150,-179.2590,-529.9500,0.500000,-0.500000,-0.500000,0.500000,900.0000,0.100050,96.524506,extrusion,133,2524
-721.0590,-179.9210,-529.9500,0.500000,-0.500000,-0.500000,0.500000,900.0000,0.099950,96.520685,extrusion,133,2525
-720.2980,-180.4600,-529.9500,0.500000,-0.500000,-0.500000,0.500000,900.0000,0.100020,96.529289,extrusion,133,2526
-719.4550,-180.8580,-529.9500,0.500000,-0.500000,-0.500000,0.500000,900.0000,0.099980,96.523378,extrusion,133,2527
-718.5560,-181.1040,-529.9500,0.500000,-0.500000,-0.500000,0.500000,900.0000,0.099960,96.522730,extrusion,133,2528
-717.6270,-181.1900,-529.9500,0.500000,-0.500000,-0.500000,0.500000,900.0000,0.100060,96.523783,extrusion,133,2529
-716.6980,-181.1130,-529.9500,0.500000,-0.500000,-0.500000,0.500000,900.0000,0.099980,96.527987,extrusion,133,2530
-715.7960,-180.8760,-529.9500,0.500000,-0.500000,-0.500000,0.500000,900.0000,0.100020,96.522019,extrusion,133,2531
-714.9490,-180.4860,-529.9500,0.500000,-0.500000,-0.500000,0.500000,900.0000,0.100010,96.527019,extrusion,133,2532
-714.1830,-179.9550,-529.9500,0.500000,-0.500000,-0.500000,0.500000,900.0000,0.099960,96.522730,extrusion,133,2533
-713.5200,-179.2990,-529.9500,0.500000,-0.500000,-0.500000,0.500000,900.0000,0.100030,96.524345,extrusion,133,2534
-712.9820,-178.5380,-529.9500,0.500000,-0.500000,-0.500000,0.500000,900.0000,0.099950,96.521518,extrusion,133,2535
-712.5830,-177.6950,-529.9500,0.500000,-0.500000,-0.500000,0.500000,900.0000,0.100030,96.527397,extrusion,133,2536
-712.3380,-176.7950,-529.9500,0.500000,-0.500000,-0.500000,0.500000,900.0000,0.100040,96.527337,extrusion,133,2537
-712.2520,-175.8670,-529.9500,0.500000,-0.500000,-0.500000,0.500000,900.0000,0.099950,96.520685,extrusion,133,2538
-712.3280,-174.9380,-529.9500,0.500000,-0.500000,-0.500000,0.500000,900.0000,0.099970,96.526831,extrusion,133,2539
-712.5650,-174.0360,-529.9500,0.500000,-0.500000,-0.500000,0.500000,900.0000,0.100020,96.522019,extrusion,133,2540
-712.9550,-173.1890,-529.9500,0.500000,-0.500000,-0.500000,0.500000,900.0000,0.100010,96.527019,extrusion,133,2541
-713.4860,-172.4220,-529.9500,0.500000,-0.500000,-0.500000,0.500000,900.0000,0.100050,96.524506,extrusion,133,2542
-714.1420,-171.7600,-529.9500,0.500000,-0.500000,-0.500000,0.500000,900.0000,0.099950,96.520685,extrusion,133,2543
-714.9030,-171.2210,-529.9500,0.500000,-0.500000,-0.500000,0.500000,900.0000,0.100020,96.529289,extrusion,133,2544
-715.7470,-170.8230,-529.9500,0.500000,-0.500000,-0.500000,0.500000,900.0000,0.100080,96.526278,extrusion,133,2545
-716.6460,-170.5770,-529.9500,0.500000,-0.500000,-0.500000,0.500000,900.0000,0.099960,96.522730,extrusion,133,2546
-717.5740,-170.4920,-529.9500,0.500000,-0.500000,-0.500000,0.500000,900.0000,0.099940,96.520530,extrusion,133,2547
-718.5040,-170.5680,-529.9500,0.500000,-0.500000,-0.500000,0.500000,900.0000,0.100070,96.520180,extrusion,133,2548
-719.4060,-170.8050,-529.9500,0.500000,-0.500000,-0.500000,0.500000,900.0000,0.100020,96.522019,extrusion,133,2549
-720.2530,-171.1950,-529.9500,0.500000,-0.500000,-0.500000,0.500000,900.0000,0.100010,96.527019,extrusion,133,2550
-720.9360,-171.6690,-529.9500,0.500000,-0.500000,-0.500000,0.500000,900.0000,0.089160,96.520975,extrusion,133,2551
-711.8640,-227.3390,-529.9500,0.500000,-0.500000,-0.500000,0.500000,900.0000,0.000000,0.000000,travel,134,2553
-711.7550,-226.9520,-529.9500,0.500000,-0.500000,-0.500000,0.500000,900.0000,0.043120,96.523577,extrusion,135,2555
-711.6510,-225.9190,-529.9500,0.500000,-0.500000,-0.500000,0.500000,900.0000,0.111350,96.525595,extrusion,135,2556
-711.7270,-224.8850,-529.9500,0.500000,-0.500000,-0.500000,0.500000,900.0000,0.111200,96.528776,extrusion,135,2557
-711.9820,-223.8800,-529.9500,0.500000,-0.500000,-0.500000,0.500000,900.0000,0.111200,96.523479,extrusion,135,2558
-712.4080,-222.9340,-529.9500,0.500000,-0.500000,-0.500000,0.500000,900.0000,0.111270,96.524012,extrusion,135,2559
-712.9920,-222.0760,-529.9500,0.500000,-0.500000,-0.500000,0.500000,900.0000,0.111310,96.521595,extrusion,135,2560
-713.7160,-221.3330,-529.9500,0.500000,-0.500000,-0.500000,0.500000,900.0000,0.111260,96.522826,extrusion,135,2561
-714.5570,-220.7270,-529.9500,0.500000,-0.500000,-0.500000,0.500000,900.0000,0.111170,96.521368,extrusion,135,2562
-715.4920,-220.2760,-529.9500,0.500000,-0.500000,-0.500000,0.500000,900.0000,0.111330,96.520750,extrusion,135,2563
-716.4900,-219.9950,-529.9500,0.500000,-0.500000,-0.500000,0.500000,900.0000,0.111200,96.527295,extrusion,135,2564
-717.5220,-219.8900,-529.9500,0.500000,-0.500000,-0.500000,0.500000,900.0000,0.111250,96.522043,extrusion,135,2565
-718.5560,-219.9670,-529.9500,0.500000,-0.500000,-0.500000,0.500000,900.0000,0.111200,96.521907,extrusion,135,2566
-719.5620,-220.2220,-529.9500,0.500000,-0.500000,-0.500000,0.500000,900.0000,0.111310,96.528719,extrusion,135,2567
-720.5080,-220.6480,-529.9500,0.500000,-0.500000,-0.500000,0.500000,900.0000,0.111270,96.524012,extrusion,135,2568
-721.3650,-221.2320,-529.9500,0.500000,-0.500000,-0.500000,0.500000,900.0000,0.111230,96.529094,extrusion,135,2569
-722.1080,-221.9550,-529.9500,0.500000,-0.500000,-0.500000,0.500000,900.0000,0.111190,96.527010,extrusion,135,2570
-722.7140,-222.7970,-529.9500,0.500000,-0.500000,-0.500000,0.500000,900.0000,0.111260,96.523947,extrusion,135,2571
-723.1650,-223.7310,-529.9500,0.500000,-0.500000,-0.500000,0.500000,900.0000,0.111240,96.526464,extrusion,135,2572
-723.4470,-224.7300,-529.9500,0.500000,-0.500000,-0.500000,0.500000,900.0000,0.111330,96.525274,extrusion,135,2573
-723.5510,-225.7620,-529.9500,0.500000,-0.500000,-0.500000,0.500000,900.0000,0.111240,96.522741,extrusion,135,2574
-723.4740,-226.7960,-529.9500,0.500000,-0.500000,-0.500000,0.500000,900.0000,0.111200,96.521907,extrusion,135,2575
-723.2190,-227.8020,-529.9500,0.500000,-0.500000,-0.500000,0.500000,900.0000,0.111310,96.528719,extrusion,135,2576
-722.7930,-228.7470,-529.9500,0.500000,-0.500000,-0.500000,0.500000,900.0000,0.111170,96.522087,extrusion,135,2577
-722.2100,-229.6050,-529.9500,0.500000,-0.500000,-0.500000,0.500000,900.0000,0.111250,96.521863,extrusion,135,2578
-721.4860,-230.3480,-529.9500,0.500000,-0.500000,-0.500000,0.500000,900.0000,0.111260,96.522826,extrusion,135,2579
-720.6440,-230.9540,-529.9500,0.500000,-0.500000,-0.500000,0.500000,900.0000,0.111260,96.523947,extrusion,135,2580
-719.7100,-231.4050,-529.9500,0.500000,-0.500000,-0.500000,0.500000,900.0000,0.111240,96.526464,extrusion,135,2581
-718.7120,-231.6870,-529.9500,0.500000,-0.500000,-0.500000,0.500000,900.0000,0.111230,96.528062,extrusion,135,2582
-717.6800,-231.7910,-529.9500,0.500000,-0.500000,-0.500000,0.500000,900.0000,0.111240,96.522741,extrusion,135,2583
-716.6450,-231.7140,-529.9500,0.500000,-0.500000,-0.500000,0.500000,900.0000,0.111310,96.524552,extrusion,135,2584
-715.6400,-231.4590,-529.9500,0.500000,-0.500000,-0.500000,0.500000,900.0000,0.111200,96.523479,extrusion,135,2585
-714.6940,-231.0330,-529.9500,0.500000,-0.500000,-0.500000,0.500000,900.0000,0.111270,96.524012,extrusion,135,2586
-713.8370,-230.4490,-529.9500,0.500000,-0.500000,-0.500000,0.500000,900.0000,0.111230,96.529094,extrusion,135,2587
-713.0930,-229.7260,-529.9500,0.500000,-0.500000,-0.500000,0.500000,900.0000,0.111260,96.521032,extrusion,135,2588
-712.4870,-228.8840,-529.9500,0.500000,-0.500000,-0.500000,0.500000,900.0000,0.111260,96.523947,extrusion,135,2589
-712.0360,-227.9500,-529.9500,0.500000,-0.500000,-0.500000,0.500000,900.0000,0.111240,96.526464,extrusion,135,2590
-711.8640,-227.3390,-529.9500,0.500000,-0.500000,-0.500000,0.500000,900.0000,0.068080,96.529649,extrusion,135,2591
-712.4430,-227.1810,-529.9500,0.500000,-0.500000,-0.500000,0.500000,900.0000,0.000000,0.000000,travel,136,2592
-712.3380,-226.7950,-529.9500,0.500000,-0.500000,-0.500000,0.500000,900.0000,0.042900,96.518666,extrusion,137,2594
-712.2520,-225.8670,-529.9500,0.500000,-0.500000,-0.500000,0.500000,900.0000,0.099950,96.520685,extrusion,137,2595
-712.3280,-224.9380,-529.9500,0.500000,-0.500000,-0.500000,0.500000,900.0000,0.099970,96.526831,extrusion,137,2596
-712.5650,-224.0360,-529.9500,0.500000,-0.500000,-0.500000,0.500000,900.0000,0.100020,96.522019,extrusion,137,2597
-712.9550,-223.1890,-529.9500,0.500000,-0.500000,-0.500000,0.500000,900.0000,0.100010,96.527019,extrusion,137,2598
-713.4860,-222.4220,-529.9500,0.500000,-0.500000,-0.500000,0.500000,900.0000,0.100050,96.524506,extrusion,137,2599
-714.1420,-221.7600,-529.9500,0.500000,-0.500000,-0.500000,0.500000,900.0000,0.099950,96.520685,extrusion,137,2600
-714.9030,-221.2210,-529.9500,0.500000,-0.500000,-0.500000,0.500000,900.0000,0.100020,96.529289,extrusion,137,2601
-715.7470,-220.8230,-529.9500,0.500000,-0.500000,-0.500000,0.500000,900.0000,0.100080,96.526278,extrusion,137,2602
-716.6460,-220.5770,-529.9500,0.500000,-0.500000,-0.500000,0.500000,900.0000,0.099960,96.522730,extrusion,137,2603
-717.5740,-220.4920,-529.9500,0.500000,-0.500000,-0.500000,0.500000,900.0000,0.099940,96.520530,extrusion,137,2604
-718.5040,-220.5680,-529.9500,0.500000,-0.500000,-0.500000,0.500000,900.0000,0.100070,96.520180,extrusion,137,2605
-719.4060,-220.8050,-529.9500,0.500000,-0.500000,-0.500000,0.500000,900.0000,0.100020,96.522019,extrusion,137,2606
-720.2530,-221.1950,-529.9500,0.500000,-0.500000,-0.500000,0.500000,900.0000,0.100010,96.527019,extrusion,137,2607
-721.0190,-221.7260,-529.9500,0.500000,-0.500000,-0.500000,0.500000,900.0000,0.099960,96.522730,extrusion,137,2608
-721.6810,-222.3820,-529.9500,0.500000,-0.500000,-0.500000,0.500000,900.0000,0.099950,96.520685,extrusion,137,2609
-722.2200,-223.1430,-529.9500,0.500000,-0.500000,-0.500000,0.500000,900.0000,0.100020,96.529289,extrusion,137,2610
-722.6180,-223.9860,-529.9500,0.500000,-0.500000,-0.500000,0.500000,900.0000,0.099980,96.523378,extrusion,137,2611
-722.8640,-224.8860,-529.9500,0.500000,-0.500000,-0.500000,0.500000,900.0000,0.100070,96.529050,extrusion,137,2612
-722.9500,-225.8140,-529.9500,0.500000,-0.500000,-0.500000,0.500000,900.0000,0.099950,96.520685,extrusion,137,2613
-722.8730,-226.7440,-529.9500,0.500000,-0.500000,-0.500000,0.500000,900.0000,0.100080,96.521345,extrusion,137,2614
-722.6360,-227.6450,-529.9500,0.500000,-0.500000,-0.500000,0.500000,900.0000,0.099920,96.525615,extrusion,137,2615
-722.2460,-228.4920,-529.9500,0.500000,-0.500000,-0.500000,0.500000,900.0000,0.100010,96.527019,extrusion,137,2616
-721.7150,-229.2590,-529.9500,0.500000,-0.500000,-0.500000,0.500000,900.0000,0.100050,96.524506,extrusion,137,2617
-721.0590,-229.9210,-529.9500,0.500000,-0.500000,-0.500000,0.500000,900.0000,0.099950,96.520685,extrusion,137,2618
-720.2980,-230.4600,-529.9500,0.500000,-0.500000,-0.500000,0.500000,900.0000,0.100020,96.529289,extrusion,137,2619
-719.4550,-230.8580,-529.9500,0.500000,-0.500000,-0.500000,0.500000,900.0000,0.099980,96.523378,extrusion,137,2620
-718.5560,-231.1040,-529.9500,0.500000,-0.500000,-0.500000,0.500000,900.0000,0.099960,96.522730,extrusion,137,2621
-717.6270,-231.1900,-529.9500,0.500000,-0.500000,-0.500000,0.500000,900.0000,0.100060,96.523783,extrusion,137,2622
-716.6980,-231.1130,-529.9500,0.500000,-0.500000,-0.500000,0.500000,900.0000,0.099980,96.527987,extrusion,137,2623
-715.7960,-230.8760,-529.9500,0.500000,-0.500000,-0.500000,0.500000,900.0000,0.100020,96.522019,extrusion,137,2624
-714.9490,-230.4860,-529.9500,0.500000,-0.500000,-0.500000,0.500000,900.0000,0.100010,96.527019,extrusion,137,2625
-714.1830,-229.9550,-529.9500,0.500000,-0.500000,-0.500000,0.500000,900.0000,0.099960,96.522730,extrusion,137,2626
-713.5200,-229.2990,-529.9500,0.500000,-0.500000,-0.500000,0.500000,900.0000,0.100030,96.524345,extrusion,137,2627
-712.9820,-228.5380,-529.9500,0.500000,-0.500000,-0.500000,0.500000,900.0000,0.099950,96.521518,extrusion,137,2628
-712.5830,-227.6950,-529.9500,0.500000,-0.500000,-0.500000,0.500000,900.0000,0.100030,96.527397,extrusion,137,2629
-712.4430,-227.1810,-529.9500,0.500000,-0.500000,-0.500000,0.500000,900.0000,0.057130,96.516952,extrusion,137,2630
-736.6470,-230.6540,-529.9500,0.500000,-0.500000,-0.500000,0.500000,900.0000,0.000000,0.000000,travel,138,2632
-736.6470,-239.8870,-529.9500,0.500000,-0.500000,-0.500000,0.500000,900.0000,0.990240,96.525073,extrusion,139,2634
-698.5540,-239.8870,-529.9500,0.500000,-0.500000,-0.500000,0.500000,900.0000,4.085460,96.524663,extrusion,139,2635
-698.5540,-232.4630,-529.9500,0.500000,-0.500000,-0.500000,0.500000,900.0000,0.796220,96.524515,extrusion,139,2636
-698.5540,-161.7940,-529.9500,0.500000,-0.500000,-0.500000,0.500000,900.0000,7.579230,96.524742,extrusion,139,2637
-736.6470,-161.7940,-529.9500,0.500000,-0.500000,-0.500000,0.500000,900.0000,4.085460,96.524663,extrusion,139,2638
-736.6470,-230.6540,-529.9500,0.500000,-0.500000,-0.500000,0.500000,900.0000,7.385220,96.524804,extrusion,139,2639
-737.2510,-230.6540,-529.9500,0.500000,-0.500000,-0.500000,0.500000,900.0000,0.000000,0.000000,travel,140,2640
-737.2510,-240.4910,-529.9500,0.500000,-0.500000,-0.500000,0.500000,900.0000,1.055020,96.525160,extrusion,141,2642
-697.9510,-240.4910,-529.9500,0.500000,-0.500000,-0.500000,0.500000,900.0000,4.214920,96.524885,extrusion,141,2643
-697.9510,-232.4630,-529.9500,0.500000,-0.500000,-0.500000,0.500000,900.0000,0.861000,96.524664,extrusion,141,2644
-697.9510,-161.1910,-529.9500,0.500000,-0.500000,-0.500000,0.500000,900.0000,7.643900,96.524722,extrusion,141,2645
-737.2510,-161.1910,-529.9500,0.500000,-0.500000,-0.500000,0.500000,900.0000,4.214920,96.524885,extrusion,141,2646
-737.2510,-230.6540,-529.9500,0.500000,-0.500000,-0.500000,0.500000,900.0000,7.449890,96.524783,extrusion,141,2647
-736.4660,-202.6390,-529.9500,0.500000,-0.500000,-0.500000,0.500000,900.0000,0.000000,0.000000,travel,142,2649
-715.7950,-181.9680,-529.9500,0.500000,-0.500000,-0.500000,0.500000,900.0000,3.135260,96.524950,extrusion,143,2652
-716.4920,-182.1510,-529.9500,0.500000,-0.500000,-0.500000,0.500000,900.0000,0.077290,96.528930,extrusion,143,2653
-717.6010,-182.2470,-529.9500,0.500000,-0.500000,-0.500000,0.500000,900.0000,0.119380,96.520915,extrusion,143,2654
-718.7090,-182.1510,-529.9500,0.500000,-0.500000,-0.500000,0.500000,900.0000,0.119280,96.526455,extrusion,143,2655
-719.6850,-181.8940,-529.9500,0.500000,-0.500000,-0.500000,0.500000,900.0000,0.108240,96.521292,extrusion,143,2656
-720.8330,-181.3720,-529.9500,0.500000,-0.500000,-0.500000,0.500000,900.0000,0.135250,96.522428,extrusion,143,2657
-721.6300,-180.8160,-529.9500,0.500000,-0.500000,-0.500000,0.500000,900.0000,0.104220,96.522427,extrusion,143,2658
-722.4180,-180.0560,-529.9500,0.500000,-0.500000,-0.500000,0.500000,900.0000,0.117410,96.520732,extrusion,143,2659
-736.1950,-193.8330,-529.9500,0.500000,-0.500000,-0.500000,0.500000,900.0000,2.089610,96.524618,extrusion,143,2660
-736.1950,-185.2990,-529.9500,0.500000,-0.500000,-0.500000,0.500000,900.0000,0.915270,96.524842,extrusion,143,2661
-713.1420,-162.2470,-529.9500,0.500000,-0.500000,-0.500000,0.500000,900.0000,3.496470,96.524884,extrusion,143,2662
-704.6080,-162.2470,-529.9500,0.500000,-0.500000,-0.500000,0.500000,900.0000,0.915270,96.524842,extrusion,143,2663
-713.3850,-171.0240,-529.9500,0.500000,-0.500000,-0.500000,0.500000,900.0000,1.331240,96.524547,extrusion,143,2664
-712.6920,-171.7240,-529.9500,0.500000,-0.500000,-0.500000,0.500000,900.0000,0.105640,96.522664,extrusion,143,2665
-712.1130,-172.5430,-529.9500,0.500000,-0.500000,-0.500000,0.500000,900.0000,0.107570,96.523766,extrusion,143,2666
-711.5470,-173.7560,-529.9500,0.500000,-0.500000,-0.500000,0.500000,900.0000,0.143560,96.525105,extrusion,143,2667
-711.2910,-174.7280,-529.9500,0.500000,-0.500000,-0.500000,0.500000,900.0000,0.107800,96.523219,extrusion,143,2668
-711.1940,-175.8410,-529.9500,0.500000,-0.500000,-0.500000,0.500000,900.0000,0.119820,96.523611,extrusion,143,2669
-711.2910,-176.9540,-529.9500,0.500000,-0.500000,-0.500000,0.500000,900.0000,0.119820,96.523611,extrusion,143,2670
-711.4780,-177.6510,-529.9500,0.500000,-0.500000,-0.500000,0.500000,900.0000,0.077400,96.528855,extrusion,143,2671
-699.0070,-165.1790,-529.9500,0.500000,-0.500000,-0.500000,0.500000,900.0000,1.891600,96.524626,extrusion,143,2672
-699.0070,-173.7130,-529.9500,0.500000,-0.500000,-0.500000,0.500000,900.0000,0.915270,96.524842,extrusion,143,2673
-736.1950,-210.9010,-529.9500,0.500000,-0.500000,-0.500000,0.500000,900.0000,5.640460,96.524867,extrusion,143,2674
-736.1950,-219.4350,-529.9500,0.500000,-0.500000,-0.500000,0.500000,900.0000,0.915270,96.524842,extrusion,143,2675
-698.7350,-181.9750,-529.9500,0.500000,-0.500000,-0.500000,0.500000,900.0000,5.681710,96.524776,extrusion,143,2676
-698.7350,-207.5760,-529.9500,0.500000,-0.500000,-0.500000,0.500000,900.0000,0.000000,0.000000,travel,144,2678
-712.7840,-221.6250,-529.9500,0.500000,-0.500000,-0.500000,0.500000,900.0000,2.130870,96.524832,extrusion,145,2679
-713.4840,-220.9310,-529.9500,0.500000,-0.500000,-0.500000,0.500000,900.0000,0.105720,96.526790,extrusion,145,2680
-714.3030,-220.3530,-529.9500,0.500000,-0.500000,-0.500000,0.500000,900.0000,0.107510,96.525450,extrusion,145,2681
-715.5170,-219.7870,-529.9500,0.500000,-0.500000,-0.500000,0.500000,900.0000,0.143660,96.526988,extrusion,145,2682
-716.4920,-219.5300,-529.9500,0.500000,-0.500000,-0.500000,0.500000,900.0000,0.108140,96.524601,extrusion,145,2683
-717.6010,-219.4340,-529.9500,0.500000,-0.500000,-0.500000,0.500000,900.0000,0.119380,96.520915,extrusion,145,2684
-718.7100,-219.5310,-529.9500,0.500000,-0.500000,-0.500000,0.500000,900.0000,0.119390,96.521484,extrusion,145,2685
-719.4140,-219.7210,-529.9500,0.500000,-0.500000,-0.500000,0.500000,900.0000,0.078210,96.530583,extrusion,145,2686
-699.0070,-199.3140,-529.9500,0.500000,-0.500000,-0.500000,0.500000,900.0000,3.095210,96.524701,extrusion,145,2687
-699.0070,-190.7800,-529.9500,0.500000,-0.500000,-0.500000,0.500000,900.0000,0.915270,96.524842,extrusion,145,2688
-736.1950,-227.9680,-529.9500,0.500000,-0.500000,-0.500000,0.500000,900.0000,5.640460,96.524867,extrusion,145,2689
-736.1950,-236.5020,-529.9500,0.500000,-0.500000,-0.500000,0.500000,900.0000,0.915270,96.524842,extrusion,145,2690
-723.7280,-224.0350,-529.9500,0.500000,-0.500000,-0.500000,0.500000,900.0000,1.890920,96.524755,extrusion,145,2691
-723.9100,-224.7280,-529.9500,0.500000,-0.500000,-0.500000,0.500000,900.0000,0.076840,96.519120,extrusion,145,2692
-724.0080,-225.8410,-529.9500,0.500000,-0.500000,-0.500000,0.500000,900.0000,0.119830,96.524128,extrusion,145,2693
-723.9100,-226.9540,-529.9500,0.500000,-0.500000,-0.500000,0.500000,900.0000,0.119830,96.524128,extrusion,145,2694
-723.6210,-228.0330,-529.9500,0.500000,-0.500000,-0.500000,0.500000,900.0000,0.119800,96.523586,extrusion,145,2695
-723.1550,-229.0340,-529.9500,0.500000,-0.500000,-0.500000,0.500000,900.0000,0.118420,96.524542,extrusion,145,2696
-722.5770,-229.8700,-529.9500,0.500000,-0.500000,-0.500000,0.500000,900.0000,0.109000,96.521275,extrusion,145,2697
-721.8160,-230.6580,-529.9500,0.500000,-0.500000,-0.500000,0.500000,900.0000,0.117490,96.525271,extrusion,145,2698
-730.5930,-239.4350,-529.9500,0.500000,-0.500000,-0.500000,0.500000,900.0000,1.331240,96.524547,extrusion,145,2699
-722.0600,-239.4350,-529.9500,0.500000,-0.500000,-0.500000,0.500000,900.0000,0.915160,96.524552,extrusion,145,2700
-699.0070,-216.3820,-529.9500,0.500000,-0.500000,-0.500000,0.500000,900.0000,3.496540,96.524723,extrusion,145,2701
-699.0070,-224.9150,-529.9500,0.500000,-0.500000,-0.500000,0.500000,900.0000,0.915160,96.524552,extrusion,145,2702
-713.5260,-239.4350,-529.9500,0.500000,-0.500000,-0.500000,0.500000,900.0000,2.202230,96.524714,extrusion,145,2703
-704.9920,-239.4350,-529.9500,0.500000,-0.500000,-0.500000,0.500000,900.0000,0.915270,96.524842,extrusion,145,2704
-698.7350,-233.1780,-529.9500,0.500000,-0.500000,-0.500000,0.500000,900.0000,0.949020,96.524314,extrusion,145,2705
-721.4040,-161.9750,-529.9500,0.500000,-0.500000,-0.500000,0.500000,900.0000,0.000000,0.000000,travel,146,2707
-736.1950,-176.7660,-529.9500,0.500000,-0.500000,-0.500000,0.500000,900.0000,2.243410,96.524737,extrusion,147,2708
-736.1950,-168.2320,-529.9500,0.500000,-0.500000,-0.500000,0.500000,900.0000,0.915270,96.524842,extrusion,147,2709
-729.9380,-161.9750,-529.9500,0.500000,-0.500000,-0.500000,0.500000,900.0000,0.949020,96.524314,extrusion,147,2710
-723.1510,-177.9540,-529.5000,0.500000,-0.500000,-0.500000,0.500000,900.0000,0.000000,0.000000,travel,148,2716
-722.7930,-178.7470,-529.5000,0.500000,-0.500000,-0.500000,0.500000,900.0000,0.093310,96.520382,extrusion,149,2719
-722.2100,-179.6050,-529.5000,0.500000,-0.500000,-0.500000,0.500000,900.0000,0.111250,96.521863,extrusion,149,2720
-721.4860,-180.3480,-529.5000,0.500000,-0.500000,-0.500000,0.500000,900.0000,0.111260,96.522826,extrusion,149,2721
-720.6440,-180.9540,-529.5000,0.500000,-0.500000,-0.500000,0.500000,900.0000,0.111260,96.523947,extrusion,149,2722
-719.7100,-181.4050,-529.5000,0.500000,-0.500000,-0.500000,0.500000,900.0000,0.111240,96.526464,extrusion,149,2723
-718.7120,-181.6870,-529.5000,0.500000,-0.500000,-0.500000,0.500000,900.0000,0.111230,96.528062,extrusion,149,2724
-717.6800,-181.7910,-529.5000,0.500000,-0.500000,-0.500000,0.500000,900.0000,0.111240,96.522741,extrusion,149,2725
-716.6450,-181.7140,-529.5000,0.500000,-0.500000,-0.500000,0.500000,900.0000,0.111310,96.524552,extrusion,149,2726
-715.6400,-181.4590,-529.5000,0.500000,-0.500000,-0.500000,0.500000,900.0000,0.111200,96.523479,extrusion,149,2727
-714.6940,-181.0330,-529.5000,0.500000,-0.500000,-0.500000,0.500000,900.0000,0.111270,96.524012,extrusion,149,2728
-713.8370,-180.4490,-529.5000,0.500000,-0.500000,-0.500000,0.500000,900.0000,0.111230,96.529094,extrusion,149,2729
-713.0930,-179.7260,-529.5000,0.500000,-0.500000,-0.500000,0.500000,900.0000,0.111260,96.521032,extrusion,149,2730
-712.4870,-178.8840,-529.5000,0.500000,-0.500000,-0.500000,0.500000,900.0000,0.111260,96.523947,extrusion,149,2731
-712.0360,-177.9500,-529.5000,0.500000,-0.500000,-0.500000,0.500000,900.0000,0.111240,96.526464,extrusion,149,2732
-711.7550,-176.9520,-529.5000,0.500000,-0.500000,-0.500000,0.500000,900.0000,0.111200,96.527295,extrusion,149,2733
-711.6510,-175.9190,-529.5000,0.500000,-0.500000,-0.500000,0.500000,900.0000,0.111350,96.525595,extrusion,149,2734
-711.7270,-174.8850,-529.5000,0.500000,-0.500000,-0.500000,0.500000,900.0000,0.111200,96.528776,extrusion,149,2735
-711.9820,-173.8800,-529.5000,0.500000,-0.500000,-0.500000,0.500000,900.0000,0.111200,96.523479,extrusion,149,2736
-712.4080,-172.9340,-529.5000,0.500000,-0.500000,-0.500000,0.500000,900.0000,0.111270,96.524012,extrusion,149,2737
-712.9920,-172.0760,-529.5000,0.500000,-0.500000,-0.500000,0.500000,900.0000,0.111310,96.521595,extrusion,149,2738
-713.7160,-171.3330,-529.5000,0.500000,-0.500000,-0.500000,0.500000,900.0000,0.111260,96.522826,extrusion,149,2739
-714.5570,-170.7270,-529.5000,0.500000,-0.500000,-0.500000,0.500000,900.0000,0.111170,96.521368,extrusion,149,2740
-715.4920,-170.2760,-529.5000,0.500000,-0.500000,-0.500000,0.500000,900.0000,0.111330,96.520750,extrusion,149,2741
-716.4900,-169.9950,-529.5000,0.500000,-0.500000,-0.500000,0.500000,900.0000,0.111200,96.527295,extrusion,149,2742
-717.5220,-169.8900,-529.5000,0.500000,-0.500000,-0.500000,0.500000,900.0000,0.111250,96.522043,extrusion,149,2743
-718.5560,-169.9670,-529.5000,0.500000,-0.500000,-0.500000,0.500000,900.0000,0.111200,96.521907,extrusion,149,2744
-719.5620,-170.2220,-529.5000,0.500000,-0.500000,-0.500000,0.500000,900.0000,0.111310,96.528719,extrusion,149,2745
-720.5080,-170.6480,-529.5000,0.500000,-0.500000,-0.500000,0.500000,900.0000,0.111270,96.524012,extrusion,149,2746
-721.3650,-171.2320,-529.5000,0.500000,-0.500000,-0.500000,0.500000,900.0000,0.111230,96.529094,extrusion,149,2747
-722.1080,-171.9550,-529.5000,0.500000,-0.500000,-0.500000,0.500000,900.0000,0.111190,96.527010,extrusion,149,2748
-722.7140,-172.7970,-529.5000,0.500000,-0.500000,-0.500000,0.500000,900.0000,0.111260,96.523947,extrusion,149,2749
-723.1650,-173.7310,-529.5000,0.500000,-0.500000,-0.500000,0.500000,900.0000,0.111240,96.526464,extrusion,149,2750
-723.4470,-174.7300,-529.5000,0.500000,-0.500000,-0.500000,0.500000,900.0000,0.111330,96.525274,extrusion,149,2751
-723.5510,-175.7620,-529.5000,0.500000,-0.500000,-0.500000,0.500000,900.0000,0.111240,96.522741,extrusion,149,2752
-723.4740,-176.7960,-529.5000,0.500000,-0.500000,-0.500000,0.500000,900.0000,0.111200,96.521907,extrusion,149,2753
-723.2190,-177.8020,-529.5000,0.500000,-0.500000,-0.500000,0.500000,900.0000,0.111310,96.528719,extrusion,149,2754
-723.1510,-177.9540,-529.5000,0.500000,-0.500000,-0.500000,0.500000,900.0000,0.017860,96.530530,extrusion,149,2755
-722.6090,-177.7040,-529.5000,0.500000,-0.500000,-0.500000,0.500000,900.0000,0.000000,0.000000,travel,150,2756
-722.2460,-178.4920,-529.5000,0.500000,-0.500000,-0.500000,0.500000,900.0000,0.093050,96.525971,extrusion,151,2758
-721.7150,-179.2590,-529.5000,0.500000,-0.500000,-0.500000,0.500000,900.0000,0.100050,96.524506,extrusion,151,2759
-721.0590,-179.9210,-529.5000,0.500000,-0.500000,-0.500000,0.500000,900.0000,0.099950,96.520685,extrusion,151,2760
-720.2980,-180.4600,-529.5000,0.500000,-0.500000,-0.500000,0.500000,900.0000,0.100020,96.529289,extrusion,151,2761
-719.4550,-180.8580,-529.5000,0.500000,-0.500000,-0.500000,0.500000,900.0000,0.099980,96.523378,extrusion,151,2762
-718.5560,-181.1040,-529.5000,0.500000,-0.500000,-0.500000,0.500000,900.0000,0.099960,96.522730,extrusion,151,2763
-717.6270,-181.1900,-529.5000,0.500000,-0.500000,-0.500000,0.500000,900.0000,0.100060,96.523783,extrusion,151,2764
-716.6980,-181.1130,-529.5000,0.500000,-0.500000,-0.500000,0.500000,900.0000,0.099980,96.527987,extrusion,151,2765
-715.7960,-180.8760,-529.5000,0.500000,-0.500000,-0.500000,0.500000,900.0000,0.100020,96.522019,extrusion,151,2766
-714.9490,-180.4860,-529.5000,0.500000,-0.500000,-0.500000,0.500000,900.0000,0.100010,96.527019,extrusion,151,2767
-714.1830,-179.9550,-529.5000,0.500000,-0.500000,-0.500000,0.500000,900.0000,0.099960,96.522730,extrusion,151,2768
-713.5200,-179.2990,-529.5000,0.500000,-0.500000,-0.500000,0.500000,900.0000,0.100030,96.524345,extrusion,151,2769
-712.9820,-178.5380,-529.5000,0.500000,-0.500000,-0.500000,0.500000,900.0000,0.099950,96.521518,extrusion,151,2770
-712.5830,-177.6950,-529.5000,0.500000,-0.500000,-0.500000,0.500000,900.0000,0.100030,96.527397,extrusion,151,2771
-712.3380,-176.7950,-529.5000,0.500000,-0.500000,-0.500000,0.500000,900.0000,0.100040,96.527337,extrusion,151,2772
-712.2520,-175.8670,-529.5000,0.500000,-0.500000,-0.500000,0.500000,900.0000,0.099950,96.520685,extrusion,151,2773
-712.3280,-174.9380,-529.5000,0.500000,-0.500000,-0.500000,0.500000,900.0000,0.099970,96.526831,extrusion,151,2774
-712.5650,-174.0360,-529.5000,0.500000,-0.500000,-0.500000,0.500000,900.0000,0.100020,96.522019,extrusion,151,2775
-712.9550,-173.1890,-529.5000,0.500000,-0.500000,-0.500000,0.500000,900.0000,0.100010,96.527019,extrusion,151,2776
-713.4860,-172.4220,-529.5000,0.500000,-0.500000,-0.500000,0.500000,900.0000,0.100050,96.524506,extrusion,151,2777
-714.1420,-171.7600,-529.5000,0.500000,-0.500000,-0.500000,0.500000,900.0000,0.099950,96.520685,extrusion,151,2778
-714.9030,-171.2210,-529.5000,0.500000,-0.500000,-0.500000,0.500000,900.0000,0.100020,96.529289,extrusion,151,2779
-715.7470,-170.8230,-529.5000,0.500000,-0.500000,-0.500000,0.500000,900.0000,0.100080,96.526278,extrusion,151,2780
-716.6460,-170.5770,-529.5000,0.500000,-0.500000,-0.500000,0.500000,900.0000,0.099960,96.522730,extrusion,151,2781
-717.5740,-170.4920,-529.5000,0.500000,-0.500000,-0.500000,0.500000,900.0000,0.099940,96.520530,extrusion,151,2782
-718.5040,-170.5680,-529.5000,0.500000,-0.500000,-0.500000,0.500000,900.0000,0.100070,96.520180,extrusion,151,2783
-719.4060,-170.8050,-529.5000,0.500000,-0.500000,-0.500000,0.500000,900.0000,0.100020,96.522019,extrusion,151,2784
-720.2530,-171.1950,-529.5000,0.500000,-0.500000,-0.500000,0.500000,900.0000,0.100010,96.527019,extrusion,151,2785
-721.0190,-171.7260,-529.5000,0.500000,-0.500000,-0.500000,0.500000,900.0000,0.099960,96.522730,extrusion,151,2786
-721.6810,-172.3820,-529.5000,0.500000,-0.500000,-0.500000,0.500000,900.0000,0.099950,96.520685,extrusion,151,2787
-722.2200,-173.1430,-529.5000,0.500000,-0.500000,-0.500000,0.500000,900.0000,0.100020,96.529289,extrusion,151,2788
-722.6180,-173.9860,-529.5000,0.500000,-0.500000,-0.500000,0.500000,900.0000,0.099980,96.523378,extrusion,151,2789
-722.8640,-174.8860,-529.5000,0.500000,-0.500000,-0.500000,0.500000,900.0000,0.100070,96.529050,extrusion,151,2790
-722.9500,-175.8140,-529.5000,0.500000,-0.500000,-0.500000,0.500000,900.0000,0.099950,96.520685,extrusion,151,2791
-722.8730,-176.7440,-529.5000,0.500000,-0.500000,-0.500000,0.500000,900.0000,0.100080,96.521345,extrusion,151,2792
-722.6360,-177.6450,-529.5000,0.500000,-0.500000,-0.500000,0.500000,900.0000,0.099920,96.525615,extrusion,151,2793
-722.6090,-177.7040,-529.5000,0.500000,-0.500000,-0.500000,0.500000,900.0000,0.006960,96.540757,extrusion,151,2794
-717.4880,-231.7770,-529.5000,0.500000,-0.500000,-0.500000,0.500000,900.0000,0.000000,0.000000,travel,152,2796
-716.6450,-231.7140,-529.5000,0.500000,-0.500000,-0.500000,0.500000,900.0000,0.090660,96.520875,extrusion,153,2798
-715.6400,-231.4590,-529.5000,0.500000,-0.500000,-0.500000,0.500000,900.0000,0.111200,96.523479,extrusion,153,2799
-714.6940,-231.0330,-529.5000,0.500000,-0.500000,-0.500000,0.500000,900.0000,0.111270,96.524012,extrusion,153,2800
-713.8370,-230.4490,-529.5000,0.500000,-0.500000,-0.500000,0.500000,900.0000,0.111230,96.529094,extrusion,153,2801
-713.0930,-229.7260,-529.5000,0.500000,-0.500000,-0.500000,0.500000,900.0000,0.111260,96.521032,extrusion,153,2802
-712.4870,-228.8840,-529.5000,0.500000,-0.500000,-0.500000,0.500000,900.0000,0.111260,96.523947,extrusion,153,2803
-712.0360,-227.9500,-529.5000,0.500000,-0.500000,-0.500000,0.500000,900.0000,0.111240,96.526464,extrusion,153,2804
-711.7550,-226.9520,-529.5000,0.500000,-0.500000,-0.500000,0.500000,900.0000,0.111200,96.527295,extrusion,153,2805
-711.6510,-225.9190,-529.5000,0.500000,-0.500000,-0.500000,0.500000,900.0000,0.111350,96.525595,extrusion,153,2806
-711.7270,-224.8850,-529.5000,0.500000,-0.500000,-0.500000,0.500000,900.0000,0.111200,96.528776,extrusion,153,2807
-711.9820,-223.8800,-529.5000,0.500000,-0.500000,-0.500000,0.500000,900.0000,0.111200,96.523479,extrusion,153,2808
-712.4080,-222.9340,-529.5000,0.500000,-0.500000,-0.500000,0.500000,900.0000,0.111270,96.524012,extrusion,153,2809
-712.9920,-222.0760,-529.5000,0.500000,-0.500000,-0.500000,0.500000,900.0000,0.111310,96.521595,extrusion,153,2810
-713.7160,-221.3330,-529.5000,0.500000,-0.500000,-0.500000,0.500000,900.0000,0.111260,96.522826,extrusion,153,2811
-714.5570,-220.7270,-529.5000,0.500000,-0.500000,-0.500000,0.500000,900.0000,0.111170,96.521368,extrusion,153,2812
-715.4920,-220.2760,-529.5000,0.500000,-0.500000,-0.500000,0.500000,900.0000,0.111330,96.520750,extrusion,153,2813
-716.4900,-219.9950,-529.5000,0.500000,-0.500000,-0.500000,0.500000,900.0000,0.111200,96.527295,extrusion,153,2814
-717.5220,-219.8900,-529.5000,0.500000,-0.500000,-0.500000,0.500000,900.0000,0.111250,96.522043,extrusion,153,2815
-718.5560,-219.9670,-529.5000,0.500000,-0.500000,-0.500000,0.500000,900.0000,0.111200,96.521907,extrusion,153,2816
-719.5620,-220.2220,-529.5000,0.500000,-0.500000,-0.500000,0.500000,900.0000,0.111310,96.528719,extrusion,153,2817
-720.5080,-220.6480,-529.5000,0.500000,-0.500000,-0.500000,0.500000,900.0000,0.111270,96.524012,extrusion,153,2818
-721.3650,-221.2320,-529.5000,0.500000,-0.500000,-0.500000,0.500000,900.0000,0.111230,96.529094,extrusion,153,2819
-722.1080,-221.9550,-529.5000,0.500000,-0.500000,-0.500000,0.500000,900.0000,0.111190,96.527010,extrusion,153,2820
-722.7140,-222.7970,-529.5000,0.500000,-0.500000,-0.500000,0.500000,900.0000,0.111260,96.523947,extrusion,153,2821
-723.1650,-223.7310,-529.5000,0.500000,-0.500000,-0.500000,0.500000,900.0000,0.111240,96.526464,extrusion,153,2822
-723.4470,-224.7300,-529.5000,0.500000,-0.500000,-0.500000,0.500000,900.0000,0.111330,96.525274,extrusion,153,2823
-723.5510,-225.7620,-529.5000,0.500000,-0.500000,-0.500000,0.500000,900.0000,0.111240,96.522741,extrusion,153,2824
-723.4740,-226.7960,-529.5000,0.500000,-0.500000,-0.500000,0.500000,900.0000,0.111200,96.521907,extrusion,153,2825
-723.2190,-227.8020,-529.5000,0.500000,-0.500000,-0.500000,0.500000,900.0000,0.111310,96.528719,extrusion,153,2826
-722.7930,-228.7470,-529.5000,0.500000,-0.500000,-0.500000,0.500000,900.0000,0.111170,96.522087,extrusion,153,2827
-722.2100,-229.6050,-529.5000,0.500000,-0.500000,-0.500000,0.500000,900.0000,0.111250,96.521863,extrusion,153,2828
-721.4860,-230.3480,-529.5000,0.500000,-0.500000,-0.500000,0.500000,900.0000,0.111260,96.522826,extrusion,153,2829
-720.6440,-230.9540,-529.5000,0.500000,-0.500000,-0.500000,0.500000,900.0000,0.111260,96.523947,extrusion,153,2830
-719.7100,-231.4050,-529.5000,0.500000,-0.500000,-0.500000,0.500000,900.0000,0.111240,96.526464,extrusion,153,2831
-718.7120,-231.6870,-529.5000,0.500000,-0.500000,-0.500000,0.500000,900.0000,0.111230,96.528062,extrusion,153,2832
-717.6800,-231.7910,-529.5000,0.500000,-0.500000,-0.500000,0.500000,900.0000,0.111240,96.522741,extrusion,153,2833
-717.4880,-231.7770,-529.5000,0.500000,-0.500000,-0.500000,0.500000,900.0000,0.020650,96.540570,extrusion,153,2834
-717.5370,-231.1820,-529.5000,0.500000,-0.500000,-0.500000,0.500000,900.0000,0.000000,0.000000,travel,154,2835
-716.6980,-231.1130,-529.5000,0.500000,-0.500000,-0.500000,0.500000,900.0000,0.090290,96.528701,extrusion,155,2837
-715.7960,-230.8760,-529.5000,0.500000,-0.500000,-0.500000,0.500000,900.0000,0.100020,96.522019,extrusion,155,2838
-714.9490,-230.4860,-529.5000,0.500000,-0.500000,-0.500000,0.500000,900.0000,0.100010,96.527019,extrusion,155,2839
-714.1830,-229.9550,-529.5000,0.500000,-0.500000,-0.500000,0.500000,900.0000,0.099960,96.522730,extrusion,155,2840
-713.5200,-229.2990,-529.5000,0.500000,-0.500000,-0.500000,0.500000,900.0000,0.100030,96.524345,extrusion,155,2841
-712.9820,-228.5380,-529.5000,0.500000,-0.500000,-0.500000,0.500000,900.0000,0.099950,96.521518,extrusion,155,2842
-712.5830,-227.6950,-529.5000,0.500000,-0.500000,-0.500000,0.500000,900.0000,0.100030,96.527397,extrusion,155,2843
-712.3380,-226.7950,-529.5000,0.500000,-0.500000,-0.500000,0.500000,900.0000,0.100040,96.527337,extrusion,155,2844
-712.2520,-225.8670,-529.5000,0.500000,-0.500000,-0.500000,0.500000,900.0000,0.099950,96.520685,extrusion,155,2845
-712.3280,-224.9380,-529.5000,0.500000,-0.500000,-0.500000,0.500000,900.0000,0.099970,96.526831,extrusion,155,2846
-712.5650,-224.0360,-529.5000,0.500000,-0.500000,-0.500000,0.500000,900.0000,0.100020,96.522019,extrusion,155,2847
-712.9550,-223.1890,-529.5000,0.500000,-0.500000,-0.500000,0.500000,900.0000,0.100010,96.527019,extrusion,155,2848
-713.4860,-222.4220,-529.5000,0.500000,-0.500000,-0.500000,0.500000,900.0000,0.100050,96.524506,extrusion,155,2849
-714.1420,-221.7600,-529.5000,0.500000,-0.500000,-0.500000,0.500000,900.0000,0.099950,96.520685,extrusion,155,2850
-714.9030,-221.2210,-529.5000,0.500000,-0.500000,-0.500000,0.500000,900.0000,0.100020,96.529289,extrusion,155,2851
-715.7470,-220.8230,-529.5000,0.500000,-0.500000,-0.500000,0.500000,900.0000,0.100080,96.526278,extrusion,155,2852
-716.6460,-220.5770,-529.5000,0.500000,-0.500000,-0.500000,0.500000,900.0000,0.099960,96.522730,extrusion,155,2853
-717.5740,-220.4920,-529.5000,0.500000,-0.500000,-0.500000,0.500000,900.0000,0.099940,96.520530,extrusion,155,2854
-718.5040,-220.5680,-529.5000,0.500000,-0.500000,-0.500000,0.500000,900.0000,0.100070,96.520180,extrusion,155,2855
-719.4060,-220.8050,-529.5000,0.500000,-0.500000,-0.500000,0.500000,900.0000,0.100020,96.522019,extrusion,155,2856
-720.2530,-221.1950,-529.5000,0.500000,-0.500000,-0.500000,0.500000,900.0000,0.100010,96.527019,extrusion,155,2857
-721.0190,-221.7260,-529.5000,0.500000,-0.500000,-0.500000,0.500000,900.0000,0.099960,96.522730,extrusion,155,2858
-721.6810,-222.3820,-529.5000,0.500000,-0.500000,-0.500000,0.500000,900.0000,0.099950,96.520685,extrusion,155,2859
-722.2200,-223.1430,-529.5000,0.500000,-0.500000,-0.500000,0.500000,900.0000,0.100020,96.529289,extrusion,155,2860
-722.6180,-223.9860,-529.5000,0.500000,-0.500000,-0.500000,0.500000,900.0000,0.099980,96.523378,extrusion,155,2861
-722.8640,-224.8860,-529.5000,0.500000,-0.500000,-0.500000,0.500000,900.0000,0.100070,96.529050,extrusion,155,2862
-722.9500,-225.8140,-529.5000,0.500000,-0.500000,-0.500000,0.500000,900.0000,0.099950,96.520685,extrusion,155,2863
-722.8730,-226.7440,-529.5000,0.500000,-0.500000,-0.500000,0.500000,900.0000,0.100080,96.521345,extrusion,155,2864
-722.6360,-227.6450,-529.5000,0.500000,-0.500000,-0.500000,0.500000,900.0000,0.099920,96.525615,extrusion,155,2865
-722.2460,-228.4920,-529.5000,0.500000,-0.500000,-0.500000,0.500000,900.0000,0.100010,96.527019,extrusion,155,2866
-721.7150,-229.2590,-529.5000,0.500000,-0.500000,-0.500000,0.500000,900.0000,0.100050,96.524506,extrusion,155,2867
-721.0590,-229.9210,-529.5000,0.500000,-0.500000,-0.500000,0.500000,900.0000,0.099950,96.520685,extrusion,155,2868
-720.2980,-230.4600,-529.5000,0.500000,-0.500000,-0.500000,0.500000,900.0000,0.100020,96.529289,extrusion,155,2869
-719.4550,-230.8580,-529.5000,0.500000,-0.500000,-0.500000,0.500000,900.0000,0.099980,96.523378,extrusion,155,2870
-718.5560,-231.1040,-529.5000,0.500000,-0.500000,-0.500000,0.500000,900.0000,0.099960,96.522730,extrusion,155,2871
-717.6270,-231.1900,-529.5000,0.500000,-0.500000,-0.500000,0.500000,900.0000,0.100060,96.523783,extrusion,155,2872
-717.5370,-231.1820,-529.5000,0.500000,-0.500000,-0.500000,0.500000,900.0000,0.009690,96.519439,extrusion,155,2873
-729.0580,-239.8870,-529.5000,0.500000,-0.500000,-0.500000,0.500000,900.0000,0.000000,0.000000,travel,156,2875
-698.5540,-239.8870,-529.5000,0.500000,-0.500000,-0.500000,0.500000,900.0000,3.271550,96.524882,extrusion,157,2877
-698.5540,-232.4630,-529.5000,0.500000,-0.500000,-0.500000,0.500000,900.0000,0.796220,96.524515,extrusion,157,2878
-698.5540,-161.7940,-529.5000,0.500000,-0.500000,-0.500000,0.500000,900.0000,7.579230,96.524742,extrusion,157,2879
-736.6470,-161.7940,-529.5000,0.500000,-0.500000,-0.500000,0.500000,900.0000,4.085460,96.524663,extrusion,157,2880
-736.6470,-239.8870,-529.5000,0.500000,-0.500000,-0.500000,0.500000,900.0000,8.375450,96.524721,extrusion,157,2881
-729.0580,-239.8870,-529.5000,0.500000,-0.500000,-0.500000,0.500000,900.0000,0.813920,96.524970,extrusion,157,2882
-729.0580,-240.4910,-529.5000,0.500000,-0.500000,-0.500000,0.500000,900.0000,0.000000,0.000000,travel,158,2883
-697.9510,-240.4910,-529.5000,0.500000,-0.500000,-0.500000,0.500000,900.0000,3.336220,96.524834,extrusion,159,2885
-697.9510,-232.4630,-529.5000,0.500000,-0.500000,-0.500000,0.500000,900.0000,0.861000,96.524664,extrusion,159,2886
-697.9510,-161.1910,-529.5000,0.500000,-0.500000,-0.500000,0.500000,900.0000,7.643900,96.524722,extrusion,159,2887
-737.2510,-161.1910,-529.5000,0.500000,-0.500000,-0.500000,0.500000,900.0000,4.214920,96.524885,extrusion,159,2888
-737.2510,-240.4910,-529.5000,0.500000,-0.500000,-0.500000,0.500000,900.0000,8.504910,96.524830,extrusion,159,2889
-729.0580,-240.4910,-529.5000,0.500000,-0.500000,-0.500000,0.500000,900.0000,0.878700,96.525082,extrusion,159,2890
-736.4660,-233.1780,-529.5000,0.500000,-0.500000,-0.500000,0.500000,900.0000,0.000000,0.000000,travel,160,2892
-730.2090,-239.4350,-529.5000,0.500000,-0.500000,-0.500000,0.500000,900.0000,0.949020,96.524314,extrusion,161,2895
-721.6760,-239.4350,-529.5000,0.500000,-0.500000,-0.500000,0.500000,900.0000,0.915160,96.524552,extrusion,161,2896
-736.4660,-224.6440,-529.5000,0.500000,-0.500000,-0.500000,0.500000,900.0000,2.243340,96.524988,extrusion,161,2897
-698.7350,-236.7740,-529.5000,0.500000,-0.500000,-0.500000,0.500000,900.0000,0.000000,0.000000,travel,162,2899
-711.4780,-224.0310,-529.5000,0.500000,-0.500000,-0.500000,0.500000,900.0000,1.932780,96.524654,extrusion,163,2900
-711.2910,-224.7280,-529.5000,0.500000,-0.500000,-0.500000,0.500000,900.0000,0.077400,96.528855,extrusion,163,2901
-711.1940,-225.8410,-529.5000,0.500000,-0.500000,-0.500000,0.500000,900.0000,0.119820,96.523611,extrusion,163,2902
-711.2910,-226.9530,-529.5000,0.500000,-0.500000,-0.500000,0.500000,900.0000,0.119710,96.521066,extrusion,163,2903
-711.5470,-227.9250,-529.5000,0.500000,-0.500000,-0.500000,0.500000,900.0000,0.107800,96.523219,extrusion,163,2904
-712.0470,-229.0340,-529.5000,0.500000,-0.500000,-0.500000,0.500000,900.0000,0.130470,96.524992,extrusion,163,2905
-712.6250,-229.8700,-529.5000,0.500000,-0.500000,-0.500000,0.500000,900.0000,0.109000,96.521275,extrusion,163,2906
-713.3850,-230.6580,-529.5000,0.500000,-0.500000,-0.500000,0.500000,900.0000,0.117410,96.520732,extrusion,163,2907
-704.6080,-239.4350,-529.5000,0.500000,-0.500000,-0.500000,0.500000,900.0000,1.331240,96.524547,extrusion,163,2908
-713.1420,-239.4350,-529.5000,0.500000,-0.500000,-0.500000,0.500000,900.0000,0.915270,96.524842,extrusion,163,2909
-736.1950,-216.3820,-529.5000,0.500000,-0.500000,-0.500000,0.500000,900.0000,3.496540,96.524723,extrusion,163,2910
-736.1950,-207.8480,-529.5000,0.500000,-0.500000,-0.500000,0.500000,900.0000,0.915270,96.524842,extrusion,163,2911
-722.4180,-221.6250,-529.5000,0.500000,-0.500000,-0.500000,0.500000,900.0000,2.089610,96.524618,extrusion,163,2912
-721.6300,-220.8650,-529.5000,0.500000,-0.500000,-0.500000,0.500000,900.0000,0.117410,96.520732,extrusion,163,2913
-720.8320,-220.3090,-529.5000,0.500000,-0.500000,-0.500000,0.500000,900.0000,0.104310,96.524300,extrusion,163,2914
-719.8230,-219.8320,-529.5000,0.500000,-0.500000,-0.500000,0.500000,900.0000,0.119700,96.526291,extrusion,163,2915
-718.7100,-219.5310,-529.5000,0.500000,-0.500000,-0.500000,0.500000,900.0000,0.123660,96.527001,extrusion,163,2916
-717.6010,-219.4340,-529.5000,0.500000,-0.500000,-0.500000,0.500000,900.0000,0.119390,96.521484,extrusion,163,2917
-716.4920,-219.5300,-529.5000,0.500000,-0.500000,-0.500000,0.500000,900.0000,0.119380,96.520915,extrusion,163,2918
-715.7950,-219.7140,-529.5000,0.500000,-0.500000,-0.500000,0.500000,900.0000,0.077310,96.519808,extrusion,163,2919
-736.1950,-199.3140,-529.5000,0.500000,-0.500000,-0.500000,0.500000,900.0000,3.094150,96.524755,extrusion,163,2920
-736.1950,-190.7800,-529.5000,0.500000,-0.500000,-0.500000,0.500000,900.0000,0.915270,96.524842,extrusion,163,2921
-699.0070,-227.9680,-529.5000,0.500000,-0.500000,-0.500000,0.500000,900.0000,5.640460,96.524867,extrusion,163,2922
-699.0070,-219.4350,-529.5000,0.500000,-0.500000,-0.500000,0.500000,900.0000,0.915160,96.524552,extrusion,163,2923
-736.4660,-181.9750,-529.5000,0.500000,-0.500000,-0.500000,0.500000,900.0000,5.681640,96.524875,extrusion,163,2924
-730.8650,-161.9750,-529.5000,0.500000,-0.500000,-0.500000,0.500000,900.0000,0.000000,0.000000,travel,164,2926
-721.8160,-171.0240,-529.5000,0.500000,-0.500000,-0.500000,0.500000,900.0000,1.372500,96.524881,extrusion,165,2927
-722.5100,-171.7240,-529.5000,0.500000,-0.500000,-0.500000,0.500000,900.0000,0.105720,96.526790,extrusion,165,2928
-723.0890,-172.5430,-529.5000,0.500000,-0.500000,-0.500000,0.500000,900.0000,0.107570,96.523766,extrusion,165,2929
-723.6550,-173.7560,-529.5000,0.500000,-0.500000,-0.500000,0.500000,900.0000,0.143560,96.525105,extrusion,165,2930
-723.9100,-174.7280,-529.5000,0.500000,-0.500000,-0.500000,0.500000,900.0000,0.107770,96.520769,extrusion,165,2931
-724.0080,-175.8410,-529.5000,0.500000,-0.500000,-0.500000,0.500000,900.0000,0.119830,96.524128,extrusion,165,2932
-723.9100,-176.9540,-529.5000,0.500000,-0.500000,-0.500000,0.500000,900.0000,0.119830,96.524128,extrusion,165,2933
-723.7230,-177.6510,-529.5000,0.500000,-0.500000,-0.500000,0.500000,900.0000,0.077400,96.528855,extrusion,165,2934
-736.1950,-165.1790,-529.5000,0.500000,-0.500000,-0.500000,0.500000,900.0000,1.891680,96.524838,extrusion,165,2935
-736.1950,-173.7130,-529.5000,0.500000,-0.500000,-0.500000,0.500000,900.0000,0.915270,96.524842,extrusion,165,2936
-699.0070,-210.9010,-529.5000,0.500000,-0.500000,-0.500000,0.500000,900.0000,5.640460,96.524867,extrusion,165,2937
-699.0070,-202.3670,-529.5000,0.500000,-0.500000,-0.500000,0.500000,900.0000,0.915270,96.524842,extrusion,165,2938
-719.4060,-181.9680,-529.5000,0.500000,-0.500000,-0.500000,0.500000,900.0000,3.094000,96.524807,extrusion,165,2939
-718.7090,-182.1510,-529.5000,0.500000,-0.500000,-0.500000,0.500000,900.0000,0.077290,96.528930,extrusion,165,2940
-717.6010,-182.2470,-529.5000,0.500000,-0.500000,-0.500000,0.500000,900.0000,0.119280,96.526455,extrusion,165,2941
-716.4920,-182.1510,-529.5000,0.500000,-0.500000,-0.500000,0.500000,900.0000,0.119380,96.520915,extrusion,165,2942
-715.5170,-181.8940,-529.5000,0.500000,-0.500000,-0.500000,0.500000,900.0000,0.108140,96.524601,extrusion,165,2943
-714.3030,-181.3280,-529.5000,0.500000,-0.500000,-0.500000,0.500000,900.0000,0.143660,96.526988,extrusion,165,2944
-713.4840,-180.7500,-529.5000,0.500000,-0.500000,-0.500000,0.500000,900.0000,0.107510,96.525450,extrusion,165,2945
-712.7840,-180.0560,-529.5000,0.500000,-0.500000,-0.500000,0.500000,900.0000,0.105720,96.526790,extrusion,165,2946
-699.0070,-193.8330,-529.5000,0.500000,-0.500000,-0.500000,0.500000,900.0000,2.089610,96.524618,extrusion,165,2947
-699.0070,-185.2990,-529.5000,0.500000,-0.500000,-0.500000,0.500000,900.0000,0.915270,96.524842,extrusion,165,2948
-722.0600,-162.2470,-529.5000,0.500000,-0.500000,-0.500000,0.500000,900.0000,3.496470,96.524884,extrusion,165,2949
-713.5260,-162.2470,-529.5000,0.500000,-0.500000,-0.500000,0.500000,900.0000,0.915270,96.524842,extrusion,165,2950
-699.0070,-176.7660,-529.5000,0.500000,-0.500000,-0.500000,0.500000,900.0000,2.202160,96.524970,extrusion,165,2951
-699.0070,-168.2320,-529.5000,0.500000,-0.500000,-0.500000,0.500000,900.0000,0.915270,96.524842,extrusion,165,2952
-705.2640,-161.9750,-529.5000,0.500000,-0.500000,-0.500000,0.500000,900.0000,0.949020,96.524314,extrusion,165,2953
-723.0100,-178.2660,-529.0500,0.500000,-0.500000,-0.500000,0.500000,900.0000,0.000000,0.000000,travel,166,2959
-722.7930,-178.7470,-529.0500,0.500000,-0.500000,-0.500000,0.500000,900.0000,0.056590,96.518062,extrusion,167,2962
-722.2100,-179.6050,-529.0500,0.500000,-0.500000,-0.500000,0.500000,900.0000,0.111250,96.521863,extrusion,167,2963
-721.4860,-180.3480,-529.0500,0.500000,-0.500000,-0.500000,0.500000,900.0000,0.111260,96.522826,extrusion,167,2964
-720.6440,-180.9540,-529.0500,0.500000,-0.500000,-0.500000,0.500000,900.0000,0.111260,96.523947,extrusion,167,2965
-719.7100,-181.4050,-529.0500,0.500000,-0.500000,-0.500000,0.500000,900.0000,0.111240,96.526464,extrusion,167,2966
-718.7120,-181.6870,-529.0500,0.500000,-0.500000,-0.500000,0.500000,900.0000,0.111230,96.528062,extrusion,167,2967
-717.6800,-181.7910,-529.0500,0.500000,-0.500000,-0.500000,0.500000,900.0000,0.111240,96.522741,extrusion,167,2968
-716.6450,-181.7140,-529.0500,0.500000,-0.500000,-0.500000,0.500000,900.0000,0.111310,96.524552,extrusion,167,2969
-715.6400,-181.4590,-529.0500,0.500000,-0.500000,-0.500000,0.500000,900.0000,0.111200,96.523479,extrusion,167,2970
-714.6940,-181.0330,-529.0500,0.500000,-0.500000,-0.500000,0.500000,900.0000,0.111270,96.524012,extrusion,167,2971
-713.8370,-180.4490,-529.0500,0.500000,-0.500000,-0.500000,0.500000,900.0000,0.111230,96.529094,extrusion,167,2972
-713.0930,-179.7260,-529.0500,0.500000,-0.500000,-0.500000,0.500000,900.0000,0.111260,96.521032,extrusion,167,2973
-712.4870,-178.8840,-529.0500,0.500000,-0.500000,-0.500000,0.500000,900.0000,0.111260,96.523947,extrusion,167,2974
-712.0360,-177.9500,-529.0500,0.500000,-0.500000,-0.500000,0.500000,900.0000,0.111240,96.526464,extrusion,167,2975
-711.7550,-176.9520,-529.0500,0.500000,-0.500000,-0.500000,0.500000,900.0000,0.111200,96.527295,extrusion,167,2976
-711.6510,-175.9190,-529.0500,0.500000,-0.500000,-0.500000,0.500000,900.0000,0.111350,96.525595,extrusion,167,2977
-711.7270,-174.8850,-529.0500,0.500000,-0.500000,-0.500000,0.500000,900.0000,0.111200,96.528776,extrusion,167,2978
-711.9820,-173.8800,-529.0500,0.500000,-0.500000,-0.500000,0.500000,900.0000,0.111200,96.523479,extrusion,167,2979
-712.4080,-172.9340,-529.0500,0.500000,-0.500000,-0.500000,0.500000,900.0000,0.111270,96.524012,extrusion,167,2980
-712.9920,-172.0760,-529.0500,0.500000,-0.500000,-0.500000,0.500000,900.0000,0.111310,96.521595,extrusion,167,2981
-713.7160,-171.3330,-529.0500,0.500000,-0.500000,-0.500000,0.500000,900.0000,0.111260,96.522826,extrusion,167,2982
-714.5570,-170.7270,-529.0500,0.500000,-0.500000,-0.500000,0.500000,900.0000,0.111170,96.521368,extrusion,167,2983
-715.4920,-170.2760,-529.0500,0.500000,-0.500000,-0.500000,0.500000,900.0000,0.111330,96.520750,extrusion,167,2984
-716.4900,-169.9950,-529.0500,0.500000,-0.500000,-0.500000,0.500000,900.0000,0.111200,96.527295,extrusion,167,2985
-717.5220,-169.8900,-529.0500,0.500000,-0.500000,-0.500000,0.500000,900.0000,0.111250,96.522043,extrusion,167,2986
-718.5560,-169.9670,-529.0500,0.500000,-0.500000,-0.500000,0.500000,900.0000,0.111200,96.521907,extrusion,167,2987
-719.5620,-170.2220,-529.0500,0.500000,-0.500000,-0.500000,0.500000,900.0000,0.111310,96.528719,extrusion,167,2988
-720.5080,-170.6480,-529.0500,0.500000,-0.500000,-0.500000,0.500000,900.0000,0.111270,96.524012,extrusion,167,2989
-721.3650,-171.2320,-529.0500,0.500000,-0.500000,-0.500000,0.500000,900.0000,0.111230,96.529094,extrusion,167,2990
-722.1080,-171.9550,-529.0500,0.500000,-0.500000,-0.500000,0.500000,900.0000,0.111190,96.527010,extrusion,167,2991
-722.7140,-172.7970,-529.0500,0.500000,-0.500000,-0.500000,0.500000,900.0000,0.111260,96.523947,extrusion,167,2992
-723.1650,-173.7310,-529.0500,0.500000,-0.500000,-0.500000,0.500000,900.0000,0.111240,96.526464,extrusion,167,2993
-723.4470,-174.7300,-529.0500,0.500000,-0.500000,-0.500000,0.500000,900.0000,0.111330,96.525274,extrusion,167,2994
-723.5510,-175.7620,-529.0500,0.500000,-0.500000,-0.500000,0.500000,900.0000,0.111240,96.522741,extrusion,167,2995
-723.4740,-176.7960,-529.0500,0.500000,-0.500000,-0.500000,0.500000,900.0000,0.111200,96.521907,extrusion,167,2996
-723.2190,-177.8020,-529.0500,0.500000,-0.500000,-0.500000,0.500000,900.0000,0.111310,96.528719,extrusion,167,2997
-723.0100,-178.2660,-529.0500,0.500000,-0.500000,-0.500000,0.500000,900.0000,0.054580,96.526252,extrusion,167,2998
-722.4660,-178.0150,-529.0500,0.500000,-0.500000,-0.500000,0.500000,900.0000,0.000000,0.000000,travel,168,2999
-722.2460,-178.4920,-529.0500,0.500000,-0.500000,-0.500000,0.500000,900.0000,0.056340,96.529638,extrusion,169,3001
-721.7150,-179.2590,-529.0500,0.500000,-0.500000,-0.500000,0.500000,900.0000,0.100050,96.524506,extrusion,169,3002
-721.0590,-179.9210,-529.0500,0.500000,-0.500000,-0.500000,0.500000,900.0000,0.099950,96.520685,extrusion,169,3003
-720.2980,-180.4600,-529.0500,0.500000,-0.500000,-0.500000,0.500000,900.0000,0.100020,96.529289,extrusion,169,3004
-719.4550,-180.8580,-529.0500,0.500000,-0.500000,-0.500000,0.500000,900.0000,0.099980,96.523378,extrusion,169,3005
-718.5560,-181.1040,-529.0500,0.500000,-0.500000,-0.500000,0.500000,900.0000,0.099960,96.522730,extrusion,169,3006
-717.6270,-181.1900,-529.0500,0.500000,-0.500000,-0.500000,0.500000,900.0000,0.100060,96.523783,extrusion,169,3007
-716.6980,-181.1130,-529.0500,0.500000,-0.500000,-0.500000,0.500000,900.0000,0.099980,96.527987,extrusion,169,3008
-715.7960,-180.8760,-529.0500,0.500000,-0.500000,-0.500000,0.500000,900.0000,0.100020,96.522019,extrusion,169,3009
-714.9490,-180.4860,-529.0500,0.500000,-0.500000,-0.500000,0.500000,900.0000,0.100010,96.527019,extrusion,169,3010
-714.1830,-179.9550,-529.0500,0.500000,-0.500000,-0.500000,0.500000,900.0000,0.099960,96.522730,extrusion,169,3011
-713.5200,-179.2990,-529.0500,0.500000,-0.500000,-0.500000,0.500000,900.0000,0.100030,96.524345,extrusion,169,3012
-712.9820,-178.5380,-529.0500,0.500000,-0.500000,-0.500000,0.500000,900.0000,0.099950,96.521518,extrusion,169,3013
-712.5830,-177.6950,-529.0500,0.500000,-0.500000,-0.500000,0.500000,900.0000,0.100030,96.527397,extrusion,169,3014
-712.3380,-176.7950,-529.0500,0.500000,-0.500000,-0.500000,0.500000,900.0000,0.100040,96.527337,extrusion,169,3015
-712.2520,-175.8670,-529.0500,0.500000,-0.500000,-0.500000,0.500000,900.0000,0.099950,96.520685,extrusion,169,3016
-712.3280,-174.9380,-529.0500,0.500000,-0.500000,-0.500000,0.500000,900.0000,0.099970,96.526831,extrusion,169,3017
-712.5650,-174.0360,-529.0500,0.500000,-0.500000,-0.500000,0.500000,900.0000,0.100020,96.522019,extrusion,169,3018
-712.9550,-173.1890,-529.0500,0.500000,-0.500000,-0.500000,0.500000,900.0000,0.100010,96.527019,extrusion,169,3019
-713.4860,-172.4220,-529.0500,0.500000,-0.500000,-0.500000,0.500000,900.0000,0.100050,96.524506,extrusion,169,3020
-714.1420,-171.7600,-529.0500,0.500000,-0.500000,-0.500000,0.500000,900.0000,0.099950,96.520685,extrusion,169,3021
-714.9030,-171.2210,-529.0500,0.500000,-0.500000,-0.500000,0.500000,900.0000,0.100020,96.529289,extrusion,169,3022
-715.7470,-170.8230,-529.0500,0.500000,-0.500000,-0.500000,0.500000,900.0000,0.100080,96.526278,extrusion,169,3023
-716.6460,-170.5770,-529.0500,0.500000,-0.500000,-0.500000,0.500000,900.0000,0.099960,96.522730,extrusion,169,3024
-717.5740,-170.4920,-529.0500,0.500000,-0.500000,-0.500000,0.500000,900.0000,0.099940,96.520530,extrusion,169,3025
-718.5040,-170.5680,-529.0500,0.500000,-0.500000,-0.500000,0.500000,900.0000,0.100070,96.520180,extrusion,169,3026
-719.4060,-170.8050,-529.0500,0.500000,-0.500000,-0.500000,0.500000,900.0000,0.100020,96.522019,extrusion,169,3027
-720.2530,-171.1950,-529.0500,0.500000,-0.500000,-0.500000,0.500000,900.0000,0.100010,96.527019,extrusion,169,3028
-721.0190,-171.7260,-529.0500,0.500000,-0.500000,-0.500000,0.500000,900.0000,0.099960,96.522730,extrusion,169,3029
-721.6810,-172.3820,-529.0500,0.500000,-0.500000,-0.500000,0.500000,900.0000,0.099950,96.520685,extrusion,169,3030
-722.2200,-173.1430,-529.0500,0.500000,-0.500000,-0.500000,0.500000,900.0000,0.100020,96.529289,extrusion,169,3031
-722.6180,-173.9860,-529.0500,0.500000,-0.500000,-0.500000,0.500000,900.0000,0.099980,96.523378,extrusion,169,3032
-722.8640,-174.8860,-529.0500,0.500000,-0.500000,-0.500000,0.500000,900.0000,0.100070,96.529050,extrusion,169,3033
-722.9500,-175.8140,-529.0500,0.500000,-0.500000,-0.500000,0.500000,900.0000,0.099950,96.520685,extrusion,169,3034
-722.8730,-176.7440,-529.0500,0.500000,-0.500000,-0.500000,0.500000,900.0000,0.100080,96.521345,extrusion,169,3035
-722.6360,-177.6450,-529.0500,0.500000,-0.500000,-0.500000,0.500000,900.0000,0.099920,96.525615,extrusion,169,3036
-722.4660,-178.0150,-529.0500,0.500000,-0.500000,-0.500000,0.500000,900.0000,0.043670,96.523584,extrusion,169,3037
-718.5720,-231.7010,-529.0500,0.500000,-0.500000,-0.500000,0.500000,900.0000,0.000000,0.000000,travel,170,3039
-717.6800,-231.7910,-529.0500,0.500000,-0.500000,-0.500000,0.500000,900.0000,0.096150,96.522269,extrusion,171,3041
-716.6450,-231.7140,-529.0500,0.500000,-0.500000,-0.500000,0.500000,900.0000,0.111310,96.524552,extrusion,171,3042
-715.6400,-231.4590,-529.0500,0.500000,-0.500000,-0.500000,0.500000,900.0000,0.111200,96.523479,extrusion,171,3043
-714.6940,-231.0330,-529.0500,0.500000,-0.500000,-0.500000,0.500000,900.0000,0.111270,96.524012,extrusion,171,3044
-713.8370,-230.4490,-529.0500,0.500000,-0.500000,-0.500000,0.500000,900.0000,0.111230,96.529094,extrusion,171,3045
-713.0930,-229.7260,-529.0500,0.500000,-0.500000,-0.500000,0.500000,900.0000,0.111260,96.521032,extrusion,171,3046
-712.4870,-228.8840,-529.0500,0.500000,-0.500000,-0.500000,0.500000,900.0000,0.111260,96.523947,extrusion,171,3047
-712.0360,-227.9500,-529.0500,0.500000,-0.500000,-0.500000,0.500000,900.0000,0.111240,96.526464,extrusion,171,3048
-711.7550,-226.9520,-529.0500,0.500000,-0.500000,-0.500000,0.500000,900.0000,0.111200,96.527295,extrusion,171,3049
-711.6510,-225.9190,-529.0500,0.500000,-0.500000,-0.500000,0.500000,900.0000,0.111350,96.525595,extrusion,171,3050
-711.7270,-224.8850,-529.0500,0.500000,-0.500000,-0.500000,0.500000,900.0000,0.111200,96.528776,extrusion,171,3051
-711.9820,-223.8800,-529.0500,0.500000,-0.500000,-0.500000,0.500000,900.0000,0.111200,96.523479,extrusion,171,3052
-712.4080,-222.9340,-529.0500,0.500000,-0.500000,-0.500000,0.500000,900.0000,0.111270,96.524012,extrusion,171,3053
-712.9920,-222.0760,-529.0500,0.500000,-0.500000,-0.500000,0.500000,900.0000,0.111310,96.521595,extrusion,171,3054
-713.7160,-221.3330,-529.0500,0.500000,-0.500000,-0.500000,0.500000,900.0000,0.111260,96.522826,extrusion,171,3055
-714.5570,-220.7270,-529.0500,0.500000,-0.500000,-0.500000,0.500000,900.0000,0.111170,96.521368,extrusion,171,3056
-715.4920,-220.2760,-529.0500,0.500000,-0.500000,-0.500000,0.500000,900.0000,0.111330,96.520750,extrusion,171,3057
-716.4900,-219.9950,-529.0500,0.500000,-0.500000,-0.500000,0.500000,900.0000,0.111200,96.527295,extrusion,171,3058
-717.5220,-219.8900,-529.0500,0.500000,-0.500000,-0.500000,0.500000,900.0000,0.111250,96.522043,extrusion,171,3059
-718.5560,-219.9670,-529.0500,0.500000,-0.500000,-0.500000,0.500000,900.0000,0.111200,96.521907,extrusion,171,3060
-719.5620,-220.2220,-529.0500,0.500000,-0.500000,-0.500000,0.500000,900.0000,0.111310,96.528719,extrusion,171,3061
-720.5080,-220.6480,-529.0500,0.500000,-0.500000,-0.500000,0.500000,900.0000,0.111270,96.524012,extrusion,171,3062
-721.3650,-221.2320,-529.0500,0.500000,-0.500000,-0.500000,0.500000,900.0000,0.111230,96.529094,extrusion,171,3063
-722.1080,-221.9550,-529.0500,0.500000,-0.500000,-0.500000,0.500000,900.0000,0.111190,96.527010,extrusion,171,3064
-722.7140,-222.7970,-529.0500,0.500000,-0.500000,-0.500000,0.500000,900.0000,0.111260,96.523947,extrusion,171,3065
-723.1650,-223.7310,-529.0500,0.500000,-0.500000,-0.500000,0.500000,900.0000,0.111240,96.526464,extrusion,171,3066
-723.4470,-224.7300,-529.0500,0.500000,-0.500000,-0.500000,0.500000,900.0000,0.111330,96.525274,extrusion,171,3067
-723.5510,-225.7620,-529.0500,0.500000,-0.500000,-0.500000,0.500000,900.0000,0.111240,96.522741,extrusion,171,3068
-723.4740,-226.7960,-529.0500,0.500000,-0.500000,-0.500000,0.500000,900.0000,0.111200,96.521907,extrusion,171,3069
-723.2190,-227.8020,-529.0500,0.500000,-0.500000,-0.500000,0.500000,900.0000,0.111310,96.528719,extrusion,171,3070
-722.7930,-228.7470,-529.0500,0.500000,-0.500000,-0.500000,0.500000,900.0000,0.111170,96.522087,extrusion,171,3071
-722.2100,-229.6050,-529.0500,0.500000,-0.500000,-0.500000,0.500000,900.0000,0.111250,96.521863,extrusion,171,3072
-721.4860,-230.3480,-529.0500,0.500000,-0.500000,-0.500000,0.500000,900.0000,0.111260,96.522826,extrusion,171,3073
-720.6440,-230.9540,-529.0500,0.500000,-0.500000,-0.500000,0.500000,900.0000,0.111260,96.523947,extrusion,171,3074
-719.7100,-231.4050,-529.0500,0.500000,-0.500000,-0.500000,0.500000,900.0000,0.111240,96.526464,extrusion,171,3075
-718.7120,-231.6870,-529.0500,0.500000,-0.500000,-0.500000,0.500000,900.0000,0.111230,96.528062,extrusion,171,3076
-718.5720,-231.7010,-529.0500,0.500000,-0.500000,-0.500000,0.500000,900.0000,0.015090,96.525715,extrusion,171,3077
-718.5170,-231.1070,-529.0500,0.500000,-0.500000,-0.500000,0.500000,900.0000,0.000000,0.000000,travel,172,3078
-717.6270,-231.1900,-529.0500,0.500000,-0.500000,-0.500000,0.500000,900.0000,0.095870,96.528340,extrusion,173,3080
-716.6980,-231.1130,-529.0500,0.500000,-0.500000,-0.500000,0.500000,900.0000,0.099980,96.527987,extrusion,173,3081
-715.7960,-230.8760,-529.0500,0.500000,-0.500000,-0.500000,0.500000,900.0000,0.100020,96.522019,extrusion,173,3082
-714.9490,-230.4860,-529.0500,0.500000,-0.500000,-0.500000,0.500000,900.0000,0.100010,96.527019,extrusion,173,3083
-714.1830,-229.9550,-529.0500,0.500000,-0.500000,-0.500000,0.500000,900.0000,0.099960,96.522730,extrusion,173,3084
-713.5200,-229.2990,-529.0500,0.500000,-0.500000,-0.500000,0.500000,900.0000,0.100030,96.524345,extrusion,173,3085
-712.9820,-228.5380,-529.0500,0.500000,-0.500000,-0.500000,0.500000,900.0000,0.099950,96.521518,extrusion,173,3086
-712.5830,-227.6950,-529.0500,0.500000,-0.500000,-0.500000,0.500000,900.0000,0.100030,96.527397,extrusion,173,3087
-712.3380,-226.7950,-529.0500,0.500000,-0.500000,-0.500000,0.500000,900.0000,0.100040,96.527337,extrusion,173,3088
-712.2520,-225.8670,-529.0500,0.500000,-0.500000,-0.500000,0.500000,900.0000,0.099950,96.520685,extrusion,173,3089
-712.3280,-224.9380,-529.0500,0.500000,-0.500000,-0.500000,0.500000,900.0000,0.099970,96.526831,extrusion,173,3090
-712.5650,-224.0360,-529.0500,0.500000,-0.500000,-0.500000,0.500000,900.0000,0.100020,96.522019,extrusion,173,3091
-712.9550,-223.1890,-529.0500,0.500000,-0.500000,-0.500000,0.500000,900.0000,0.100010,96.527019,extrusion,173,3092
-713.4860,-222.4220,-529.0500,0.500000,-0.500000,-0.500000,0.500000,900.0000,0.100050,96.524506,extrusion,173,3093
-714.1420,-221.7600,-529.0500,0.500000,-0.500000,-0.500000,0.500000,900.0000,0.099950,96.520685,extrusion,173,3094
-714.9030,-221.2210,-529.0500,0.500000,-0.500000,-0.500000,0.500000,900.0000,0.100020,96.529289,extrusion,173,3095
-715.7470,-220.8230,-529.0500,0.500000,-0.500000,-0.500000,0.500000,900.0000,0.100080,96.526278,extrusion,173,3096
-716.6460,-220.5770,-529.0500,0.500000,-0.500000,-0.500000,0.500000,900.0000,0.099960,96.522730,extrusion,173,3097
-717.5740,-220.4920,-529.0500,0.500000,-0.500000,-0.500000,0.500000,900.0000,0.099940,96.520530,extrusion,173,3098
-718.5040,-220.5680,-529.0500,0.500000,-0.500000,-0.500000,0.500000,900.0000,0.100070,96.520180,extrusion,173,3099
-719.4060,-220.8050,-529.0500,0.500000,-0.500000,-0.500000,0.500000,900.0000,0.100020,96.522019,extrusion,173,3100
-720.2530,-221.1950,-529.0500,0.500000,-0.500000,-0.500000,0.500000,900.0000,0.100010,96.527019,extrusion,173,3101
-721.0190,-221.7260,-529.0500,0.500000,-0.500000,-0.500000,0.500000,900.0000,0.099960,96.522730,extrusion,173,3102
-721.6810,-222.3820,-529.0500,0.500000,-0.500000,-0.500000,0.500000,900.0000,0.099950,96.520685,extrusion,173,3103
-722.2200,-223.1430,-529.0500,0.500000,-0.500000,-0.500000,0.500000,900.0000,0.100020,96.529289,extrusion,173,3104
-722.6180,-223.9860,-529.0500,0.500000,-0.500000,-0.500000,0.500000,900.0000,0.099980,96.523378,extrusion,173,3105
-722.8640,-224.8860,-529.0500,0.500000,-0.500000,-0.500000,0.500000,900.0000,0.100070,96.529050,extrusion,173,3106
-722.9500,-225.8140,-529.0500,0.500000,-0.500000,-0.500000,0.500000,900.0000,0.099950,96.520685,extrusion,173,3107
-722.8730,-226.7440,-529.0500,0.500000,-0.500000,-0.500000,0.500000,900.0000,0.100080,96.521345,extrusion,173,3108
-722.6360,-227.6450,-529.0500,0.500000,-0.500000,-0.500000,0.500000,900.0000,0.099920,96.525615,extrusion,173,3109
-722.2460,-228.4920,-529.0500,0.500000,-0.500000,-0.500000,0.500000,900.0000,0.100010,96.527019,extrusion,173,3110
-721.7150,-229.2590,-529.0500,0.500000,-0.500000,-0.500000,0.500000,900.0000,0.100050,96.524506,extrusion,173,3111
-721.0590,-229.9210,-529.0500,0.500000,-0.500000,-0.500000,0.500000,900.0000,0.099950,96.520685,extrusion,173,3112
-720.2980,-230.4600,-529.0500,0.500000,-0.500000,-0.500000,0.500000,900.0000,0.100020,96.529289,extrusion,173,3113
-719.4550,-230.8580,-529.0500,0.500000,-0.500000,-0.500000,0.500000,900.0000,0.099980,96.523378,extrusion,173,3114
-718.5560,-231.1040,-529.0500,0.500000,-0.500000,-0.500000,0.500000,900.0000,0.099960,96.522730,extrusion,173,3115
-718.5170,-231.1070,-529.0500,0.500000,-0.500000,-0.500000,0.500000,900.0000,0.004200,96.637589,extrusion,173,3116
-702.4260,-161.7940,-529.0500,0.500000,-0.500000,-0.500000,0.500000,900.0000,0.000000,0.000000,travel,174,3118
-736.6470,-161.7940,-529.0500,0.500000,-0.500000,-0.500000,0.500000,900.0000,3.670190,96.524678,extrusion,175,3120
-736.6470,-239.8870,-529.0500,0.500000,-0.500000,-0.500000,0.500000,900.0000,8.375450,96.524721,extrusion,175,3121
-698.5540,-239.8870,-529.0500,0.500000,-0.500000,-0.500000,0.500000,900.0000,4.085460,96.524663,extrusion,175,3122
-698.5540,-232.4630,-529.0500,0.500000,-0.500000,-0.500000,0.500000,900.0000,0.796220,96.524515,extrusion,175,3123
-698.5540,-161.7940,-529.0500,0.500000,-0.500000,-0.500000,0.500000,900.0000,7.579230,96.524742,extrusion,175,3124
-702.4260,-161.7940,-529.0500,0.500000,-0.500000,-0.500000,0.500000,900.0000,0.415270,96.524535,extrusion,175,3125
-702.4260,-161.1910,-529.0500,0.500000,-0.500000,-0.500000,0.500000,900.0000,0.000000,0.000000,travel,176,3126
-737.2510,-161.1910,-529.0500,0.500000,-0.500000,-0.500000,0.500000,900.0000,3.734970,96.524709,extrusion,177,3128
-737.2510,-240.4910,-529.0500,0.500000,-0.500000,-0.500000,0.500000,900.0000,8.504910,96.524830,extrusion,177,3129
-697.9510,-240.4910,-529.0500,0.500000,-0.500000,-0.500000,0.500000,900.0000,4.214920,96.524885,extrusion,177,3130
-697.9510,-232.4630,-529.0500,0.500000,-0.500000,-0.500000,0.500000,900.0000,0.861000,96.524664,extrusion,177,3131
-697.9510,-161.1910,-529.0500,0.500000,-0.500000,-0.500000,0.500000,900.0000,7.643900,96.524722,extrusion,177,3132
-702.4260,-161.1910,-529.0500,0.500000,-0.500000,-0.500000,0.500000,900.0000,0.479940,96.524246,extrusion,177,3133
-698.7350,-181.9750,-529.0500,0.500000,-0.500000,-0.500000,0.500000,900.0000,0.000000,0.000000,travel,178,3135
-736.1950,-219.4350,-529.0500,0.500000,-0.500000,-0.500000,0.500000,900.0000,5.681710,96.524776,extrusion,179,3138
-736.1950,-210.9010,-529.0500,0.500000,-0.500000,-0.500000,0.500000,900.0000,0.915270,96.524842,extrusion,179,3139
-699.0070,-173.7130,-529.0500,0.500000,-0.500000,-0.500000,0.500000,900.0000,5.640460,96.524867,extrusion,179,3140
-699.0070,-165.1790,-529.0500,0.500000,-0.500000,-0.500000,0.500000,900.0000,0.915270,96.524842,extrusion,179,3141
-711.4780,-177.6510,-529.0500,0.500000,-0.500000,-0.500000,0.500000,900.0000,1.891600,96.524626,extrusion,179,3142
-711.2910,-176.9540,-529.0500,0.500000,-0.500000,-0.500000,0.500000,900.0000,0.077400,96.528855,extrusion,179,3143
-711.1940,-175.8410,-529.0500,0.500000,-0.500000,-0.500000,0.500000,900.0000,0.119820,96.523611,extrusion,179,3144
-711.2910,-174.7280,-529.0500,0.500000,-0.500000,-0.500000,0.500000,900.0000,0.119820,96.523611,extrusion,179,3145
-711.5470,-173.7560,-529.0500,0.500000,-0.500000,-0.500000,0.500000,900.0000,0.107800,96.523219,extrusion,179,3146
-712.1130,-172.5430,-529.0500,0.500000,-0.500000,-0.500000,0.500000,900.0000,0.143560,96.525105,extrusion,179,3147
-712.6920,-171.7240,-529.0500,0.500000,-0.500000,-0.500000,0.500000,900.0000,0.107570,96.523766,extrusion,179,3148
-713.3850,-171.0240,-529.0500,0.500000,-0.500000,-0.500000,0.500000,900.0000,0.105640,96.522664,extrusion,179,3149
-704.6080,-162.2470,-529.0500,0.500000,-0.500000,-0.500000,0.500000,900.0000,1.331240,96.524547,extrusion,179,3150
-713.1420,-162.2470,-529.0500,0.500000,-0.500000,-0.500000,0.500000,900.0000,0.915270,96.524842,extrusion,179,3151
-736.1950,-185.2990,-529.0500,0.500000,-0.500000,-0.500000,0.500000,900.0000,3.496470,96.524884,extrusion,179,3152
-736.1950,-176.7660,-529.0500,0.500000,-0.500000,-0.500000,0.500000,900.0000,0.915160,96.524552,extrusion,179,3153
-721.6760,-162.2470,-529.0500,0.500000,-0.500000,-0.500000,0.500000,900.0000,2.202160,96.524970,extrusion,179,3154
-730.2090,-162.2470,-529.0500,0.500000,-0.500000,-0.500000,0.500000,900.0000,0.915160,96.524552,extrusion,179,3155
-736.4660,-168.5030,-529.0500,0.500000,-0.500000,-0.500000,0.500000,900.0000,0.948950,96.524907,extrusion,179,3156
-722.2260,-179.8640,-529.0500,0.500000,-0.500000,-0.500000,0.500000,900.0000,0.000000,0.000000,travel,180,3158
-736.1950,-193.8330,-529.0500,0.500000,-0.500000,-0.500000,0.500000,900.0000,2.118740,96.525011,extrusion,181,3159
-736.1950,-202.3670,-529.0500,0.500000,-0.500000,-0.500000,0.500000,900.0000,0.915270,96.524842,extrusion,181,3160
-715.3810,-181.5530,-529.0500,0.500000,-0.500000,-0.500000,0.500000,900.0000,3.156940,96.524662,extrusion,181,3161
-698.7350,-207.5760,-529.0500,0.500000,-0.500000,-0.500000,0.500000,900.0000,0.000000,0.000000,travel,182,3163
-712.7840,-221.6250,-529.0500,0.500000,-0.500000,-0.500000,0.500000,900.0000,2.130870,96.524832,extrusion,183,3164
-713.4840,-220.9310,-529.0500,0.500000,-0.500000,-0.500000,0.500000,900.0000,0.105720,96.526790,extrusion,183,3165
-714.3030,-220.3530,-529.0500,0.500000,-0.500000,-0.500000,0.500000,900.0000,0.107510,96.525450,extrusion,183,3166
-715.5170,-219.7870,-529.0500,0.500000,-0.500000,-0.500000,0.500000,900.0000,0.143660,96.526988,extrusion,183,3167
-716.4920,-219.5300,-529.0500,0.500000,-0.500000,-0.500000,0.500000,900.0000,0.108140,96.524601,extrusion,183,3168
-717.6010,-219.4340,-529.0500,0.500000,-0.500000,-0.500000,0.500000,900.0000,0.119380,96.520915,extrusion,183,3169
-718.7100,-219.5310,-529.0500,0.500000,-0.500000,-0.500000,0.500000,900.0000,0.119390,96.521484,extrusion,183,3170
-719.4140,-219.7210,-529.0500,0.500000,-0.500000,-0.500000,0.500000,900.0000,0.078210,96.530583,extrusion,183,3171
-699.0070,-199.3140,-529.0500,0.500000,-0.500000,-0.500000,0.500000,900.0000,3.095210,96.524701,extrusion,183,3172
-699.0070,-190.7800,-529.0500,0.500000,-0.500000,-0.500000,0.500000,900.0000,0.915270,96.524842,extrusion,183,3173
-736.1950,-227.9680,-529.0500,0.500000,-0.500000,-0.500000,0.500000,900.0000,5.640460,96.524867,extrusion,183,3174
-736.1950,-236.5020,-529.0500,0.500000,-0.500000,-0.500000,0.500000,900.0000,0.915270,96.524842,extrusion,183,3175
-723.7280,-224.0350,-529.0500,0.500000,-0.500000,-0.500000,0.500000,900.0000,1.890920,96.524755,extrusion,183,3176
-723.9100,-224.7280,-529.0500,0.500000,-0.500000,-0.500000,0.500000,900.0000,0.076840,96.519120,extrusion,183,3177
-724.0080,-225.8410,-529.0500,0.500000,-0.500000,-0.500000,0.500000,900.0000,0.119830,96.524128,extrusion,183,3178
-723.9100,-226.9540,-529.0500,0.500000,-0.500000,-0.500000,0.500000,900.0000,0.119830,96.524128,extrusion,183,3179
-723.6210,-228.0330,-529.0500,0.500000,-0.500000,-0.500000,0.500000,900.0000,0.119800,96.523586,extrusion,183,3180
-723.1550,-229.0340,-529.0500,0.500000,-0.500000,-0.500000,0.500000,900.0000,0.118420,96.524542,extrusion,183,3181
-722.5770,-229.8700,-529.0500,0.500000,-0.500000,-0.500000,0.500000,900.0000,0.109000,96.521275,extrusion,183,3182
-721.8160,-230.6580,-529.0500,0.500000,-0.500000,-0.500000,0.500000,900.0000,0.117490,96.525271,extrusion,183,3183
-730.5930,-239.4350,-529.0500,0.500000,-0.500000,-0.500000,0.500000,900.0000,1.331240,96.524547,extrusion,183,3184
-722.0600,-239.4350,-529.0500,0.500000,-0.500000,-0.500000,0.500000,900.0000,0.915160,96.524552,extrusion,183,3185
-699.0070,-216.3820,-529.0500,0.500000,-0.500000,-0.500000,0.500000,900.0000,3.496540,96.524723,extrusion,183,3186
-699.0070,-224.9150,-529.0500,0.500000,-0.500000,-0.500000,0.500000,900.0000,0.915160,96.524552,extrusion,183,3187
-713.5260,-239.4350,-529.0500,0.500000,-0.500000,-0.500000,0.500000,900.0000,2.202230,96.524714,extrusion,183,3188
-704.9920,-239.4350,-529.0500,0.500000,-0.500000,-0.500000,0.500000,900.0000,0.915270,96.524842,extrusion,183,3189
-698.7350,-233.1780,-529.0500,0.500000,-0.500000,-0.500000,0.500000,900.0000,0.949020,96.524314,extrusion,183,3190
-711.6850,-175.4580,-528.6000,0.500000,-0.500000,-0.500000,0.500000,900.0000,0.000000,0.000000,travel,184,3196
-711.7270,-174.8850,-528.6000,0.500000,-0.500000,-0.500000,0.500000,900.0000,0.061620,96.526386,extrusion,185,3199
-711.9820,-173.8800,-528.6000,0.500000,-0.500000,-0.500000,0.500000,900.0000,0.111200,96.523479,extrusion,185,3200
-712.4080,-172.9340,-528.6000,0.500000,-0.500000,-0.500000,0.500000,900.0000,0.111270,96.524012,extrusion,185,3201
-712.9920,-172.0760,-528.6000,0.500000,-0.500000,-0.500000,0.500000,900.0000,0.111310,96.521595,extrusion,185,3202
-713.7160,-171.3330,-528.6000,0.500000,-0.500000,-0.500000,0.500000,900.0000,0.111260,96.522826,extrusion,185,3203
-714.5570,-170.7270,-528.6000,0.500000,-0.500000,-0.500000,0.500000,900.0000,0.111170,96.521368,extrusion,185,3204
-715.4920,-170.2760,-528.6000,0.500000,-0.500000,-0.500000,0.500000,900.0000,0.111330,96.520750,extrusion,185,3205
-716.4900,-169.9950,-528.6000,0.500000,-0.500000,-0.500000,0.500000,900.0000,0.111200,96.527295,extrusion,185,3206
-717.5220,-169.8900,-528.6000,0.500000,-0.500000,-0.500000,0.500000,900.0000,0.111250,96.522043,extrusion,185,3207
-718.5560,-169.9670,-528.6000,0.500000,-0.500000,-0.500000,0.500000,900.0000,0.111200,96.521907,extrusion,185,3208
-719.5620,-170.2220,-528.6000,0.500000,-0.500000,-0.500000,0.500000,900.0000,0.111310,96.528719,extrusion,185,3209
-720.5080,-170.6480,-528.6000,0.500000,-0.500000,-0.500000,0.500000,900.0000,0.111270,96.524012,extrusion,185,3210
-721.3650,-171.2320,-528.6000,0.500000,-0.500000,-0.500000,0.500000,900.0000,0.111230,96.529094,extrusion,185,3211
-722.1080,-171.9550,-528.6000,0.500000,-0.500000,-0.500000,0.500000,900.0000,0.111190,96.527010,extrusion,185,3212
-722.7140,-172.7970,-528.6000,0.500000,-0.500000,-0.500000,0.500000,900.0000,0.111260,96.523947,extrusion,185,3213
-723.1650,-173.7310,-528.6000,0.500000,-0.500000,-0.500000,0.500000,900.0000,0.111240,96.526464,extrusion,185,3214
-723.4470,-174.7300,-528.6000,0.500000,-0.500000,-0.500000,0.500000,900.0000,0.111330,96.525274,extrusion,185,3215
-723.5510,-175.7620,-528.6000,0.500000,-0.500000,-0.500000,0.500000,900.0000,0.111240,96.522741,extrusion,185,3216
-723.4740,-176.7960,-528.6000,0.500000,-0.500000,-0.500000,0.500000,900.0000,0.111200,96.521907,extrusion,185,3217
-723.2190,-177.8020,-528.6000,0.500000,-0.500000,-0.500000,0.500000,900.0000,0.111310,96.528719,extrusion,185,3218
-722.7930,-178.7470,-528.6000,0.500000,-0.500000,-0.500000,0.500000,900.0000,0.111170,96.522087,extrusion,185,3219
-722.2100,-179.6050,-528.6000,0.500000,-0.500000,-0.500000,0.500000,900.0000,0.111250,96.521863,extrusion,185,3220
-721.4860,-180.3480,-528.6000,0.500000,-0.500000,-0.500000,0.500000,900.0000,0.111260,96.522826,extrusion,185,3221
-720.6440,-180.9540,-528.6000,0.500000,-0.500000,-0.500000,0.500000,900.0000,0.111260,96.523947,extrusion,185,3222
-719.7100,-181.4050,-528.6000,0.500000,-0.500000,-0.500000,0.500000,900.0000,0.111240,96.526464,extrusion,185,3223
-718.7120,-181.6870,-528.6000,0.500000,-0.500000,-0.500000,0.500000,900.0000,0.111230,96.528062,extrusion,185,3224
-717.6800,-181.7910,-528.6000,0.500000,-0.500000,-0.500000,0.500000,900.0000,0.111240,96.522741,extrusion,185,3225
-716.6450,-181.7140,-528.6000,0.500000,-0.500000,-0.500000,0.500000,900.0000,0.111310,96.524552,extrusion,185,3226
-715.6400,-181.4590,-528.6000,0.500000,-0.500000,-0.500000,0.500000,900.0000,0.111200,96.523479,extrusion,185,3227
-714.6940,-181.0330,-528.6000,0.500000,-0.500000,-0.500000,0.500000,900.0000,0.111270,96.524012,extrusion,185,3228
-713.8370,-180.4490,-528.6000,0.500000,-0.500000,-0.500000,0.500000,900.0000,0.111230,96.529094,extrusion,185,3229
-713.0930,-179.7260,-528.6000,0.500000,-0.500000,-0.500000,0.500000,900.0000,0.111260,96.521032,extrusion,185,3230
-712.4870,-178.8840,-528.6000,0.500000,-0.500000,-0.500000,0.500000,900.0000,0.111260,96.523947,extrusion,185,3231
-712.0360,-177.9500,-528.6000,0.500000,-0.500000,-0.500000,0.500000,900.0000,0.111240,96.526464,extrusion,185,3232
-711.7550,-176.9520,-528.6000,0.500000,-0.500000,-0.500000,0.500000,900.0000,0.111200,96.527295,extrusion,185,3233
-711.6510,-175.9190,-528.6000,0.500000,-0.500000,-0.500000,0.500000,900.0000,0.111350,96.525595,extrusion,185,3234
-711.6850,-175.4580,-528.6000,0.500000,-0.500000,-0.500000,0.500000,900.0000,0.049580,96.531742,extrusion,185,3235
-712.2810,-175.5080,-528.6000,0.500000,-0.500000,-0.500000,0.500000,900.0000,0.000000,0.000000,travel,186,3236
-712.3280,-174.9380,-528.6000,0.500000,-0.500000,-0.500000,0.500000,900.0000,0.061340,96.525050,extrusion,187,3238
-712.5650,-174.0360,-528.6000,0.500000,-0.500000,-0.500000,0.500000,900.0000,0.100020,96.522019,extrusion,187,3239
-712.9550,-173.1890,-528.6000,0.500000,-0.500000,-0.500000,0.500000,900.0000,0.100010,96.527019,extrusion,187,3240
-713.4860,-172.4220,-528.6000,0.500000,-0.500000,-0.500000,0.500000,900.0000,0.100050,96.524506,extrusion,187,3241
-714.1420,-171.7600,-528.6000,0.500000,-0.500000,-0.500000,0.500000,900.0000,0.099950,96.520685,extrusion,187,3242
-714.9030,-171.2210,-528.6000,0.500000,-0.500000,-0.500000,0.500000,900.0000,0.100020,96.529289,extrusion,187,3243
-715.7470,-170.8230,-528.6000,0.500000,-0.500000,-0.500000,0.500000,900.0000,0.100080,96.526278,extrusion,187,3244
-716.6460,-170.5770,-528.6000,0.500000,-0.500000,-0.500000,0.500000,900.0000,0.099960,96.522730,extrusion,187,3245
-717.5740,-170.4920,-528.6000,0.500000,-0.500000,-0.500000,0.500000,900.0000,0.099940,96.520530,extrusion,187,3246
-718.5040,-170.5680,-528.6000,0.500000,-0.500000,-0.500000,0.500000,900.0000,0.100070,96.520180,extrusion,187,3247
-719.4060,-170.8050,-528.6000,0.500000,-0.500000,-0.500000,0.500000,900.0000,0.100020,96.522019,extrusion,187,3248
-720.2530,-171.1950,-528.6000,0.500000,-0.500000,-0.500000,0.500000,900.0000,0.100010,96.527019,extrusion,187,3249
-721.0190,-171.7260,-528.6000,0.500000,-0.500000,-0.500000,0.500000,900.0000,0.099960,96.522730,extrusion,187,3250
-721.6810,-172.3820,-528.6000,0.500000,-0.500000,-0.500000,0.500000,900.0000,0.099950,96.520685,extrusion,187,3251
-722.2200,-173.1430,-528.6000,0.500000,-0.500000,-0.500000,0.500000,900.0000,0.100020,96.529289,extrusion,187,3252
-722.6180,-173.9860,-528.6000,0.500000,-0.500000,-0.500000,0.500000,900.0000,0.099980,96.523378,extrusion,187,3253
-722.8640,-174.8860,-528.6000,0.500000,-0.500000,-0.500000,0.500000,900.0000,0.100070,96.529050,extrusion,187,3254
-722.9500,-175.8140,-528.6000,0.500000,-0.500000,-0.500000,0.500000,900.0000,0.099950,96.520685,extrusion,187,3255
-722.8730,-176.7440,-528.6000,0.500000,-0.500000,-0.500000,0.500000,900.0000,0.100080,96.521345,extrusion,187,3256
-722.6360,-177.6450,-528.6000,0.500000,-0.500000,-0.500000,0.500000,900.0000,0.099920,96.525615,extrusion,187,3257
-722.2460,-178.4920,-528.6000,0.500000,-0.500000,-0.500000,0.500000,900.0000,0.100010,96.527019,extrusion,187,3258
-721.7150,-179.2590,-528.6000,0.500000,-0.500000,-0.500000,0.500000,900.0000,0.100050,96.524506,extrusion,187,3259
-721.0590,-179.9210,-528.6000,0.500000,-0.500000,-0.500000,0.500000,900.0000,0.099950,96.520685,extrusion,187,3260
-720.2980,-180.4600,-528.6000,0.500000,-0.500000,-0.500000,0.500000,900.0000,0.100020,96.529289,extrusion,187,3261
-719.4550,-180.8580,-528.6000,0.500000,-0.500000,-0.500000,0.500000,900.0000,0.099980,96.523378,extrusion,187,3262
-718.5560,-181.1040,-528.6000,0.500000,-0.500000,-0.500000,0.500000,900.0000,0.099960,96.522730,extrusion,187,3263
-717.6270,-181.1900,-528.6000,0.500000,-0.500000,-0.500000,0.500000,900.0000,0.100060,96.523783,extrusion,187,3264
-716.6980,-181.1130,-528.6000,0.500000,-0.500000,-0.500000,0.500000,900.0000,0.099980,96.527987,extrusion,187,3265
-715.7960,-180.8760,-528.6000,0.500000,-0.500000,-0.500000,0.500000,900.0000,0.100020,96.522019,extrusion,187,3266
-714.9490,-180.4860,-528.6000,0.500000,-0.500000,-0.500000,0.500000,900.0000,0.100010,96.527019,extrusion,187,3267
-714.1830,-179.9550,-528.6000,0.500000,-0.500000,-0.500000,0.500000,900.0000,0.099960,96.522730,extrusion,187,3268
-713.5200,-179.2990,-528.6000,0.500000,-0.500000,-0.500000,0.500000,900.0000,0.100030,96.524345,extrusion,187,3269
-712.9820,-178.5380,-528.6000,0.500000,-0.500000,-0.500000,0.500000,900.0000,0.099950,96.521518,extrusion,187,3270
-712.5830,-177.6950,-528.6000,0.500000,-0.500000,-0.500000,0.500000,900.0000,0.100030,96.527397,extrusion,187,3271
-712.3380,-176.7950,-528.6000,0.500000,-0.500000,-0.500000,0.500000,900.0000,0.100040,96.527337,extrusion,187,3272
-712.2520,-175.8670,-528.6000,0.500000,-0.500000,-0.500000,0.500000,900.0000,0.099950,96.520685,extrusion,187,3273
-712.2810,-175.5080,-528.6000,0.500000,-0.500000,-0.500000,0.500000,900.0000,0.038630,96.529576,extrusion,187,3274
-719.3930,-220.1800,-528.6000,0.500000,-0.500000,-0.500000,0.500000,900.0000,0.000000,0.000000,travel,188,3276
-719.5620,-220.2220,-528.6000,0.500000,-0.500000,-0.500000,0.500000,900.0000,0.018680,96.542597,extrusion,189,3278
-720.5080,-220.6480,-528.6000,0.500000,-0.500000,-0.500000,0.500000,900.0000,0.111270,96.524012,extrusion,189,3279
-721.3650,-221.2320,-528.6000,0.500000,-0.500000,-0.500000,0.500000,900.0000,0.111230,96.529094,extrusion,189,3280
-722.1080,-221.9550,-528.6000,0.500000,-0.500000,-0.500000,0.500000,900.0000,0.111190,96.527010,extrusion,189,3281
-722.7140,-222.7970,-528.6000,0.500000,-0.500000,-0.500000,0.500000,900.0000,0.111260,96.523947,extrusion,189,3282
-723.1650,-223.7310,-528.6000,0.500000,-0.500000,-0.500000,0.500000,900.0000,0.111240,96.526464,extrusion,189,3283
-723.4470,-224.7300,-528.6000,0.500000,-0.500000,-0.500000,0.500000,900.0000,0.111330,96.525274,extrusion,189,3284
-723.5510,-225.7620,-528.6000,0.500000,-0.500000,-0.500000,0.500000,900.0000,0.111240,96.522741,extrusion,189,3285
-723.4740,-226.7960,-528.6000,0.500000,-0.500000,-0.500000,0.500000,900.0000,0.111200,96.521907,extrusion,189,3286
-723.2190,-227.8020,-528.6000,0.500000,-0.500000,-0.500000,0.500000,900.0000,0.111310,96.528719,extrusion,189,3287
-722.7930,-228.7470,-528.6000,0.500000,-0.500000,-0.500000,0.500000,900.0000,0.111170,96.522087,extrusion,189,3288
-722.2100,-229.6050,-528.6000,0.500000,-0.500000,-0.500000,0.500000,900.0000,0.111250,96.521863,extrusion,189,3289
-721.4860,-230.3480,-528.6000,0.500000,-0.500000,-0.500000,0.500000,900.0000,0.111260,96.522826,extrusion,189,3290
-720.6440,-230.9540,-528.6000,0.500000,-0.500000,-0.500000,0.500000,900.0000,0.111260,96.523947,extrusion,189,3291
-719.7100,-231.4050,-528.6000,0.500000,-0.500000,-0.500000,0.500000,900.0000,0.111240,96.526464,extrusion,189,3292
-718.7120,-231.6870,-528.6000,0.500000,-0.500000,-0.500000,0.500000,900.0000,0.111230,96.528062,extrusion,189,3293
-717.6800,-231.7910,-528.6000,0.500000,-0.500000,-0.500000,0.500000,900.0000,0.111240,96.522741,extrusion,189,3294
-716.6450,-231.7140,-528.6000,0.500000,-0.500000,-0.500000,0.500000,900.0000,0.111310,96.524552,extrusion,189,3295
-715.6400,-231.4590,-528.6000,0.500000,-0.500000,-0.500000,0.500000,900.0000,0.111200,96.523479,extrusion,189,3296
-714.6940,-231.0330,-528.6000,0.500000,-0.500000,-0.500000,0.500000,900.0000,0.111270,96.524012,extrusion,189,3297
-713.8370,-230.4490,-528.6000,0.500000,-0.500000,-0.500000,0.500000,900.0000,0.111230,96.529094,extrusion,189,3298
-713.0930,-229.7260,-528.6000,0.500000,-0.500000,-0.500000,0.500000,900.0000,0.111260,96.521032,extrusion,189,3299
-712.4870,-228.8840,-528.6000,0.500000,-0.500000,-0.500000,0.500000,900.0000,0.111260,96.523947,extrusion,189,3300
-712.0360,-227.9500,-528.6000,0.500000,-0.500000,-0.500000,0.500000,900.0000,0.111240,96.526464,extrusion,189,3301
-711.7550,-226.9520,-528.6000,0.500000,-0.500000,-0.500000,0.500000,900.0000,0.111200,96.527295,extrusion,189,3302
-711.6510,-225.9190,-528.6000,0.500000,-0.500000,-0.500000,0.500000,900.0000,0.111350,96.525595,extrusion,189,3303
-711.7270,-224.8850,-528.6000,0.500000,-0.500000,-0.500000,0.500000,900.0000,0.111200,96.528776,extrusion,189,3304
-711.9820,-223.8800,-528.6000,0.500000,-0.500000,-0.500000,0.500000,900.0000,0.111200,96.523479,extrusion,189,3305
-712.4080,-222.9340,-528.6000,0.500000,-0.500000,-0.500000,0.500000,900.0000,0.111270,96.524012,extrusion,189,3306
-712.9920,-222.0760,-528.6000,0.500000,-0.500000,-0.500000,0.500000,900.0000,0.111310,96.521595,extrusion,189,3307
-713.7160,-221.3330,-528.6000,0.500000,-0.500000,-0.500000,0.500000,900.0000,0.111260,96.522826,extrusion,189,3308
-714.5570,-220.7270,-528.6000,0.500000,-0.500000,-0.500000,0.500000,900.0000,0.111170,96.521368,extrusion,189,3309
-715.4920,-220.2760,-528.6000,0.500000,-0.500000,-0.500000,0.500000,900.0000,0.111330,96.520750,extrusion,189,3310
-716.4900,-219.9950,-528.6000,0.500000,-0.500000,-0.500000,0.500000,900.0000,0.111200,96.527295,extrusion,189,3311
-717.5220,-219.8900,-528.6000,0.500000,-0.500000,-0.500000,0.500000,900.0000,0.111250,96.522043,extrusion,189,3312
-718.5560,-219.9670,-528.6000,0.500000,-0.500000,-0.500000,0.500000,900.0000,0.111200,96.521907,extrusion,189,3313
-719.3930,-220.1800,-528.6000,0.500000,-0.500000,-0.500000,0.500000,900.0000,0.092630,96.525666,extrusion,189,3314
-719.2400,-220.7620,-528.6000,0.500000,-0.500000,-0.500000,0.500000,900.0000,0.000000,0.000000,travel,190,3315
-719.4060,-220.8050,-528.6000,0.500000,-0.500000,-0.500000,0.500000,900.0000,0.018390,96.519185,extrusion,191,3317
-720.2530,-221.1950,-528.6000,0.500000,-0.500000,-0.500000,0.500000,900.0000,0.100010,96.527019,extrusion,191,3318
-721.0190,-221.7260,-528.6000,0.500000,-0.500000,-0.500000,0.500000,900.0000,0.099960,96.522730,extrusion,191,3319
-721.6810,-222.3820,-528.6000,0.500000,-0.500000,-0.500000,0.500000,900.0000,0.099950,96.520685,extrusion,191,3320
-722.2200,-223.1430,-528.6000,0.500000,-0.500000,-0.500000,0.500000,900.0000,0.100020,96.529289,extrusion,191,3321
-722.6180,-223.9860,-528.6000,0.500000,-0.500000,-0.500000,0.500000,900.0000,0.099980,96.523378,extrusion,191,3322
-722.8640,-224.8860,-528.6000,0.500000,-0.500000,-0.500000,0.500000,900.0000,0.100070,96.529050,extrusion,191,3323
-722.9500,-225.8140,-528.6000,0.500000,-0.500000,-0.500000,0.500000,900.0000,0.099950,96.520685,extrusion,191,3324
-722.8730,-226.7440,-528.6000,0.500000,-0.500000,-0.500000,0.500000,900.0000,0.100080,96.521345,extrusion,191,3325
-722.6360,-227.6450,-528.6000,0.500000,-0.500000,-0.500000,0.500000,900.0000,0.099920,96.525615,extrusion,191,3326
-722.2460,-228.4920,-528.6000,0.500000,-0.500000,-0.500000,0.500000,900.0000,0.100010,96.527019,extrusion,191,3327
-721.7150,-229.2590,-528.6000,0.500000,-0.500000,-0.500000,0.500000,900.0000,0.100050,96.524506,extrusion,191,3328
-721.0590,-229.9210,-528.6000,0.500000,-0.500000,-0.500000,0.500000,900.0000,0.099950,96.520685,extrusion,191,3329
-720.2980,-230.4600,-528.6000,0.500000,-0.500000,-0.500000,0.500000,900.0000,0.100020,96.529289,extrusion,191,3330
-719.4550,-230.8580,-528.6000,0.500000,-0.500000,-0.500000,0.500000,900.0000,0.099980,96.523378,extrusion,191,3331
-718.5560,-231.1040,-528.6000,0.500000,-0.500000,-0.500000,0.500000,900.0000,0.099960,96.522730,extrusion,191,3332
-717.6270,-231.1900,-528.6000,0.500000,-0.500000,-0.500000,0.500000,900.0000,0.100060,96.523783,extrusion,191,3333
-716.6980,-231.1130,-528.6000,0.500000,-0.500000,-0.500000,0.500000,900.0000,0.099980,96.527987,extrusion,191,3334
-715.7960,-230.8760,-528.6000,0.500000,-0.500000,-0.500000,0.500000,900.0000,0.100020,96.522019,extrusion,191,3335
-714.9490,-230.4860,-528.6000,0.500000,-0.500000,-0.500000,0.500000,900.0000,0.100010,96.527019,extrusion,191,3336
-714.1830,-229.9550,-528.6000,0.500000,-0.500000,-0.500000,0.500000,900.0000,0.099960,96.522730,extrusion,191,3337
-713.5200,-229.2990,-528.6000,0.500000,-0.500000,-0.500000,0.500000,900.0000,0.100030,96.524345,extrusion,191,3338
-712.9820,-228.5380,-528.6000,0.500000,-0.500000,-0.500000,0.500000,900.0000,0.099950,96.521518,extrusion,191,3339
-712.5830,-227.6950,-528.6000,0.500000,-0.500000,-0.500000,0.500000,900.0000,0.100030,96.527397,extrusion,191,3340
-712.3380,-226.7950,-528.6000,0.500000,-0.500000,-0.500000,0.500000,900.0000,0.100040,96.527337,extrusion,191,3341
-712.2520,-225.8670,-528.6000,0.500000,-0.500000,-0.500000,0.500000,900.0000,0.099950,96.520685,extrusion,191,3342
-712.3280,-224.9380,-528.6000,0.500000,-0.500000,-0.500000,0.500000,900.0000,0.099970,96.526831,extrusion,191,3343
-712.5650,-224.0360,-528.6000,0.500000,-0.500000,-0.500000,0.500000,900.0000,0.100020,96.522019,extrusion,191,3344
-712.9550,-223.1890,-528.6000,0.500000,-0.500000,-0.500000,0.500000,900.0000,0.100010,96.527019,extrusion,191,3345
-713.4860,-222.4220,-528.6000,0.500000,-0.500000,-0.500000,0.500000,900.0000,0.100050,96.524506,extrusion,191,3346
-714.1420,-221.7600,-528.6000,0.500000,-0.500000,-0.500000,0.500000,900.0000,0.099950,96.520685,extrusion,191,3347
-714.9030,-221.2210,-528.6000,0.500000,-0.500000,-0.500000,0.500000,900.0000,0.100020,96.529289,extrusion,191,3348
-715.7470,-220.8230,-528.6000,0.500000,-0.500000,-0.500000,0.500000,900.0000,0.100080,96.526278,extrusion,191,3349
-716.6460,-220.5770,-528.6000,0.500000,-0.500000,-0.500000,0.500000,900.0000,0.099960,96.522730,extrusion,191,3350
-717.5740,-220.4920,-528.6000,0.500000,-0.500000,-0.500000,0.500000,900.0000,0.099940,96.520530,extrusion,191,3351
-718.5040,-220.5680,-528.6000,0.500000,-0.500000,-0.500000,0.500000,900.0000,0.100070,96.520180,extrusion,191,3352
-719.2400,-220.7620,-528.6000,0.500000,-0.500000,-0.500000,0.500000,900.0000,0.081630,96.522497,extrusion,191,3353
-736.6470,-186.5120,-528.6000,0.500000,-0.500000,-0.500000,0.500000,900.0000,0.000000,0.000000,travel,192,3355
-736.6470,-239.8870,-528.6000,0.500000,-0.500000,-0.500000,0.500000,900.0000,5.724460,96.524852,extrusion,193,3357
-698.5540,-239.8870,-528.6000,0.500000,-0.500000,-0.500000,0.500000,900.0000,4.085460,96.524663,extrusion,193,3358
-698.5540,-232.4630,-528.6000,0.500000,-0.500000,-0.500000,0.500000,900.0000,0.796220,96.524515,extrusion,193,3359
-698.5540,-161.7940,-528.6000,0.500000,-0.500000,-0.500000,0.500000,900.0000,7.579230,96.524742,extrusion,193,3360
-736.6470,-161.7940,-528.6000,0.500000,-0.500000,-0.500000,0.500000,900.0000,4.085460,96.524663,extrusion,193,3361
-736.6470,-186.5120,-528.6000,0.500000,-0.500000,-0.500000,0.500000,900.0000,2.651000,96.524800,extrusion,193,3362
-737.2510,-186.5120,-528.6000,0.500000,-0.500000,-0.500000,0.500000,900.0000,0.000000,0.000000,travel,194,3363
-737.2510,-240.4910,-528.6000,0.500000,-0.500000,-0.500000,0.500000,900.0000,5.789230,96.524704,extrusion,195,3365
-697.9510,-240.4910,-528.6000,0.500000,-0.500000,-0.500000,0.500000,900.0000,4.214920,96.524885,extrusion,195,3366
-697.9510,-232.4630,-528.6000,0.500000,-0.500000,-0.500000,0.500000,900.0000,0.861000,96.524664,extrusion,195,3367
-697.9510,-161.1910,-528.6000,0.500000,-0.500000,-0.500000,0.500000,900.0000,7.643900,96.524722,extrusion,195,3368
-737.2510,-161.1910,-528.6000,0.500000,-0.500000,-0.500000,0.500000,900.0000,4.214920,96.524885,extrusion,195,3369
-737.2510,-186.5120,-528.6000,0.500000,-0.500000,-0.500000,0.500000,900.0000,2.715670,96.524742,extrusion,195,3370
-735.8630,-174.0450,-528.6000,0.500000,-0.500000,-0.500000,0.500000,900.0000,0.000000,0.000000,travel,196,3372
-699.6100,-210.2970,-528.6000,0.500000,-0.500000,-0.500000,0.500000,900.0000,5.498570,96.524888,extrusion,197,3375
-699.6100,-218.8310,-528.6000,0.500000,-0.500000,-0.500000,0.500000,900.0000,0.915270,96.524842,extrusion,197,3376
-735.5910,-182.8500,-528.6000,0.500000,-0.500000,-0.500000,0.500000,900.0000,5.457390,96.524881,extrusion,197,3377
-735.5910,-191.3840,-528.6000,0.500000,-0.500000,-0.500000,0.500000,900.0000,0.915270,96.524842,extrusion,197,3378
-699.6100,-227.3650,-528.6000,0.500000,-0.500000,-0.500000,0.500000,900.0000,5.457390,96.524881,extrusion,197,3379
-699.6100,-235.8990,-528.6000,0.500000,-0.500000,-0.500000,0.500000,900.0000,0.915270,96.524842,extrusion,197,3380
-710.6770,-224.8320,-528.6000,0.500000,-0.500000,-0.500000,0.500000,900.0000,1.678580,96.524963,extrusion,197,3381
-710.5880,-225.8410,-528.6000,0.500000,-0.500000,-0.500000,0.500000,900.0000,0.108640,96.529079,extrusion,197,3382
-710.6950,-227.0570,-528.6000,0.500000,-0.500000,-0.500000,0.500000,900.0000,0.130920,96.525058,extrusion,197,3383
-711.0660,-228.3680,-528.6000,0.500000,-0.500000,-0.500000,0.500000,900.0000,0.146130,96.527389,extrusion,197,3384
-711.5220,-229.3370,-528.6000,0.500000,-0.500000,-0.500000,0.500000,900.0000,0.114860,96.527068,extrusion,197,3385
-712.1440,-230.2360,-528.6000,0.500000,-0.500000,-0.500000,0.500000,900.0000,0.117250,96.528590,extrusion,197,3386
-712.9580,-231.0840,-528.6000,0.500000,-0.500000,-0.500000,0.500000,900.0000,0.126070,96.526683,extrusion,197,3387
-705.2120,-238.8310,-528.6000,0.500000,-0.500000,-0.500000,0.500000,900.0000,1.174940,96.524525,extrusion,197,3388
-713.7450,-238.8310,-528.6000,0.500000,-0.500000,-0.500000,0.500000,900.0000,0.915160,96.524552,extrusion,197,3389
-720.2650,-232.3110,-528.6000,0.500000,-0.500000,-0.500000,0.500000,900.0000,0.988920,96.525281,extrusion,197,3390
-721.2230,-231.8380,-528.6000,0.500000,-0.500000,-0.500000,0.500000,900.0000,0.114590,96.527843,extrusion,197,3391
-722.2090,-231.1180,-528.6000,0.500000,-0.500000,-0.500000,0.500000,900.0000,0.130940,96.523902,extrusion,197,3392
-723.0570,-230.2360,-528.6000,0.500000,-0.500000,-0.500000,0.500000,900.0000,0.131220,96.522282,extrusion,197,3393
-723.6800,-229.3350,-528.6000,0.500000,-0.500000,-0.500000,0.500000,900.0000,0.117480,96.522484,extrusion,197,3394
-724.0620,-228.5140,-528.6000,0.500000,-0.500000,-0.500000,0.500000,900.0000,0.097120,96.528048,extrusion,197,3395
-735.5910,-216.9850,-528.6000,0.500000,-0.500000,-0.500000,0.500000,900.0000,1.748650,96.524768,extrusion,197,3396
-735.5910,-208.4510,-528.6000,0.500000,-0.500000,-0.500000,0.500000,900.0000,0.915270,96.524842,extrusion,197,3397
-722.8440,-221.1980,-528.6000,0.500000,-0.500000,-0.500000,0.500000,900.0000,1.933390,96.524819,extrusion,197,3398
-721.9970,-220.3850,-528.6000,0.500000,-0.500000,-0.500000,0.500000,900.0000,0.125920,96.527944,extrusion,197,3399
-721.1360,-219.7850,-528.6000,0.500000,-0.500000,-0.500000,0.500000,900.0000,0.112550,96.523053,extrusion,197,3400
-720.0320,-219.2630,-528.6000,0.500000,-0.500000,-0.500000,0.500000,900.0000,0.130970,96.523226,extrusion,197,3401
-718.8160,-218.9340,-528.6000,0.500000,-0.500000,-0.500000,0.500000,900.0000,0.135100,96.521373,extrusion,197,3402
-717.6010,-218.8280,-528.6000,0.500000,-0.500000,-0.500000,0.500000,900.0000,0.130800,96.522255,extrusion,197,3403
-716.5930,-218.9160,-528.6000,0.500000,-0.500000,-0.500000,0.500000,900.0000,0.108520,96.525717,extrusion,197,3404
-735.8630,-199.6460,-528.6000,0.500000,-0.500000,-0.500000,0.500000,900.0000,2.922760,96.524809,extrusion,197,3405
-717.5750,-182.2450,-528.6000,0.500000,-0.500000,-0.500000,0.500000,900.0000,0.000000,0.000000,travel,198,3407
-716.4630,-182.1430,-528.6000,0.500000,-0.500000,-0.500000,0.500000,1500.0000,0.119760,160.871412,extrusion,199,3411
-715.2940,-181.8030,-528.6000,0.500000,-0.500000,-0.500000,0.500000,1500.0000,0.130570,160.874412,extrusion,199,3412
-714.2920,-181.3200,-528.6000,0.500000,-0.500000,-0.500000,0.500000,1500.0000,0.119300,160.877543,extrusion,199,3413
-713.4630,-180.7290,-528.6000,0.500000,-0.500000,-0.500000,0.500000,1500.0000,0.109190,160.873631,extrusion,199,3414
-712.6170,-179.8580,-528.6000,0.500000,-0.500000,-0.500000,0.500000,1500.0000,0.130220,160.867244,extrusion,199,3415
-712.0420,-179.0210,-528.6000,0.500000,-0.500000,-0.500000,0.500000,1500.0000,0.108910,160.875099,extrusion,199,3416
-711.5920,-178.0570,-528.6000,0.500000,-0.500000,-0.500000,0.500000,1500.0000,0.114100,160.876580,extrusion,199,3417
-711.2980,-176.9790,-528.6000,0.500000,-0.500000,-0.500000,0.500000,1500.0000,0.119840,160.877500,extrusion,199,3418
-711.1960,-175.8140,-528.6000,0.500000,-0.500000,-0.500000,0.500000,1500.0000,0.125420,160.869571,extrusion,199,3419
-711.2990,-174.6990,-528.6000,0.500000,-0.500000,-0.500000,0.500000,1500.0000,0.120090,160.871119,extrusion,199,3420
-711.6390,-173.5330,-528.6000,0.500000,-0.500000,-0.500000,0.500000,1500.0000,0.130260,160.873073,extrusion,199,3421
-712.1210,-172.5310,-528.6000,0.500000,-0.500000,-0.500000,0.500000,1500.0000,0.119250,160.872864,extrusion,199,3422
-712.7120,-171.7030,-528.6000,0.500000,-0.500000,-0.500000,0.500000,1500.0000,0.109290,161.149824,extrusion,199,3424
-713.5910,-170.8610,-528.6000,0.500000,-0.500000,-0.500000,0.500000,1500.0000,0.130550,160.879948,extrusion,199,3426
-714.5170,-170.2410,-528.6000,0.500000,-0.500000,-0.500000,0.500000,1500.0000,0.116230,156.448131,extrusion,199,3428
-715.5300,-169.7830,-528.6000,0.500000,-0.500000,-0.500000,0.500000,1500.0000,0.119230,160.871584,extrusion,199,3430
-716.5150,-169.5290,-528.6000,0.500000,-0.500000,-0.500000,0.500000,1500.0000,0.109090,160.864559,extrusion,199,3431
-717.6260,-169.4360,-528.6000,0.500000,-0.500000,-0.500000,0.500000,1500.0000,0.119570,160.873002,extrusion,199,3432
-718.5920,-169.5160,-528.6000,0.500000,-0.500000,-0.500000,0.500000,1500.0000,0.103960,160.877828,extrusion,199,3433
-719.0880,-169.6330,-528.6000,0.500000,-0.500000,-0.500000,0.500000,1500.0000,0.054650,160.857483,extrusion,199,3434
-719.9080,-169.8780,-528.6000,0.500000,-0.500000,-0.500000,0.500000,1500.0000,0.089990,157.726233,extrusion,199,3436
-720.9080,-170.3700,-528.6000,0.500000,-0.500000,-0.500000,0.500000,1500.0000,0.116240,156.449750,extrusion,199,3438
-721.8110,-171.0190,-528.6000,0.500000,-0.500000,-0.500000,0.500000,1500.0000,0.119260,160.868009,extrusion,199,3440
-722.5270,-171.7480,-528.6000,0.500000,-0.500000,-0.500000,0.500000,1500.0000,0.109580,160.861506,extrusion,199,3441
-723.2010,-172.7560,-528.6000,0.500000,-0.500000,-0.500000,0.500000,1500.0000,0.130040,160.864174,extrusion,199,3442
-723.6580,-173.7700,-528.6000,0.500000,-0.500000,-0.500000,0.500000,1500.0000,0.119280,160.866695,extrusion,199,3443
-723.9120,-174.7540,-528.6000,0.500000,-0.500000,-0.500000,0.500000,1500.0000,0.108990,160.870231,extrusion,199,3444
-724.0050,-175.8670,-528.6000,0.500000,-0.500000,-0.500000,0.500000,1500.0000,0.119780,160.867964,extrusion,199,3445
-723.9030,-176.9790,-528.6000,0.500000,-0.500000,-0.500000,0.500000,1500.0000,0.119760,160.871412,extrusion,199,3446
-723.6280,-178.0070,-528.6000,0.500000,-0.500000,-0.500000,0.500000,1500.0000,0.114120,160.861223,extrusion,199,3447
-723.1600,-179.0210,-528.6000,0.500000,-0.500000,-0.500000,0.500000,1500.0000,0.119770,160.867301,extrusion,199,3448
-722.4140,-180.0480,-528.6000,0.500000,-0.500000,-0.500000,0.500000,1500.0000,0.136130,160.866018,extrusion,199,3449
-721.6190,-180.8240,-528.6000,0.500000,-0.500000,-0.500000,0.500000,1500.0000,0.119140,160.862905,extrusion,199,3450
-720.8100,-181.3830,-528.6000,0.500000,-0.500000,-0.500000,0.500000,1500.0000,0.105460,160.869726,extrusion,199,3451
-719.6710,-181.8980,-528.6000,0.500000,-0.500000,-0.500000,0.500000,1500.0000,0.137560,165.069570,extrusion,199,3453
-718.6840,-182.1530,-528.6000,0.500000,-0.500000,-0.500000,0.500000,1500.0000,0.109330,160.872678,extrusion,199,3455
-717.8750,-182.2230,-528.6000,0.500000,-0.500000,-0.500000,0.500000,1500.0000,0.087090,160.876028,extrusion,199,3456
-699.3390,-184.9680,-528.6000,0.500000,-0.500000,-0.500000,0.500000,900.0000,0.000000,0.000000,travel,200,3459
-711.1300,-173.1760,-528.6000,0.500000,-0.500000,-0.500000,0.500000,900.0000,1.788470,96.525068,extrusion,201,3462
-710.9700,-173.5760,-528.6000,0.500000,-0.500000,-0.500000,0.500000,900.0000,0.046200,96.515152,extrusion,201,3463
-710.6950,-174.6240,-528.6000,0.500000,-0.500000,-0.500000,0.500000,900.0000,0.116200,96.522313,extrusion,201,3464
-710.5880,-175.8410,-528.6000,0.500000,-0.500000,-0.500000,0.500000,900.0000,0.131030,96.527387,extrusion,201,3465
-710.6950,-177.0590,-528.6000,0.500000,-0.500000,-0.500000,0.500000,900.0000,0.131130,96.522352,extrusion,201,3466
-711.0120,-178.2400,-528.6000,0.500000,-0.500000,-0.500000,0.500000,900.0000,0.131150,96.528131,extrusion,201,3467
-711.5280,-179.3460,-528.6000,0.500000,-0.500000,-0.500000,0.500000,900.0000,0.130890,96.522795,extrusion,201,3468
-712.3570,-180.4830,-528.6000,0.500000,-0.500000,-0.500000,0.500000,900.0000,0.150910,96.522117,extrusion,201,3469
-699.6100,-193.2300,-528.6000,0.500000,-0.500000,-0.500000,0.500000,900.0000,1.933390,96.524819,extrusion,201,3470
-699.6100,-201.7640,-528.6000,0.500000,-0.500000,-0.500000,0.500000,900.0000,0.915270,96.524842,extrusion,201,3471
-718.6090,-182.7650,-528.6000,0.500000,-0.500000,-0.500000,0.500000,900.0000,2.881660,96.524933,extrusion,201,3472
-719.8650,-182.4710,-528.6000,0.500000,-0.500000,-0.500000,0.500000,900.0000,0.138350,96.526968,extrusion,201,3473
-721.1370,-181.8960,-528.6000,0.500000,-0.500000,-0.500000,0.500000,900.0000,0.149710,96.523035,extrusion,201,3474
-721.9970,-181.2960,-528.6000,0.500000,-0.500000,-0.500000,0.500000,900.0000,0.112460,96.521313,extrusion,201,3475
-722.8780,-180.4490,-528.6000,0.500000,-0.500000,-0.500000,0.500000,900.0000,0.131070,96.523490,extrusion,201,3476
-723.6740,-179.3460,-528.6000,0.500000,-0.500000,-0.500000,0.500000,900.0000,0.145880,96.521929,extrusion,201,3477
-724.1900,-178.2400,-528.6000,0.500000,-0.500000,-0.500000,0.500000,900.0000,0.130890,96.522795,extrusion,201,3478
-724.5250,-176.8490,-528.6000,0.500000,-0.500000,-0.500000,0.500000,900.0000,0.153450,96.524872,extrusion,201,3479
-735.5910,-165.7820,-528.6000,0.500000,-0.500000,-0.500000,0.500000,900.0000,1.678500,96.524724,extrusion,201,3480
-735.5910,-162.8500,-528.6000,0.500000,-0.500000,-0.500000,0.500000,900.0000,0.314460,96.525921,extrusion,201,3481
-729.9900,-162.8500,-528.6000,0.500000,-0.500000,-0.500000,0.500000,900.0000,0.600710,96.525442,extrusion,201,3482
-722.2430,-170.5970,-528.6000,0.500000,-0.500000,-0.500000,0.500000,900.0000,1.175020,96.524868,extrusion,201,3483
-720.9840,-169.7050,-528.6000,0.500000,-0.500000,-0.500000,0.500000,900.0000,0.165480,96.523171,extrusion,201,3484
-719.8670,-169.2110,-528.6000,0.500000,-0.500000,-0.500000,0.500000,900.0000,0.130990,96.524213,extrusion,201,3485
-718.6790,-168.9180,-528.6000,0.500000,-0.500000,-0.500000,0.500000,900.0000,0.131230,96.524319,extrusion,201,3486
-717.5990,-168.8280,-528.6000,0.500000,-0.500000,-0.500000,0.500000,900.0000,0.116230,96.523761,extrusion,201,3487
-716.3860,-168.9340,-528.6000,0.500000,-0.500000,-0.500000,0.500000,900.0000,0.130590,96.524976,extrusion,201,3488
-715.3360,-169.2100,-528.6000,0.500000,-0.500000,-0.500000,0.500000,900.0000,0.116440,96.526706,extrusion,201,3489
-714.9360,-169.3700,-528.6000,0.500000,-0.500000,-0.500000,0.500000,900.0000,0.046200,96.515152,extrusion,201,3490
-721.4560,-162.8500,-528.6000,0.500000,-0.500000,-0.500000,0.500000,900.0000,0.988920,96.525281,extrusion,201,3491
-712.9230,-162.8500,-528.6000,0.500000,-0.500000,-0.500000,0.500000,900.0000,0.915160,96.524552,extrusion,201,3492
-699.6100,-176.1620,-528.6000,0.500000,-0.500000,-0.500000,0.500000,900.0000,2.019160,96.524736,extrusion,201,3493
-699.6100,-167.6290,-528.6000,0.500000,-0.500000,-0.500000,0.500000,900.0000,0.915160,96.524552,extrusion,201,3494
-704.6600,-162.5780,-528.6000,0.500000,-0.500000,-0.500000,0.500000,900.0000,0.766030,96.524800,extrusion,201,3495
-735.8630,-225.2470,-528.6000,0.500000,-0.500000,-0.500000,0.500000,900.0000,0.000000,0.000000,travel,202,3497
-722.2790,-238.8310,-528.6000,0.500000,-0.500000,-0.500000,0.500000,900.0000,2.060340,96.524761,extrusion,203,3498
-730.8130,-238.8310,-528.6000,0.500000,-0.500000,-0.500000,0.500000,900.0000,0.915270,96.524842,extrusion,203,3499
-735.8630,-233.7810,-528.6000,0.500000,-0.500000,-0.500000,0.500000,900.0000,0.765950,96.524276,extrusion,203,3500
-717.7270,-232.2410,-528.6000,0.500000,-0.500000,-0.500000,0.500000,900.0000,0.000000,0.000000,travel,204,3502
-717.2860,-232.2180,-528.6000,0.500000,-0.500000,-0.500000,0.500000,1500.0000,0.047360,160.869796,extrusion,205,3506
-716.3640,-232.1130,-528.6000,0.500000,-0.500000,-0.500000,0.500000,1500.0000,0.097350,157.361378,extrusion,205,3508
-715.2940,-231.8030,-528.6000,0.500000,-0.500000,-0.500000,0.500000,1500.0000,0.116190,156.449479,extrusion,205,3510
-714.2930,-231.3120,-528.6000,0.500000,-0.500000,-0.500000,0.500000,1500.0000,0.116290,156.452944,extrusion,205,3511
-713.3940,-230.6540,-528.6000,0.500000,-0.500000,-0.500000,0.500000,1500.0000,0.116200,156.452543,extrusion,205,3512
-712.6170,-229.8580,-528.6000,0.500000,-0.500000,-0.500000,0.500000,1500.0000,0.119290,160.860678,extrusion,205,3514
-712.0340,-229.0070,-528.6000,0.500000,-0.500000,-0.500000,0.500000,1500.0000,0.110630,160.869974,extrusion,205,3515
-711.5430,-227.9110,-528.6000,0.500000,-0.500000,-0.500000,0.500000,1500.0000,0.128790,160.859255,extrusion,205,3516
-711.2890,-226.9280,-528.6000,0.500000,-0.500000,-0.500000,0.500000,1500.0000,0.108880,160.861129,extrusion,205,3517
-711.1960,-225.8140,-528.6000,0.500000,-0.500000,-0.500000,0.500000,1500.0000,0.119880,160.858741,extrusion,205,3518
-711.2980,-224.7020,-528.6000,0.500000,-0.500000,-0.500000,0.500000,1500.0000,0.119760,160.871412,extrusion,205,3519
-711.5920,-223.6250,-528.6000,0.500000,-0.500000,-0.500000,0.500000,1500.0000,0.119730,160.868725,extrusion,205,3520
-712.0670,-222.6150,-528.6000,0.500000,-0.500000,-0.500000,0.500000,1500.0000,0.119700,160.869725,extrusion,205,3521
-712.6240,-221.8260,-528.6000,0.500000,-0.500000,-0.500000,0.500000,1500.0000,0.106150,164.863294,extrusion,205,3523
-712.7880,-221.6340,-528.6000,0.500000,-0.500000,-0.500000,0.500000,1500.0000,0.027750,164.846637,extrusion,205,3524
-713.5900,-220.8600,-528.6000,0.500000,-0.500000,-0.500000,0.500000,1500.0000,0.117020,157.485874,extrusion,205,3526
-714.5150,-220.2360,-528.6000,0.500000,-0.500000,-0.500000,0.500000,1500.0000,0.121230,162.973320,extrusion,205,3528
-715.5300,-219.7830,-528.6000,0.500000,-0.500000,-0.500000,0.500000,1500.0000,0.119200,160.863584,extrusion,205,3530
-716.5180,-219.5280,-528.6000,0.500000,-0.500000,-0.500000,0.500000,1500.0000,0.109430,160.867030,extrusion,205,3531
-717.6270,-219.4360,-528.6000,0.500000,-0.500000,-0.500000,0.500000,1500.0000,0.119340,160.863112,extrusion,205,3532
-718.7360,-219.5380,-528.6000,0.500000,-0.500000,-0.500000,0.500000,1500.0000,0.119440,160.871943,extrusion,205,3533
-719.8470,-219.8430,-528.6000,0.500000,-0.500000,-0.500000,0.500000,1500.0000,0.123560,160.870750,extrusion,205,3534
-720.8570,-220.3260,-528.6000,0.500000,-0.500000,-0.500000,0.500000,1500.0000,0.120070,160.872878,extrusion,205,3535
-721.8080,-221.0270,-528.6000,0.500000,-0.500000,-0.500000,0.500000,1500.0000,0.126700,160.862927,extrusion,205,3536
-722.5850,-221.8230,-528.6000,0.500000,-0.500000,-0.500000,0.500000,1500.0000,0.119300,160.874162,extrusion,205,3537
-723.1610,-222.6630,-528.6000,0.500000,-0.500000,-0.500000,0.500000,1500.0000,0.109230,160.866308,extrusion,205,3538
-723.6580,-223.7700,-528.6000,0.500000,-0.500000,-0.500000,0.500000,1500.0000,0.130140,160.872053,extrusion,205,3539
-723.9120,-224.7540,-528.6000,0.500000,-0.500000,-0.500000,0.500000,1500.0000,0.108990,160.870231,extrusion,205,3540
-724.0050,-225.8670,-528.6000,0.500000,-0.500000,-0.500000,0.500000,1500.0000,0.119780,160.867964,extrusion,205,3541
-723.9030,-226.9790,-528.6000,0.500000,-0.500000,-0.500000,0.500000,1500.0000,0.119760,160.871412,extrusion,205,3542
-723.6100,-228.0560,-528.6000,0.500000,-0.500000,-0.500000,0.500000,1500.0000,0.119700,160.866303,extrusion,205,3543
-723.1380,-229.0590,-528.6000,0.500000,-0.500000,-0.500000,0.500000,1500.0000,0.118880,160.864677,extrusion,205,3544
-722.4180,-230.0440,-528.6000,0.500000,-0.500000,-0.500000,0.500000,1500.0000,0.130850,160.868989,extrusion,205,3545
-721.9980,-230.4710,-528.6000,0.500000,-0.500000,-0.500000,0.500000,1500.0000,0.063720,159.581956,extrusion,205,3547
-721.4830,-230.9110,-528.6000,0.500000,-0.500000,-0.500000,0.500000,1500.0000,0.072060,159.573944,extrusion,205,3548
-720.6850,-231.4400,-528.6000,0.500000,-0.500000,-0.500000,0.500000,1500.0000,0.100360,157.235760,extrusion,205,3550
-719.6710,-231.8980,-528.6000,0.500000,-0.500000,-0.500000,0.500000,1500.0000,0.119330,160.874642,extrusion,205,3552
-718.6870,-232.1520,-528.6000,0.500000,-0.500000,-0.500000,0.500000,1500.0000,0.108990,160.870231,extrusion,205,3553
-718.0270,-232.2130,-528.6000,0.500000,-0.500000,-0.500000,0.500000,1500.0000,0.071090,160.882495,extrusion,205,3554
-699.3080,-239.4350,-528.6000,0.500000,-0.500000,-0.500000,0.500000,900.0000,0.000000,0.000000,travel,206,3557
-699.2250,-239.4170,-528.6000,0.500000,-0.500000,-0.500000,0.500000,1500.0000,0.009630,170.082480,extrusion,207,3560
-699.1420,-239.4000,-528.6000,0.500000,-0.500000,-0.500000,0.500000,1500.0000,0.010130,179.349007,extrusion,207,3562
-699.0590,-239.3830,-528.6000,0.500000,-0.500000,-0.500000,0.500000,1500.0000,0.010650,188.555472,extrusion,207,3564
-699.0410,-239.3000,-528.6000,0.500000,-0.500000,-0.500000,0.500000,1500.0000,0.010670,188.450682,extrusion,207,3565
-699.0240,-239.2160,-528.6000,0.500000,-0.500000,-0.500000,0.500000,1500.0000,0.010240,179.223649,extrusion,207,3567
-699.0070,-239.1330,-528.6000,0.500000,-0.500000,-0.500000,0.500000,1500.0000,0.009610,170.142543,extrusion,207,3569
-699.0070,-162.5480,-528.6000,0.500000,-0.500000,-0.500000,0.500000,1500.0000,8.213570,160.871646,extrusion,207,3571
-699.0240,-162.4650,-528.6000,0.500000,-0.500000,-0.500000,0.500000,1500.0000,0.009610,170.142543,extrusion,207,3573
-699.0410,-162.3820,-528.6000,0.500000,-0.500000,-0.500000,0.500000,1500.0000,0.010130,179.349007,extrusion,207,3575
-699.0590,-162.2980,-528.6000,0.500000,-0.500000,-0.500000,0.500000,1500.0000,0.010790,188.401572,extrusion,207,3577
-699.1570,-162.2740,-528.6000,0.500000,-0.500000,-0.500000,0.500000,1500.0000,0.012680,188.510968,extrusion,207,3578
-699.2560,-162.2490,-528.6000,0.500000,-0.500000,-0.500000,0.500000,1500.0000,0.011930,175.255979,extrusion,207,3580
-699.3080,-162.2470,-528.6000,0.500000,-0.500000,-0.500000,0.500000,1500.0000,0.005620,161.995610,extrusion,207,3582
-735.8930,-162.2470,-528.6000,0.500000,-0.500000,-0.500000,0.500000,1500.0000,3.923660,160.871669,extrusion,207,3584
-735.9760,-162.2640,-528.6000,0.500000,-0.500000,-0.500000,0.500000,1500.0000,0.009610,170.142543,extrusion,207,3586
-736.0600,-162.2810,-528.6000,0.500000,-0.500000,-0.500000,0.500000,1500.0000,0.010240,179.223649,extrusion,207,3588
-736.1430,-162.2980,-528.6000,0.500000,-0.500000,-0.500000,0.500000,1500.0000,0.010650,188.555472,extrusion,207,3590
-736.1600,-162.3820,-528.6000,0.500000,-0.500000,-0.500000,0.500000,1500.0000,0.010770,188.499873,extrusion,207,3591
-736.1780,-162.4650,-528.6000,0.500000,-0.500000,-0.500000,0.500000,1500.0000,0.010150,179.266581,extrusion,207,3593
-736.1950,-162.5480,-528.6000,0.500000,-0.500000,-0.500000,0.500000,1500.0000,0.009610,170.142543,extrusion,207,3595
-736.1950,-239.1330,-528.6000,0.500000,-0.500000,-0.500000,0.500000,1500.0000,8.213630,160.872821,extrusion,207,3597
-736.1780,-239.2160,-528.6000,0.500000,-0.500000,-0.500000,0.500000,1500.0000,0.009610,170.142543,extrusion,207,3599
-736.1600,-239.3000,-528.6000,0.500000,-0.500000,-0.500000,0.500000,1500.0000,0.010270,179.321978,extrusion,207,3601
-736.1430,-239.3830,-528.6000,0.500000,-0.500000,-0.500000,0.500000,1500.0000,0.010650,188.555472,extrusion,207,3603
-736.0600,-239.4000,-528.6000,0.500000,-0.500000,-0.500000,0.500000,1500.0000,0.010650,188.555472,extrusion,207,3604
-735.9760,-239.4170,-528.6000,0.500000,-0.500000,-0.500000,0.500000,1500.0000,0.010240,179.223649,extrusion,207,3606
-735.8930,-239.4350,-528.6000,0.500000,-0.500000,-0.500000,0.500000,1500.0000,0.009630,170.082480,extrusion,207,3608
-699.6100,-239.4350,-528.6000,0.500000,-0.500000,-0.500000,0.500000,1500.0000,3.891300,160.872861,extrusion,207,3610
-720.2190,-170.5180,-528.1500,0.500000,-0.500000,-0.500000,0.500000,900.0000,0.000000,0.000000,travel,208,3616
-720.5080,-170.6480,-528.1500,0.500000,-0.500000,-0.500000,0.500000,900.0000,0.033990,96.534245,extrusion,209,3619
-721.3650,-171.2320,-528.1500,0.500000,-0.500000,-0.500000,0.500000,900.0000,0.111230,96.529094,extrusion,209,3620
-722.1080,-171.9550,-528.1500,0.500000,-0.500000,-0.500000,0.500000,900.0000,0.111190,96.527010,extrusion,209,3621
-722.7140,-172.7970,-528.1500,0.500000,-0.500000,-0.500000,0.500000,900.0000,0.111260,96.523947,extrusion,209,3622
-723.1650,-173.7310,-528.1500,0.500000,-0.500000,-0.500000,0.500000,900.0000,0.111240,96.526464,extrusion,209,3623
-723.4470,-174.7300,-528.1500,0.500000,-0.500000,-0.500000,0.500000,900.0000,0.111330,96.525274,extrusion,209,3624
-723.5510,-175.7620,-528.1500,0.500000,-0.500000,-0.500000,0.500000,900.0000,0.111240,96.522741,extrusion,209,3625
-723.4740,-176.7960,-528.1500,0.500000,-0.500000,-0.500000,0.500000,900.0000,0.111200,96.521907,extrusion,209,3626
-723.2190,-177.8020,-528.1500,0.500000,-0.500000,-0.500000,0.500000,900.0000,0.111310,96.528719,extrusion,209,3627
-722.7930,-178.7470,-528.1500,0.500000,-0.500000,-0.500000,0.500000,900.0000,0.111170,96.522087,extrusion,209,3628
-722.2100,-179.6050,-528.1500,0.500000,-0.500000,-0.500000,0.500000,900.0000,0.111250,96.521863,extrusion,209,3629
-721.4860,-180.3480,-528.1500,0.500000,-0.500000,-0.500000,0.500000,900.0000,0.111260,96.522826,extrusion,209,3630
-720.6440,-180.9540,-528.1500,0.500000,-0.500000,-0.500000,0.500000,900.0000,0.111260,96.523947,extrusion,209,3631
-719.7100,-181.4050,-528.1500,0.500000,-0.500000,-0.500000,0.500000,900.0000,0.111240,96.526464,extrusion,209,3632
-718.7120,-181.6870,-528.1500,0.500000,-0.500000,-0.500000,0.500000,900.0000,0.111230,96.528062,extrusion,209,3633
-717.6800,-181.7910,-528.1500,0.500000,-0.500000,-0.500000,0.500000,900.0000,0.111240,96.522741,extrusion,209,3634
-716.6450,-181.7140,-528.1500,0.500000,-0.500000,-0.500000,0.500000,900.0000,0.111310,96.524552,extrusion,209,3635
-715.6400,-181.4590,-528.1500,0.500000,-0.500000,-0.500000,0.500000,900.0000,0.111200,96.523479,extrusion,209,3636
-714.6940,-181.0330,-528.1500,0.500000,-0.500000,-0.500000,0.500000,900.0000,0.111270,96.524012,extrusion,209,3637
-713.8370,-180.4490,-528.1500,0.500000,-0.500000,-0.500000,0.500000,900.0000,0.111230,96.529094,extrusion,209,3638
-713.0930,-179.7260,-528.1500,0.500000,-0.500000,-0.500000,0.500000,900.0000,0.111260,96.521032,extrusion,209,3639
-712.4870,-178.8840,-528.1500,0.500000,-0.500000,-0.500000,0.500000,900.0000,0.111260,96.523947,extrusion,209,3640
-712.0360,-177.9500,-528.1500,0.500000,-0.500000,-0.500000,0.500000,900.0000,0.111240,96.526464,extrusion,209,3641
-711.7550,-176.9520,-528.1500,0.500000,-0.500000,-0.500000,0.500000,900.0000,0.111200,96.527295,extrusion,209,3642
-711.6510,-175.9190,-528.1500,0.500000,-0.500000,-0.500000,0.500000,900.0000,0.111350,96.525595,extrusion,209,3643
-711.7270,-174.8850,-528.1500,0.500000,-0.500000,-0.500000,0.500000,900.0000,0.111200,96.528776,extrusion,209,3644
-711.9820,-173.8800,-528.1500,0.500000,-0.500000,-0.500000,0.500000,900.0000,0.111200,96.523479,extrusion,209,3645
-712.4080,-172.9340,-528.1500,0.500000,-0.500000,-0.500000,0.500000,900.0000,0.111270,96.524012,extrusion,209,3646
-712.9920,-172.0760,-528.1500,0.500000,-0.500000,-0.500000,0.500000,900.0000,0.111310,96.521595,extrusion,209,3647
-713.7160,-171.3330,-528.1500,0.500000,-0.500000,-0.500000,0.500000,900.0000,0.111260,96.522826,extrusion,209,3648
-714.5570,-170.7270,-528.1500,0.500000,-0.500000,-0.500000,0.500000,900.0000,0.111170,96.521368,extrusion,209,3649
-715.4920,-170.2760,-528.1500,0.500000,-0.500000,-0.500000,0.500000,900.0000,0.111330,96.520750,extrusion,209,3650
-716.4900,-169.9950,-528.1500,0.500000,-0.500000,-0.500000,0.500000,900.0000,0.111200,96.527295,extrusion,209,3651
-717.5220,-169.8900,-528.1500,0.500000,-0.500000,-0.500000,0.500000,900.0000,0.111250,96.522043,extrusion,209,3652
-718.5560,-169.9670,-528.1500,0.500000,-0.500000,-0.500000,0.500000,900.0000,0.111200,96.521907,extrusion,209,3653
-719.5620,-170.2220,-528.1500,0.500000,-0.500000,-0.500000,0.500000,900.0000,0.111310,96.528719,extrusion,209,3654
-720.2190,-170.5180,-528.1500,0.500000,-0.500000,-0.500000,0.500000,900.0000,0.077280,96.519508,extrusion,209,3655
-719.9670,-171.0640,-528.1500,0.500000,-0.500000,-0.500000,0.500000,900.0000,0.000000,0.000000,travel,210,3656
-720.2530,-171.1950,-528.1500,0.500000,-0.500000,-0.500000,0.500000,900.0000,0.033740,96.530449,extrusion,211,3658
-721.0190,-171.7260,-528.1500,0.500000,-0.500000,-0.500000,0.500000,900.0000,0.099960,96.522730,extrusion,211,3659
-721.6810,-172.3820,-528.1500,0.500000,-0.500000,-0.500000,0.500000,900.0000,0.099950,96.520685,extrusion,211,3660
-722.2200,-173.1430,-528.1500,0.500000,-0.500000,-0.500000,0.500000,900.0000,0.100020,96.529289,extrusion,211,3661
-722.6180,-173.9860,-528.1500,0.500000,-0.500000,-0.500000,0.500000,900.0000,0.099980,96.523378,extrusion,211,3662
-722.8640,-174.8860,-528.1500,0.500000,-0.500000,-0.500000,0.500000,900.0000,0.100070,96.529050,extrusion,211,3663
-722.9500,-175.8140,-528.1500,0.500000,-0.500000,-0.500000,0.500000,900.0000,0.099950,96.520685,extrusion,211,3664
-722.8730,-176.7440,-528.1500,0.500000,-0.500000,-0.500000,0.500000,900.0000,0.100080,96.521345,extrusion,211,3665
-722.6360,-177.6450,-528.1500,0.500000,-0.500000,-0.500000,0.500000,900.0000,0.099920,96.525615,extrusion,211,3666
-722.2460,-178.4920,-528.1500,0.500000,-0.500000,-0.500000,0.500000,900.0000,0.100010,96.527019,extrusion,211,3667
-721.7150,-179.2590,-528.1500,0.500000,-0.500000,-0.500000,0.500000,900.0000,0.100050,96.524506,extrusion,211,3668
-721.0590,-179.9210,-528.1500,0.500000,-0.500000,-0.500000,0.500000,900.0000,0.099950,96.520685,extrusion,211,3669
-720.2980,-180.4600,-528.1500,0.500000,-0.500000,-0.500000,0.500000,900.0000,0.100020,96.529289,extrusion,211,3670
-719.4550,-180.8580,-528.1500,0.500000,-0.500000,-0.500000,0.500000,900.0000,0.099980,96.523378,extrusion,211,3671
-718.5560,-181.1040,-528.1500,0.500000,-0.500000,-0.500000,0.500000,900.0000,0.099960,96.522730,extrusion,211,3672
-717.6270,-181.1900,-528.1500,0.500000,-0.500000,-0.500000,0.500000,900.0000,0.100060,96.523783,extrusion,211,3673
-716.6980,-181.1130,-528.1500,0.500000,-0.500000,-0.500000,0.500000,900.0000,0.099980,96.527987,extrusion,211,3674
-715.7960,-180.8760,-528.1500,0.500000,-0.500000,-0.500000,0.500000,900.0000,0.100020,96.522019,extrusion,211,3675
-714.9490,-180.4860,-528.1500,0.500000,-0.500000,-0.500000,0.500000,900.0000,0.100010,96.527019,extrusion,211,3676
-714.1830,-179.9550,-528.1500,0.500000,-0.500000,-0.500000,0.500000,900.0000,0.099960,96.522730,extrusion,211,3677
-713.5200,-179.2990,-528.1500,0.500000,-0.500000,-0.500000,0.500000,900.0000,0.100030,96.524345,extrusion,211,3678
-712.9820,-178.5380,-528.1500,0.500000,-0.500000,-0.500000,0.500000,900.0000,0.099950,96.521518,extrusion,211,3679
-712.5830,-177.6950,-528.1500,0.500000,-0.500000,-0.500000,0.500000,900.0000,0.100030,96.527397,extrusion,211,3680
-712.3380,-176.7950,-528.1500,0.500000,-0.500000,-0.500000,0.500000,900.0000,0.100040,96.527337,extrusion,211,3681
-712.2520,-175.8670,-528.1500,0.500000,-0.500000,-0.500000,0.500000,900.0000,0.099950,96.520685,extrusion,211,3682
-712.3280,-174.9380,-528.1500,0.500000,-0.500000,-0.500000,0.500000,900.0000,0.099970,96.526831,extrusion,211,3683
-712.5650,-174.0360,-528.1500,0.500000,-0.500000,-0.500000,0.500000,900.0000,0.100020,96.522019,extrusion,211,3684
-712.9550,-173.1890,-528.1500,0.500000,-0.500000,-0.500000,0.500000,900.0000,0.100010,96.527019,extrusion,211,3685
-713.4860,-172.4220,-528.1500,0.500000,-0.500000,-0.500000,0.500000,900.0000,0.100050,96.524506,extrusion,211,3686
-714.1420,-171.7600,-528.1500,0.500000,-0.500000,-0.500000,0.500000,900.0000,0.099950,96.520685,extrusion,211,3687
-714.9030,-171.2210,-528.1500,0.500000,-0.500000,-0.500000,0.500000,900.0000,0.100020,96.529289,extrusion,211,3688
-715.7470,-170.8230,-528.1500,0.500000,-0.500000,-0.500000,0.500000,900.0000,0.100080,96.526278,extrusion,211,3689
-716.6460,-170.5770,-528.1500,0.500000,-0.500000,-0.500000,0.500000,900.0000,0.099960,96.522730,extrusion,211,3690
-717.5740,-170.4920,-528.1500,0.500000,-0.500000,-0.500000,0.500000,900.0000,0.099940,96.520530,extrusion,211,3691
-718.5040,-170.5680,-528.1500,0.500000,-0.500000,-0.500000,0.500000,900.0000,0.100070,96.520180,extrusion,211,3692
-719.4060,-170.8050,-528.1500,0.500000,-0.500000,-0.500000,0.500000,900.0000,0.100020,96.522019,extrusion,211,3693
-719.9670,-171.0640,-528.1500,0.500000,-0.500000,-0.500000,0.500000,900.0000,0.066270,96.525127,extrusion,211,3694
-715.2950,-220.3710,-528.1500,0.500000,-0.500000,-0.500000,0.500000,900.0000,0.000000,0.000000,travel,212,3696
-715.4920,-220.2760,-528.1500,0.500000,-0.500000,-0.500000,0.500000,900.0000,0.023460,96.538860,extrusion,213,3698
-716.4900,-219.9950,-528.1500,0.500000,-0.500000,-0.500000,0.500000,900.0000,0.111200,96.527295,extrusion,213,3699
-717.5220,-219.8900,-528.1500,0.500000,-0.500000,-0.500000,0.500000,900.0000,0.111250,96.522043,extrusion,213,3700
-718.5560,-219.9670,-528.1500,0.500000,-0.500000,-0.500000,0.500000,900.0000,0.111200,96.521907,extrusion,213,3701
-719.5620,-220.2220,-528.1500,0.500000,-0.500000,-0.500000,0.500000,900.0000,0.111310,96.528719,extrusion,213,3702
-720.5080,-220.6480,-528.1500,0.500000,-0.500000,-0.500000,0.500000,900.0000,0.111270,96.524012,extrusion,213,3703
-721.3650,-221.2320,-528.1500,0.500000,-0.500000,-0.500000,0.500000,900.0000,0.111230,96.529094,extrusion,213,3704
-722.1080,-221.9550,-528.1500,0.500000,-0.500000,-0.500000,0.500000,900.0000,0.111190,96.527010,extrusion,213,3705
-722.7140,-222.7970,-528.1500,0.500000,-0.500000,-0.500000,0.500000,900.0000,0.111260,96.523947,extrusion,213,3706
-723.1650,-223.7310,-528.1500,0.500000,-0.500000,-0.500000,0.500000,900.0000,0.111240,96.526464,extrusion,213,3707
-723.4470,-224.7300,-528.1500,0.500000,-0.500000,-0.500000,0.500000,900.0000,0.111330,96.525274,extrusion,213,3708
-723.5510,-225.7620,-528.1500,0.500000,-0.500000,-0.500000,0.500000,900.0000,0.111240,96.522741,extrusion,213,3709
-723.4740,-226.7960,-528.1500,0.500000,-0.500000,-0.500000,0.500000,900.0000,0.111200,96.521907,extrusion,213,3710
-723.2190,-227.8020,-528.1500,0.500000,-0.500000,-0.500000,0.500000,900.0000,0.111310,96.528719,extrusion,213,3711
-722.7930,-228.7470,-528.1500,0.500000,-0.500000,-0.500000,0.500000,900.0000,0.111170,96.522087,extrusion,213,3712
-722.2100,-229.6050,-528.1500,0.500000,-0.500000,-0.500000,0.500000,900.0000,0.111250,96.521863,extrusion,213,3713
-721.4860,-230.3480,-528.1500,0.500000,-0.500000,-0.500000,0.500000,900.0000,0.111260,96.522826,extrusion,213,3714
-720.6440,-230.9540,-528.1500,0.500000,-0.500000,-0.500000,0.500000,900.0000,0.111260,96.523947,extrusion,213,3715
-719.7100,-231.4050,-528.1500,0.500000,-0.500000,-0.500000,0.500000,900.0000,0.111240,96.526464,extrusion,213,3716
-718.7120,-231.6870,-528.1500,0.500000,-0.500000,-0.500000,0.500000,900.0000,0.111230,96.528062,extrusion,213,3717
-717.6800,-231.7910,-528.1500,0.500000,-0.500000,-0.500000,0.500000,900.0000,0.111240,96.522741,extrusion,213,3718
-716.6450,-231.7140,-528.1500,0.500000,-0.500000,-0.500000,0.500000,900.0000,0.111310,96.524552,extrusion,213,3719
-715.6400,-231.4590,-528.1500,0.500000,-0.500000,-0.500000,0.500000,900.0000,0.111200,96.523479,extrusion,213,3720
-714.6940,-231.0330,-528.1500,0.500000,-0.500000,-0.500000,0.500000,900.0000,0.111270,96.524012,extrusion,213,3721
-713.8370,-230.4490,-528.1500,0.500000,-0.500000,-0.500000,0.500000,900.0000,0.111230,96.529094,extrusion,213,3722
-713.0930,-229.7260,-528.1500,0.500000,-0.500000,-0.500000,0.500000,900.0000,0.111260,96.521032,extrusion,213,3723
-712.4870,-228.8840,-528.1500,0.500000,-0.500000,-0.500000,0.500000,900.0000,0.111260,96.523947,extrusion,213,3724
-712.0360,-227.9500,-528.1500,0.500000,-0.500000,-0.500000,0.500000,900.0000,0.111240,96.526464,extrusion,213,3725
-711.7550,-226.9520,-528.1500,0.500000,-0.500000,-0.500000,0.500000,900.0000,0.111200,96.527295,extrusion,213,3726
-711.6510,-225.9190,-528.1500,0.500000,-0.500000,-0.500000,0.500000,900.0000,0.111350,96.525595,extrusion,213,3727
-711.7270,-224.8850,-528.1500,0.500000,-0.500000,-0.500000,0.500000,900.0000,0.111200,96.528776,extrusion,213,3728
-711.9820,-223.8800,-528.1500,0.500000,-0.500000,-0.500000,0.500000,900.0000,0.111200,96.523479,extrusion,213,3729
-712.4080,-222.9340,-528.1500,0.500000,-0.500000,-0.500000,0.500000,900.0000,0.111270,96.524012,extrusion,213,3730
-712.9920,-222.0760,-528.1500,0.500000,-0.500000,-0.500000,0.500000,900.0000,0.111310,96.521595,extrusion,213,3731
-713.7160,-221.3330,-528.1500,0.500000,-0.500000,-0.500000,0.500000,900.0000,0.111260,96.522826,extrusion,213,3732
-714.5570,-220.7270,-528.1500,0.500000,-0.500000,-0.500000,0.500000,900.0000,0.111170,96.521368,extrusion,213,3733
-715.2950,-220.3710,-528.1500,0.500000,-0.500000,-0.500000,0.500000,900.0000,0.087880,96.526900,extrusion,213,3734
-715.5520,-220.9150,-528.1500,0.500000,-0.500000,-0.500000,0.500000,900.0000,0.000000,0.000000,travel,214,3735
-715.7470,-220.8230,-528.1500,0.500000,-0.500000,-0.500000,0.500000,900.0000,0.023120,96.506205,extrusion,215,3737
-716.6460,-220.5770,-528.1500,0.500000,-0.500000,-0.500000,0.500000,900.0000,0.099960,96.522730,extrusion,215,3738
-717.5740,-220.4920,-528.1500,0.500000,-0.500000,-0.500000,0.500000,900.0000,0.099940,96.520530,extrusion,215,3739
-718.5040,-220.5680,-528.1500,0.500000,-0.500000,-0.500000,0.500000,900.0000,0.100070,96.520180,extrusion,215,3740
-719.4060,-220.8050,-528.1500,0.500000,-0.500000,-0.500000,0.500000,900.0000,0.100020,96.522019,extrusion,215,3741
-720.2530,-221.1950,-528.1500,0.500000,-0.500000,-0.500000,0.500000,900.0000,0.100010,96.527019,extrusion,215,3742
-721.0190,-221.7260,-528.1500,0.500000,-0.500000,-0.500000,0.500000,900.0000,0.099960,96.522730,extrusion,215,3743
-721.6810,-222.3820,-528.1500,0.500000,-0.500000,-0.500000,0.500000,900.0000,0.099950,96.520685,extrusion,215,3744
-722.2200,-223.1430,-528.1500,0.500000,-0.500000,-0.500000,0.500000,900.0000,0.100020,96.529289,extrusion,215,3745
-722.6180,-223.9860,-528.1500,0.500000,-0.500000,-0.500000,0.500000,900.0000,0.099980,96.523378,extrusion,215,3746
-722.8640,-224.8860,-528.1500,0.500000,-0.500000,-0.500000,0.500000,900.0000,0.100070,96.529050,extrusion,215,3747
-722.9500,-225.8140,-528.1500,0.500000,-0.500000,-0.500000,0.500000,900.0000,0.099950,96.520685,extrusion,215,3748
-722.8730,-226.7440,-528.1500,0.500000,-0.500000,-0.500000,0.500000,900.0000,0.100080,96.521345,extrusion,215,3749
-722.6360,-227.6450,-528.1500,0.500000,-0.500000,-0.500000,0.500000,900.0000,0.099920,96.525615,extrusion,215,3750
-722.2460,-228.4920,-528.1500,0.500000,-0.500000,-0.500000,0.500000,900.0000,0.100010,96.527019,extrusion,215,3751
-721.7150,-229.2590,-528.1500,0.500000,-0.500000,-0.500000,0.500000,900.0000,0.100050,96.524506,extrusion,215,3752
-721.0590,-229.9210,-528.1500,0.500000,-0.500000,-0.500000,0.500000,900.0000,0.099950,96.520685,extrusion,215,3753
-720.2980,-230.4600,-528.1500,0.500000,-0.500000,-0.500000,0.500000,900.0000,0.100020,96.529289,extrusion,215,3754
-719.4550,-230.8580,-528.1500,0.500000,-0.500000,-0.500000,0.500000,900.0000,0.099980,96.523378,extrusion,215,3755
-718.5560,-231.1040,-528.1500,0.500000,-0.500000,-0.500000,0.500000,900.0000,0.099960,96.522730,extrusion,215,3756
-717.6270,-231.1900,-528.1500,0.500000,-0.500000,-0.500000,0.500000,900.0000,0.100060,96.523783,extrusion,215,3757
-716.6980,-231.1130,-528.1500,0.500000,-0.500000,-0.500000,0.500000,900.0000,0.099980,96.527987,extrusion,215,3758
-715.7960,-230.8760,-528.1500,0.500000,-0.500000,-0.500000,0.500000,900.0000,0.100020,96.522019,extrusion,215,3759
-714.9490,-230.4860,-528.1500,0.500000,-0.500000,-0.500000,0.500000,900.0000,0.100010,96.527019,extrusion,215,3760
-714.1830,-229.9550,-528.1500,0.500000,-0.500000,-0.500000,0.500000,900.0000,0.099960,96.522730,extrusion,215,3761
-713.5200,-229.2990,-528.1500,0.500000,-0.500000,-0.500000,0.500000,900.0000,0.100030,96.524345,extrusion,215,3762
-712.9820,-228.5380,-528.1500,0.500000,-0.500000,-0.500000,0.500000,900.0000,0.099950,96.521518,extrusion,215,3763
-712.5830,-227.6950,-528.1500,0.500000,-0.500000,-0.500000,0.500000,900.0000,0.100030,96.527397,extrusion,215,3764
-712.3380,-226.7950,-528.1500,0.500000,-0.500000,-0.500000,0.500000,900.0000,0.100040,96.527337,extrusion,215,3765
-712.2520,-225.8670,-528.1500,0.500000,-0.500000,-0.500000,0.500000,900.0000,0.099950,96.520685,extrusion,215,3766
-712.3280,-224.9380,-528.1500,0.500000,-0.500000,-0.500000,0.500000,900.0000,0.099970,96.526831,extrusion,215,3767
-712.5650,-224.0360,-528.1500,0.500000,-0.500000,-0.500000,0.500000,900.0000,0.100020,96.522019,extrusion,215,3768
-712.9550,-223.1890,-528.1500,0.500000,-0.500000,-0.500000,0.500000,900.0000,0.100010,96.527019,extrusion,215,3769
-713.4860,-222.4220,-528.1500,0.500000,-0.500000,-0.500000,0.500000,900.0000,0.100050,96.524506,extrusion,215,3770
-714.1420,-221.7600,-528.1500,0.500000,-0.500000,-0.500000,0.500000,900.0000,0.099950,96.520685,extrusion,215,3771
-714.9030,-221.2210,-528.1500,0.500000,-0.500000,-0.500000,0.500000,900.0000,0.100020,96.529289,extrusion,215,3772
-715.5520,-220.9150,-528.1500,0.500000,-0.500000,-0.500000,0.500000,900.0000,0.076950,96.519766,extrusion,215,3773
-722.1610,-161.7940,-528.1500,0.500000,-0.500000,-0.500000,0.500000,900.0000,0.000000,0.000000,travel,216,3775
-736.6470,-161.7940,-528.1500,0.500000,-0.500000,-0.500000,0.500000,900.0000,1.553620,96.524783,extrusion,217,3777
-736.6470,-239.8870,-528.1500,0.500000,-0.500000,-0.500000,0.500000,900.0000,8.375450,96.524721,extrusion,217,3778
-698.5540,-239.8870,-528.1500,0.500000,-0.500000,-0.500000,0.500000,900.0000,4.085460,96.524663,extrusion,217,3779
-698.5540,-232.4630,-528.1500,0.500000,-0.500000,-0.500000,0.500000,900.0000,0.796220,96.524515,extrusion,217,3780
-698.5540,-161.7940,-528.1500,0.500000,-0.500000,-0.500000,0.500000,900.0000,7.579230,96.524742,extrusion,217,3781
-722.1610,-161.7940,-528.1500,0.500000,-0.500000,-0.500000,0.500000,900.0000,2.531840,96.524590,extrusion,217,3782
-722.1610,-161.1910,-528.1500,0.500000,-0.500000,-0.500000,0.500000,900.0000,0.000000,0.000000,travel,218,3783
-737.2510,-161.1910,-528.1500,0.500000,-0.500000,-0.500000,0.500000,900.0000,1.618400,96.524851,extrusion,219,3785
-737.2510,-240.4910,-528.1500,0.500000,-0.500000,-0.500000,0.500000,900.0000,8.504910,96.524830,extrusion,219,3786
-697.9510,-240.4910,-528.1500,0.500000,-0.500000,-0.500000,0.500000,900.0000,4.214920,96.524885,extrusion,219,3787
-697.9510,-232.4630,-528.1500,0.500000,-0.500000,-0.500000,0.500000,900.0000,0.861000,96.524664,extrusion,219,3788
-697.9510,-161.1910,-528.1500,0.500000,-0.500000,-0.500000,0.500000,900.0000,7.643900,96.524722,extrusion,219,3789
-722.1610,-161.1910,-528.1500,0.500000,-0.500000,-0.500000,0.500000,900.0000,2.596520,96.524907,extrusion,219,3790
-736.4640,-163.2990,-528.1500,0.500000,-0.500000,-0.500000,0.500000,900.0000,0.000000,0.000000,travel,220,3792
-735.4340,-162.2700,-528.1500,0.500000,-0.500000,-0.500000,0.500000,900.0000,0.164670,101.792456,extrusion,221,3797
-734.5100,-162.2700,-528.1500,0.500000,-0.500000,-0.500000,0.500000,900.0000,0.104510,101.795455,extrusion,221,3798
-736.1710,-163.9320,-528.1500,0.500000,-0.500000,-0.500000,0.500000,900.0000,0.265770,101.796560,extrusion,221,3799
-736.1710,-164.8560,-528.1500,0.500000,-0.500000,-0.500000,0.500000,900.0000,0.104510,101.795455,extrusion,221,3800
-733.5850,-162.2700,-528.1500,0.500000,-0.500000,-0.500000,0.500000,900.0000,0.413640,101.793845,extrusion,221,3801
-732.6600,-162.2700,-528.1500,0.500000,-0.500000,-0.500000,0.500000,900.0000,0.104620,101.792432,extrusion,221,3802
-736.1710,-165.7810,-528.1500,0.500000,-0.500000,-0.500000,0.500000,900.0000,0.561600,101.794375,extrusion,221,3803
-736.1710,-166.7060,-528.1500,0.500000,-0.500000,-0.500000,0.500000,900.0000,0.104620,101.792432,extrusion,221,3804
-731.7360,-162.2700,-528.1500,0.500000,-0.500000,-0.500000,0.500000,900.0000,0.709480,101.794680,extrusion,221,3805
-730.8110,-162.2700,-528.1500,0.500000,-0.500000,-0.500000,0.500000,900.0000,0.104620,101.792432,extrusion,221,3806
-736.1710,-167.6300,-528.1500,0.500000,-0.500000,-0.500000,0.500000,900.0000,0.857360,101.794881,extrusion,221,3807
-736.1710,-168.5550,-528.1500,0.500000,-0.500000,-0.500000,0.500000,900.0000,0.104620,101.792432,extrusion,221,3808
-729.8860,-162.2700,-528.1500,0.500000,-0.500000,-0.500000,0.500000,900.0000,1.005320,101.795025,extrusion,221,3809
-728.9620,-162.2700,-528.1500,0.500000,-0.500000,-0.500000,0.500000,900.0000,0.104510,101.795455,extrusion,221,3810
-736.1710,-169.4800,-528.1500,0.500000,-0.500000,-0.500000,0.500000,900.0000,1.153200,101.795129,extrusion,221,3811
-736.1710,-170.4040,-528.1500,0.500000,-0.500000,-0.500000,0.500000,900.0000,0.104510,101.795455,extrusion,221,3812
-728.0370,-162.2700,-528.1500,0.500000,-0.500000,-0.500000,0.500000,900.0000,1.301080,101.795210,extrusion,221,3813
-727.1120,-162.2700,-528.1500,0.500000,-0.500000,-0.500000,0.500000,900.0000,0.104620,101.792432,extrusion,221,3814
-736.1710,-171.3290,-528.1500,0.500000,-0.500000,-0.500000,0.500000,900.0000,1.449040,101.795276,extrusion,221,3815
-736.1710,-172.2540,-528.1500,0.500000,-0.500000,-0.500000,0.500000,900.0000,0.104620,101.792432,extrusion,221,3816
-726.1880,-162.2700,-528.1500,0.500000,-0.500000,-0.500000,0.500000,900.0000,1.596920,101.795329,extrusion,221,3817
-725.2630,-162.2700,-528.1500,0.500000,-0.500000,-0.500000,0.500000,900.0000,0.104620,101.792432,extrusion,221,3818
-736.1710,-173.1780,-528.1500,0.500000,-0.500000,-0.500000,0.500000,900.0000,1.744790,101.794789,extrusion,221,3819
-736.1710,-174.1030,-528.1500,0.500000,-0.500000,-0.500000,0.500000,900.0000,0.104620,101.792432,extrusion,221,3820
-724.3380,-162.2700,-528.1500,0.500000,-0.500000,-0.500000,0.500000,900.0000,1.892750,101.794872,extrusion,221,3821
-723.4140,-162.2700,-528.1500,0.500000,-0.500000,-0.500000,0.500000,900.0000,0.104510,101.795455,extrusion,221,3822
-736.1710,-175.0280,-528.1500,0.500000,-0.500000,-0.500000,0.500000,900.0000,2.040630,101.794942,extrusion,221,3823
-736.1710,-175.9520,-528.1500,0.500000,-0.500000,-0.500000,0.500000,900.0000,0.104510,101.795455,extrusion,221,3824
-722.4890,-162.2700,-528.1500,0.500000,-0.500000,-0.500000,0.500000,900.0000,2.188510,101.795003,extrusion,221,3825
-721.5650,-162.2700,-528.1500,0.500000,-0.500000,-0.500000,0.500000,900.0000,0.104510,101.795455,extrusion,221,3826
-736.1710,-176.8770,-528.1500,0.500000,-0.500000,-0.500000,0.500000,900.0000,2.336390,101.795056,extrusion,221,3827
-736.1710,-177.8020,-528.1500,0.500000,-0.500000,-0.500000,0.500000,900.0000,0.104620,101.792432,extrusion,221,3828
-720.6400,-162.2700,-528.1500,0.500000,-0.500000,-0.500000,0.500000,900.0000,2.484350,101.795104,extrusion,221,3829
-719.7150,-162.2700,-528.1500,0.500000,-0.500000,-0.500000,0.500000,900.0000,0.104620,101.792432,extrusion,221,3830
-736.1710,-178.7260,-528.1500,0.500000,-0.500000,-0.500000,0.500000,900.0000,2.632230,101.795146,extrusion,221,3831
-736.1710,-179.6510,-528.1500,0.500000,-0.500000,-0.500000,0.500000,900.0000,0.104620,101.792432,extrusion,221,3832
-718.7910,-162.2700,-528.1500,0.500000,-0.500000,-0.500000,0.500000,900.0000,2.780110,101.795182,extrusion,221,3833
-717.8660,-162.2700,-528.1500,0.500000,-0.500000,-0.500000,0.500000,900.0000,0.104620,101.792432,extrusion,221,3834
-736.1710,-180.5760,-528.1500,0.500000,-0.500000,-0.500000,0.500000,900.0000,2.928060,101.794869,extrusion,221,3835
-736.1710,-181.5000,-528.1500,0.500000,-0.500000,-0.500000,0.500000,900.0000,0.104510,101.795455,extrusion,221,3836
-716.9410,-162.2700,-528.1500,0.500000,-0.500000,-0.500000,0.500000,900.0000,3.075940,101.794916,extrusion,221,3837
-716.0170,-162.2700,-528.1500,0.500000,-0.500000,-0.500000,0.500000,900.0000,0.104510,101.795455,extrusion,221,3838
-736.1710,-182.4250,-528.1500,0.500000,-0.500000,-0.500000,0.500000,900.0000,3.223820,101.794958,extrusion,221,3839
-736.1710,-183.3500,-528.1500,0.500000,-0.500000,-0.500000,0.500000,900.0000,0.104620,101.792432,extrusion,221,3840
-715.0920,-162.2700,-528.1500,0.500000,-0.500000,-0.500000,0.500000,900.0000,3.371780,101.794998,extrusion,221,3841
-714.1670,-162.2700,-528.1500,0.500000,-0.500000,-0.500000,0.500000,900.0000,0.104620,101.792432,extrusion,221,3842
-736.1710,-184.2740,-528.1500,0.500000,-0.500000,-0.500000,0.500000,900.0000,3.519660,101.795033,extrusion,221,3843
-736.1710,-185.1990,-528.1500,0.500000,-0.500000,-0.500000,0.500000,900.0000,0.104620,101.792432,extrusion,221,3844
-713.2430,-162.2700,-528.1500,0.500000,-0.500000,-0.500000,0.500000,900.0000,3.667540,101.795066,extrusion,221,3845
-712.3180,-162.2700,-528.1500,0.500000,-0.500000,-0.500000,0.500000,900.0000,0.104620,101.792432,extrusion,221,3846
-719.8810,-169.8330,-528.1500,0.500000,-0.500000,-0.500000,0.500000,900.0000,1.209740,101.794767,extrusion,221,3847
-720.7160,-170.2200,-528.1500,0.500000,-0.500000,-0.500000,0.500000,900.0000,0.104090,101.791462,extrusion,221,3848
-720.9110,-170.3330,-528.1500,0.500000,-0.500000,-0.500000,0.500000,900.0000,0.025490,101.790240,extrusion,221,3849
-721.6440,-170.8460,-528.1500,0.500000,-0.500000,-0.500000,0.500000,900.0000,0.101190,101.791340,extrusion,221,3850
-721.8170,-170.9920,-528.1500,0.500000,-0.500000,-0.500000,0.500000,900.0000,0.025600,101.778659,extrusion,221,3851
-722.5280,-171.7090,-528.1500,0.500000,-0.500000,-0.500000,0.500000,900.0000,0.114210,101.795739,extrusion,221,3852
-723.1080,-172.5300,-528.1500,0.500000,-0.500000,-0.500000,0.500000,900.0000,0.113690,101.790980,extrusion,221,3853
-723.2210,-172.7260,-528.1500,0.500000,-0.500000,-0.500000,0.500000,900.0000,0.025590,101.798515,extrusion,221,3854
-723.6080,-173.5600,-528.1500,0.500000,-0.500000,-0.500000,0.500000,900.0000,0.103990,101.794012,extrusion,221,3855
-736.1710,-186.1240,-528.1500,0.500000,-0.500000,-0.500000,0.500000,900.0000,2.009600,101.795010,extrusion,221,3856
-736.1710,-187.0480,-528.1500,0.500000,-0.500000,-0.500000,0.500000,900.0000,0.104510,101.795455,extrusion,221,3857
-723.9410,-174.8180,-528.1500,0.500000,-0.500000,-0.500000,0.500000,900.0000,1.956260,101.795277,extrusion,221,3858
-724.0300,-175.8310,-528.1500,0.500000,-0.500000,-0.500000,0.500000,900.0000,0.115020,101.797404,extrusion,221,3859
-736.1710,-187.9730,-528.1500,0.500000,-0.500000,-0.500000,0.500000,900.0000,1.942100,101.795072,extrusion,221,3860
-736.1710,-188.8980,-528.1500,0.500000,-0.500000,-0.500000,0.500000,900.0000,0.104620,101.792432,extrusion,221,3861
-723.9570,-176.6830,-528.1500,0.500000,-0.500000,-0.500000,0.500000,900.0000,1.953780,101.795241,extrusion,221,3862
-723.9330,-176.9580,-528.1500,0.500000,-0.500000,-0.500000,0.500000,900.0000,0.031220,101.787646,extrusion,221,3863
-723.8010,-177.4510,-528.1500,0.500000,-0.500000,-0.500000,0.500000,900.0000,0.057730,101.803500,extrusion,221,3864
-736.1710,-189.8220,-528.1500,0.500000,-0.500000,-0.500000,0.500000,900.0000,1.978730,101.795082,extrusion,221,3865
-736.1710,-190.7470,-528.1500,0.500000,-0.500000,-0.500000,0.500000,900.0000,0.104620,101.792432,extrusion,221,3866
-723.5860,-178.1620,-528.1500,0.500000,-0.500000,-0.500000,0.500000,900.0000,2.013040,101.795059,extrusion,221,3867
-723.2920,-178.7920,-528.1500,0.500000,-0.500000,-0.500000,0.500000,900.0000,0.078630,101.790258,extrusion,221,3868
-736.1710,-191.6710,-528.1500,0.500000,-0.500000,-0.500000,0.500000,900.0000,2.060070,101.795211,extrusion,221,3869
-736.1710,-192.5960,-528.1500,0.500000,-0.500000,-0.500000,0.500000,900.0000,0.104620,101.792432,extrusion,221,3870
-722.9490,-179.3740,-528.1500,0.500000,-0.500000,-0.500000,0.500000,900.0000,2.114930,101.794979,extrusion,221,3871
-722.5680,-179.9170,-528.1500,0.500000,-0.500000,-0.500000,0.500000,900.0000,0.075030,101.799626,extrusion,221,3872
-736.1710,-193.5210,-528.1500,0.500000,-0.500000,-0.500000,0.500000,900.0000,2.175950,101.794840,extrusion,221,3873
-736.1710,-194.4450,-528.1500,0.500000,-0.500000,-0.500000,0.500000,900.0000,0.104510,101.795455,extrusion,221,3874
-722.1160,-180.3900,-528.1500,0.500000,-0.500000,-0.500000,0.500000,900.0000,2.248170,101.794851,extrusion,221,3875
-721.8170,-180.6900,-528.1500,0.500000,-0.500000,-0.500000,0.500000,900.0000,0.047910,101.801986,extrusion,221,3876
-721.6400,-180.8380,-528.1500,0.500000,-0.500000,-0.500000,0.500000,900.0000,0.026100,101.810494,extrusion,221,3877
-736.1710,-195.3700,-528.1500,0.500000,-0.500000,-0.500000,0.500000,900.0000,2.324390,101.794910,extrusion,221,3878
-736.1710,-196.2950,-528.1500,0.500000,-0.500000,-0.500000,0.500000,900.0000,0.104620,101.792432,extrusion,221,3879
-721.0950,-181.2180,-528.1500,0.500000,-0.500000,-0.500000,0.500000,900.0000,2.411570,101.795095,extrusion,221,3880
-720.8440,-181.3920,-528.1500,0.500000,-0.500000,-0.500000,0.500000,900.0000,0.034540,101.783541,extrusion,221,3881
-720.5050,-181.5530,-528.1500,0.500000,-0.500000,-0.500000,0.500000,900.0000,0.042450,101.801485,extrusion,221,3882
-736.1710,-197.2190,-528.1500,0.500000,-0.500000,-0.500000,0.500000,900.0000,2.505860,101.794941,extrusion,221,3883
-736.1710,-198.1440,-528.1500,0.500000,-0.500000,-0.500000,0.500000,900.0000,0.104620,101.792432,extrusion,221,3884
-719.8770,-181.8490,-528.1500,0.500000,-0.500000,-0.500000,0.500000,900.0000,2.606390,101.794866,extrusion,221,3885
-719.6920,-181.9170,-528.1500,0.500000,-0.500000,-0.500000,0.500000,900.0000,0.022290,101.780049,extrusion,221,3886
-719.1590,-182.0570,-528.1500,0.500000,-0.500000,-0.500000,0.500000,900.0000,0.062330,101.794686,extrusion,221,3887
-736.1710,-199.0690,-528.1500,0.500000,-0.500000,-0.500000,0.500000,900.0000,2.721160,101.794946,extrusion,221,3888
-736.1710,-199.9930,-528.1500,0.500000,-0.500000,-0.500000,0.500000,900.0000,0.104510,101.795455,extrusion,221,3889
-718.3810,-182.2030,-528.1500,0.500000,-0.500000,-0.500000,0.500000,900.0000,2.845610,101.795116,extrusion,221,3890
-717.6010,-182.2710,-528.1500,0.500000,-0.500000,-0.500000,0.500000,900.0000,0.088560,101.798500,extrusion,221,3891
-717.5170,-182.2630,-528.1500,0.500000,-0.500000,-0.500000,0.500000,900.0000,0.009540,101.753859,extrusion,221,3892
-736.1710,-200.9180,-528.1500,0.500000,-0.500000,-0.500000,0.500000,900.0000,2.983890,101.795061,extrusion,221,3893
-736.1710,-201.8430,-528.1500,0.500000,-0.500000,-0.500000,0.500000,900.0000,0.104620,101.792432,extrusion,221,3894
-716.0970,-181.7690,-528.1500,0.500000,-0.500000,-0.500000,0.500000,900.0000,3.210950,101.795161,extrusion,221,3895
-719.0070,-169.8840,-528.1500,0.500000,-0.500000,-0.500000,0.500000,900.0000,0.000000,0.000000,travel,222,3898
-711.3930,-162.2700,-528.1500,0.500000,-0.500000,-0.500000,0.500000,900.0000,1.217900,101.794958,extrusion,223,3900
-710.4690,-162.2700,-528.1500,0.500000,-0.500000,-0.500000,0.500000,900.0000,0.104510,101.795455,extrusion,223,3901
-717.6100,-169.4110,-528.1500,0.500000,-0.500000,-0.500000,0.500000,900.0000,1.142240,101.794859,extrusion,223,3902
-716.7580,-169.4840,-528.1500,0.500000,-0.500000,-0.500000,0.500000,900.0000,0.096720,101.796045,extrusion,223,3903
-709.5440,-162.2700,-528.1500,0.500000,-0.500000,-0.500000,0.500000,900.0000,1.153920,101.795147,extrusion,223,3904
-708.6190,-162.2700,-528.1500,0.500000,-0.500000,-0.500000,0.500000,900.0000,0.104620,101.792432,extrusion,223,3905
-715.9880,-169.6390,-528.1500,0.500000,-0.500000,-0.500000,0.500000,900.0000,1.178710,101.794877,extrusion,223,3906
-715.5100,-169.7640,-528.1500,0.500000,-0.500000,-0.500000,0.500000,900.0000,0.055880,101.790445,extrusion,223,3907
-715.2760,-169.8520,-528.1500,0.500000,-0.500000,-0.500000,0.500000,900.0000,0.028280,101.808000,extrusion,223,3908
-707.6950,-162.2700,-528.1500,0.500000,-0.500000,-0.500000,0.500000,900.0000,1.212700,101.794836,extrusion,223,3909
-706.7700,-162.2700,-528.1500,0.500000,-0.500000,-0.500000,0.500000,900.0000,0.104620,101.792432,extrusion,223,3910
-714.6460,-170.1460,-528.1500,0.500000,-0.500000,-0.500000,0.500000,900.0000,1.259810,101.795096,extrusion,223,3911
-714.2910,-170.3330,-528.1500,0.500000,-0.500000,-0.500000,0.500000,900.0000,0.045380,101.789307,extrusion,223,3912
-714.0660,-170.4900,-528.1500,0.500000,-0.500000,-0.500000,0.500000,900.0000,0.031030,101.789220,extrusion,223,3913
-705.8450,-162.2700,-528.1500,0.500000,-0.500000,-0.500000,0.500000,900.0000,1.314910,101.794732,extrusion,223,3914
-704.9210,-162.2700,-528.1500,0.500000,-0.500000,-0.500000,0.500000,900.0000,0.104510,101.795455,extrusion,223,3915
-713.5250,-170.8740,-528.1500,0.500000,-0.500000,-0.500000,0.500000,900.0000,1.376260,101.795270,extrusion,223,3916
-713.0530,-171.3270,-528.1500,0.500000,-0.500000,-0.500000,0.500000,900.0000,0.074000,101.801903,extrusion,223,3917
-703.9960,-162.2700,-528.1500,0.500000,-0.500000,-0.500000,0.500000,900.0000,1.448720,101.795270,extrusion,223,3918
-703.0710,-162.2700,-528.1500,0.500000,-0.500000,-0.500000,0.500000,900.0000,0.104620,101.792432,extrusion,223,3919
-712.6060,-171.8050,-528.1500,0.500000,-0.500000,-0.500000,0.500000,900.0000,1.525180,101.795344,extrusion,223,3920
-712.2230,-172.3460,-528.1500,0.500000,-0.500000,-0.500000,0.500000,900.0000,0.074970,101.792275,extrusion,223,3921
-702.1470,-162.2700,-528.1500,0.500000,-0.500000,-0.500000,0.500000,900.0000,1.611710,101.794955,extrusion,223,3922
-701.2220,-162.2700,-528.1500,0.500000,-0.500000,-0.500000,0.500000,900.0000,0.104620,101.792432,extrusion,223,3923
-711.8840,-172.9320,-528.1500,0.500000,-0.500000,-0.500000,0.500000,900.0000,1.705450,101.795323,extrusion,223,3924
-711.5920,-173.5650,-528.1500,0.500000,-0.500000,-0.500000,0.500000,900.0000,0.078850,101.799835,extrusion,223,3925
-700.2970,-162.2700,-528.1500,0.500000,-0.500000,-0.500000,0.500000,900.0000,1.806700,101.795205,extrusion,223,3926
-699.3730,-162.2700,-528.1500,0.500000,-0.500000,-0.500000,0.500000,900.0000,0.104510,101.795455,extrusion,223,3927
-711.3850,-174.2820,-528.1500,0.500000,-0.500000,-0.500000,0.500000,900.0000,1.921390,101.795297,extrusion,223,3928
-711.2680,-174.7240,-528.1500,0.500000,-0.500000,-0.500000,0.500000,900.0000,0.051710,101.786187,extrusion,223,3929
-711.2390,-175.0610,-528.1500,0.500000,-0.500000,-0.500000,0.500000,900.0000,0.038260,101.801806,extrusion,223,3930
-699.0300,-162.8520,-528.1500,0.500000,-0.500000,-0.500000,0.500000,900.0000,1.952900,101.795229,extrusion,223,3931
-699.0300,-163.7770,-528.1500,0.500000,-0.500000,-0.500000,0.500000,900.0000,0.104620,101.792432,extrusion,223,3932
-711.1780,-175.9250,-528.1500,0.500000,-0.500000,-0.500000,0.500000,900.0000,1.943140,101.795088,extrusion,223,3933
-711.2670,-176.9380,-528.1500,0.500000,-0.500000,-0.500000,0.500000,900.0000,0.115020,101.797404,extrusion,223,3934
-699.0300,-164.7010,-528.1500,0.500000,-0.500000,-0.500000,0.500000,900.0000,1.957370,101.794773,extrusion,223,3935
-699.0300,-165.6260,-528.1500,0.500000,-0.500000,-0.500000,0.500000,900.0000,0.104620,101.792432,extrusion,223,3936
-711.6580,-178.2540,-528.1500,0.500000,-0.500000,-0.500000,0.500000,900.0000,2.019920,101.795155,extrusion,223,3937
-712.0330,-179.0560,-528.1500,0.500000,-0.500000,-0.500000,0.500000,900.0000,0.100140,101.798044,extrusion,223,3938
-712.6060,-179.8840,-528.1500,0.500000,-0.500000,-0.500000,0.500000,900.0000,0.113890,101.795307,extrusion,223,3939
-712.7520,-180.0570,-528.1500,0.500000,-0.500000,-0.500000,0.500000,900.0000,0.025600,101.778659,extrusion,223,3940
-713.4690,-180.7680,-528.1500,0.500000,-0.500000,-0.500000,0.500000,900.0000,0.114210,101.795739,extrusion,223,3941
-714.2900,-181.3480,-528.1500,0.500000,-0.500000,-0.500000,0.500000,900.0000,0.113690,101.790980,extrusion,223,3942
-714.4860,-181.4610,-528.1500,0.500000,-0.500000,-0.500000,0.500000,900.0000,0.025590,101.798515,extrusion,223,3943
-715.1960,-181.7920,-528.1500,0.500000,-0.500000,-0.500000,0.500000,900.0000,0.088600,101.791607,extrusion,223,3944
-736.1710,-202.7670,-528.1500,0.500000,-0.500000,-0.500000,0.500000,900.0000,3.355070,101.795160,extrusion,223,3945
-736.1710,-203.6920,-528.1500,0.500000,-0.500000,-0.500000,0.500000,900.0000,0.104620,101.792432,extrusion,223,3946
-699.0300,-166.5510,-528.1500,0.500000,-0.500000,-0.500000,0.500000,900.0000,5.940910,101.795104,extrusion,223,3947
-699.0300,-167.4750,-528.1500,0.500000,-0.500000,-0.500000,0.500000,900.0000,0.104510,101.795455,extrusion,223,3948
-736.1710,-204.6170,-528.1500,0.500000,-0.500000,-0.500000,0.500000,900.0000,5.940990,101.795105,extrusion,223,3949
-736.1710,-205.5410,-528.1500,0.500000,-0.500000,-0.500000,0.500000,900.0000,0.104510,101.795455,extrusion,223,3950
-699.0300,-168.4000,-528.1500,0.500000,-0.500000,-0.500000,0.500000,900.0000,5.940910,101.795104,extrusion,223,3951
-699.0300,-169.3250,-528.1500,0.500000,-0.500000,-0.500000,0.500000,900.0000,0.104620,101.792432,extrusion,223,3952
-736.1710,-206.4660,-528.1500,0.500000,-0.500000,-0.500000,0.500000,900.0000,5.940910,101.795104,extrusion,223,3953
-736.1710,-207.3910,-528.1500,0.500000,-0.500000,-0.500000,0.500000,900.0000,0.104620,101.792432,extrusion,223,3954
-699.0300,-170.2490,-528.1500,0.500000,-0.500000,-0.500000,0.500000,900.0000,5.940990,101.795105,extrusion,223,3955
-699.0300,-171.1740,-528.1500,0.500000,-0.500000,-0.500000,0.500000,900.0000,0.104620,101.792432,extrusion,223,3956
-736.1710,-208.3150,-528.1500,0.500000,-0.500000,-0.500000,0.500000,900.0000,5.940910,101.795104,extrusion,223,3957
-736.1710,-209.2400,-528.1500,0.500000,-0.500000,-0.500000,0.500000,900.0000,0.104620,101.792432,extrusion,223,3958
-699.0300,-172.0990,-528.1500,0.500000,-0.500000,-0.500000,0.500000,900.0000,5.940910,101.795104,extrusion,223,3959
-699.0300,-173.0230,-528.1500,0.500000,-0.500000,-0.500000,0.500000,900.0000,0.104510,101.795455,extrusion,223,3960
-736.1710,-210.1650,-528.1500,0.500000,-0.500000,-0.500000,0.500000,900.0000,5.940990,101.795105,extrusion,223,3961
-736.1710,-211.0890,-528.1500,0.500000,-0.500000,-0.500000,0.500000,900.0000,0.104510,101.795455,extrusion,223,3962
-699.0300,-173.9480,-528.1500,0.500000,-0.500000,-0.500000,0.500000,900.0000,5.940910,101.795104,extrusion,223,3963
-699.0300,-174.8730,-528.1500,0.500000,-0.500000,-0.500000,0.500000,900.0000,0.104620,101.792432,extrusion,223,3964
-736.1710,-212.0140,-528.1500,0.500000,-0.500000,-0.500000,0.500000,900.0000,5.940910,101.795104,extrusion,223,3965
-736.1710,-212.9390,-528.1500,0.500000,-0.500000,-0.500000,0.500000,900.0000,0.104620,101.792432,extrusion,223,3966
-699.0300,-175.7970,-528.1500,0.500000,-0.500000,-0.500000,0.500000,900.0000,5.940990,101.795105,extrusion,223,3967
-699.0300,-176.7220,-528.1500,0.500000,-0.500000,-0.500000,0.500000,900.0000,0.104620,101.792432,extrusion,223,3968
-720.5690,-198.2610,-528.1500,0.500000,-0.500000,-0.500000,0.500000,900.0000,3.445280,101.795012,extrusion,223,3969
-720.8820,-197.9480,-528.1500,0.500000,-0.500000,-0.500000,0.500000,900.0000,0.050070,101.803044,extrusion,223,3970
-724.7600,-201.8260,-528.1500,0.500000,-0.500000,-0.500000,0.500000,900.0000,0.620310,101.795479,extrusion,223,3971
-724.4470,-202.1390,-528.1500,0.500000,-0.500000,-0.500000,0.500000,900.0000,0.050070,101.803044,extrusion,223,3972
-736.1710,-213.8630,-528.1500,0.500000,-0.500000,-0.500000,0.500000,900.0000,1.875320,101.795150,extrusion,223,3973
-736.1710,-214.7880,-528.1500,0.500000,-0.500000,-0.500000,0.500000,900.0000,0.104620,101.792432,extrusion,223,3974
-723.9850,-202.6010,-528.1500,0.500000,-0.500000,-0.500000,0.500000,900.0000,1.949300,101.795177,extrusion,223,3975
-723.5230,-203.0640,-528.1500,0.500000,-0.500000,-0.500000,0.500000,900.0000,0.073980,101.795797,extrusion,223,3976
-736.4640,-216.0050,-528.1500,0.500000,-0.500000,-0.500000,0.500000,900.0000,2.069980,101.794854,extrusion,223,3977
-720.3140,-198.9300,-528.1500,0.500000,-0.500000,-0.500000,0.500000,900.0000,0.000000,0.000000,travel,224,3980
-699.0300,-177.6470,-528.1500,0.500000,-0.500000,-0.500000,0.500000,900.0000,3.404410,101.794971,extrusion,225,3982
-699.0300,-178.5710,-528.1500,0.500000,-0.500000,-0.500000,0.500000,900.0000,0.104510,101.795455,extrusion,225,3983
-719.8510,-199.3930,-528.1500,0.500000,-0.500000,-0.500000,0.500000,900.0000,3.330510,101.794952,extrusion,225,3984
-736.4640,-216.9300,-528.1500,0.500000,-0.500000,-0.500000,0.500000,900.0000,0.000000,0.000000,travel,226,3987
-699.0300,-179.4960,-528.1500,0.500000,-0.500000,-0.500000,0.500000,900.0000,5.987770,101.794986,extrusion,227,3989
-699.0300,-180.4210,-528.1500,0.500000,-0.500000,-0.500000,0.500000,900.0000,0.104620,101.792432,extrusion,227,3990
-736.1710,-217.5620,-528.1500,0.500000,-0.500000,-0.500000,0.500000,900.0000,5.940910,101.795104,extrusion,227,3991
-736.1710,-218.4870,-528.1500,0.500000,-0.500000,-0.500000,0.500000,900.0000,0.104620,101.792432,extrusion,227,3992
-699.0300,-181.3450,-528.1500,0.500000,-0.500000,-0.500000,0.500000,900.0000,5.940990,101.795105,extrusion,227,3993
-699.0300,-182.2700,-528.1500,0.500000,-0.500000,-0.500000,0.500000,900.0000,0.104620,101.792432,extrusion,227,3994
-736.1710,-219.4110,-528.1500,0.500000,-0.500000,-0.500000,0.500000,900.0000,5.940910,101.795104,extrusion,227,3995
-736.1710,-220.3360,-528.1500,0.500000,-0.500000,-0.500000,0.500000,900.0000,0.104620,101.792432,extrusion,227,3996
-699.0300,-183.1950,-528.1500,0.500000,-0.500000,-0.500000,0.500000,900.0000,5.940910,101.795104,extrusion,227,3997
-699.0300,-184.1190,-528.1500,0.500000,-0.500000,-0.500000,0.500000,900.0000,0.104510,101.795455,extrusion,227,3998
-736.1710,-221.2610,-528.1500,0.500000,-0.500000,-0.500000,0.500000,900.0000,5.940990,101.795105,extrusion,227,3999
-736.1710,-222.1850,-528.1500,0.500000,-0.500000,-0.500000,0.500000,900.0000,0.104510,101.795455,extrusion,227,4000
-699.0300,-185.0440,-528.1500,0.500000,-0.500000,-0.500000,0.500000,900.0000,5.940910,101.795104,extrusion,227,4001
-699.0300,-185.9690,-528.1500,0.500000,-0.500000,-0.500000,0.500000,900.0000,0.104620,101.792432,extrusion,227,4002
-736.1710,-223.1100,-528.1500,0.500000,-0.500000,-0.500000,0.500000,900.0000,5.940910,101.795104,extrusion,227,4003
-736.1710,-224.0350,-528.1500,0.500000,-0.500000,-0.500000,0.500000,900.0000,0.104620,101.792432,extrusion,227,4004
-699.0300,-186.8930,-528.1500,0.500000,-0.500000,-0.500000,0.500000,900.0000,5.940990,101.795105,extrusion,227,4005
-699.0300,-187.8180,-528.1500,0.500000,-0.500000,-0.500000,0.500000,900.0000,0.104620,101.792432,extrusion,227,4006
-736.1710,-224.9590,-528.1500,0.500000,-0.500000,-0.500000,0.500000,900.0000,5.940910,101.795104,extrusion,227,4007
-736.1710,-225.8840,-528.1500,0.500000,-0.500000,-0.500000,0.500000,900.0000,0.104620,101.792432,extrusion,227,4008
-699.0300,-188.7430,-528.1500,0.500000,-0.500000,-0.500000,0.500000,900.0000,5.940910,101.795104,extrusion,227,4009
-699.0300,-189.6670,-528.1500,0.500000,-0.500000,-0.500000,0.500000,900.0000,0.104510,101.795455,extrusion,227,4010
-736.1710,-226.8090,-528.1500,0.500000,-0.500000,-0.500000,0.500000,900.0000,5.940990,101.795105,extrusion,227,4011
-736.1710,-227.7330,-528.1500,0.500000,-0.500000,-0.500000,0.500000,900.0000,0.104510,101.795455,extrusion,227,4012
-699.0300,-190.5920,-528.1500,0.500000,-0.500000,-0.500000,0.500000,900.0000,5.940910,101.795104,extrusion,227,4013
-699.0300,-191.5170,-528.1500,0.500000,-0.500000,-0.500000,0.500000,900.0000,0.104620,101.792432,extrusion,227,4014
-736.1710,-228.6580,-528.1500,0.500000,-0.500000,-0.500000,0.500000,900.0000,5.940910,101.795104,extrusion,227,4015
-736.1710,-229.5830,-528.1500,0.500000,-0.500000,-0.500000,0.500000,900.0000,0.104620,101.792432,extrusion,227,4016
-699.0300,-192.4410,-528.1500,0.500000,-0.500000,-0.500000,0.500000,900.0000,5.940990,101.795105,extrusion,227,4017
-699.0300,-193.3660,-528.1500,0.500000,-0.500000,-0.500000,0.500000,900.0000,0.104620,101.792432,extrusion,227,4018
-736.1710,-230.5070,-528.1500,0.500000,-0.500000,-0.500000,0.500000,900.0000,5.940910,101.795104,extrusion,227,4019
-736.1710,-231.4320,-528.1500,0.500000,-0.500000,-0.500000,0.500000,900.0000,0.104620,101.792432,extrusion,227,4020
-699.0300,-194.2910,-528.1500,0.500000,-0.500000,-0.500000,0.500000,900.0000,5.940910,101.795104,extrusion,227,4021
-699.0300,-195.2150,-528.1500,0.500000,-0.500000,-0.500000,0.500000,900.0000,0.104510,101.795455,extrusion,227,4022
-736.1710,-232.3570,-528.1500,0.500000,-0.500000,-0.500000,0.500000,900.0000,5.940990,101.795105,extrusion,227,4023
-736.1710,-233.2810,-528.1500,0.500000,-0.500000,-0.500000,0.500000,900.0000,0.104510,101.795455,extrusion,227,4024
-699.0300,-196.1400,-528.1500,0.500000,-0.500000,-0.500000,0.500000,900.0000,5.940910,101.795104,extrusion,227,4025
-699.0300,-197.0650,-528.1500,0.500000,-0.500000,-0.500000,0.500000,900.0000,0.104620,101.792432,extrusion,227,4026
-736.1710,-234.2060,-528.1500,0.500000,-0.500000,-0.500000,0.500000,900.0000,5.940910,101.795104,extrusion,227,4027
-736.1710,-235.1310,-528.1500,0.500000,-0.500000,-0.500000,0.500000,900.0000,0.104620,101.792432,extrusion,227,4028
-699.0300,-197.9890,-528.1500,0.500000,-0.500000,-0.500000,0.500000,900.0000,5.940990,101.795105,extrusion,227,4029
-699.0300,-198.9140,-528.1500,0.500000,-0.500000,-0.500000,0.500000,900.0000,0.104620,101.792432,extrusion,227,4030
-720.0120,-219.8950,-528.1500,0.500000,-0.500000,-0.500000,0.500000,900.0000,3.356110,101.795168,extrusion,227,4031
-720.8440,-220.2890,-528.1500,0.500000,-0.500000,-0.500000,0.500000,900.0000,0.104120,101.792801,extrusion,227,4032
-721.6440,-220.8460,-528.1500,0.500000,-0.500000,-0.500000,0.500000,900.0000,0.110260,101.798596,extrusion,227,4033
-721.8170,-220.9910,-528.1500,0.500000,-0.500000,-0.500000,0.500000,900.0000,0.025530,101.789782,extrusion,227,4034
-722.4500,-221.6240,-528.1500,0.500000,-0.500000,-0.500000,0.500000,900.0000,0.101250,101.793216,extrusion,227,4035
-722.5950,-221.7970,-528.1500,0.500000,-0.500000,-0.500000,0.500000,900.0000,0.025530,101.789782,extrusion,227,4036
-723.1690,-222.6240,-528.1500,0.500000,-0.500000,-0.500000,0.500000,900.0000,0.113860,101.793997,extrusion,227,4037
-723.5520,-223.4350,-528.1500,0.500000,-0.500000,-0.500000,0.500000,900.0000,0.101440,101.791853,extrusion,227,4038
-736.1710,-236.0550,-528.1500,0.500000,-0.500000,-0.500000,0.500000,900.0000,2.018560,101.795136,extrusion,227,4039
-736.1710,-236.9800,-528.1500,0.500000,-0.500000,-0.500000,0.500000,900.0000,0.104620,101.792432,extrusion,227,4040
-723.9350,-224.7430,-528.1500,0.500000,-0.500000,-0.500000,0.500000,900.0000,1.957300,101.795292,extrusion,227,4041
-724.0240,-225.7570,-528.1500,0.500000,-0.500000,-0.500000,0.500000,900.0000,0.115130,101.795039,extrusion,227,4042
-736.1710,-237.9050,-528.1500,0.500000,-0.500000,-0.500000,0.500000,900.0000,1.943060,101.795086,extrusion,227,4043
-736.1710,-238.8290,-528.1500,0.500000,-0.500000,-0.500000,0.500000,900.0000,0.104510,101.795455,extrusion,227,4044
-723.9630,-226.6200,-528.1500,0.500000,-0.500000,-0.500000,0.500000,900.0000,1.952820,101.795228,extrusion,227,4045
-723.9330,-226.9580,-528.1500,0.500000,-0.500000,-0.500000,0.500000,900.0000,0.038380,101.795088,extrusion,227,4046
-723.8150,-227.3980,-528.1500,0.500000,-0.500000,-0.500000,0.500000,900.0000,0.051530,101.804854,extrusion,227,4047
-735.8290,-239.4110,-528.1500,0.500000,-0.500000,-0.500000,0.500000,900.0000,1.921620,101.794771,extrusion,227,4048
-734.9040,-239.4110,-528.1500,0.500000,-0.500000,-0.500000,0.500000,900.0000,0.104620,101.792432,extrusion,227,4049
-723.6080,-228.1150,-528.1500,0.500000,-0.500000,-0.500000,0.500000,900.0000,1.806860,101.795207,extrusion,227,4050
-723.3140,-228.7460,-528.1500,0.500000,-0.500000,-0.500000,0.500000,900.0000,0.078740,101.799949,extrusion,227,4051
-733.9800,-239.4110,-528.1500,0.500000,-0.500000,-0.500000,0.500000,900.0000,1.706000,101.794735,extrusion,227,4052
-733.0550,-239.4110,-528.1500,0.500000,-0.500000,-0.500000,0.500000,900.0000,0.104620,101.792432,extrusion,227,4053
-722.9760,-229.3330,-528.1500,0.500000,-0.500000,-0.500000,0.500000,900.0000,1.612110,101.794962,extrusion,227,4054
-722.5980,-229.8790,-528.1500,0.500000,-0.500000,-0.500000,0.500000,900.0000,0.075110,101.793718,extrusion,227,4055
-732.1300,-239.4110,-528.1500,0.500000,-0.500000,-0.500000,0.500000,900.0000,1.524700,101.795336,extrusion,227,4056
-731.2060,-239.4110,-528.1500,0.500000,-0.500000,-0.500000,0.500000,900.0000,0.104510,101.795455,extrusion,227,4057
-722.1510,-230.3560,-528.1500,0.500000,-0.500000,-0.500000,0.500000,900.0000,1.448400,101.795264,extrusion,227,4058
-721.6770,-230.8070,-528.1500,0.500000,-0.500000,-0.500000,0.500000,900.0000,0.074000,101.791914,extrusion,227,4059
-730.2810,-239.4110,-528.1500,0.500000,-0.500000,-0.500000,0.500000,900.0000,1.376260,101.795270,extrusion,227,4060
-729.3560,-239.4110,-528.1500,0.500000,-0.500000,-0.500000,0.500000,900.0000,0.104620,101.792432,extrusion,227,4061
-721.1360,-231.1910,-528.1500,0.500000,-0.500000,-0.500000,0.500000,900.0000,1.314830,101.794731,extrusion,227,4062
-720.9110,-231.3480,-528.1500,0.500000,-0.500000,-0.500000,0.500000,900.0000,0.031030,101.789220,extrusion,227,4063
-720.5560,-231.5360,-528.1500,0.500000,-0.500000,-0.500000,0.500000,900.0000,0.045440,101.805391,extrusion,227,4064
-728.4320,-239.4110,-528.1500,0.500000,-0.500000,-0.500000,0.500000,900.0000,1.259730,101.795094,extrusion,227,4065
-727.5070,-239.4110,-528.1500,0.500000,-0.500000,-0.500000,0.500000,900.0000,0.104620,101.792432,extrusion,227,4066
-719.9250,-231.8300,-528.1500,0.500000,-0.500000,-0.500000,0.500000,900.0000,1.212700,101.794836,extrusion,227,4067
-719.6920,-231.9170,-528.1500,0.500000,-0.500000,-0.500000,0.500000,900.0000,0.028130,101.792154,extrusion,227,4068
-719.2130,-232.0420,-528.1500,0.500000,-0.500000,-0.500000,0.500000,900.0000,0.055990,101.791484,extrusion,227,4069
-726.5820,-239.4110,-528.1500,0.500000,-0.500000,-0.500000,0.500000,900.0000,1.178710,101.794877,extrusion,227,4070
-725.6580,-239.4110,-528.1500,0.500000,-0.500000,-0.500000,0.500000,900.0000,0.104510,101.795455,extrusion,227,4071
-718.4440,-232.1980,-528.1500,0.500000,-0.500000,-0.500000,0.500000,900.0000,1.153840,101.795145,extrusion,227,4072
-717.5870,-232.2650,-528.1500,0.500000,-0.500000,-0.500000,0.500000,900.0000,0.097230,101.797894,extrusion,227,4073
-724.7330,-239.4110,-528.1500,0.500000,-0.500000,-0.500000,0.500000,900.0000,1.143040,101.794878,extrusion,227,4074
-723.8080,-239.4110,-528.1500,0.500000,-0.500000,-0.500000,0.500000,900.0000,0.104620,101.792432,extrusion,227,4075
-716.1940,-231.7970,-528.1500,0.500000,-0.500000,-0.500000,0.500000,900.0000,1.217900,101.794958,extrusion,227,4076
-719.1090,-219.9180,-528.1500,0.500000,-0.500000,-0.500000,0.500000,900.0000,0.000000,0.000000,travel,228,4079
-699.0300,-199.8390,-528.1500,0.500000,-0.500000,-0.500000,0.500000,900.0000,3.211750,101.795168,extrusion,229,4081
-699.0300,-200.7630,-528.1500,0.500000,-0.500000,-0.500000,0.500000,900.0000,0.104510,101.795455,extrusion,229,4082
-717.6850,-219.4180,-528.1500,0.500000,-0.500000,-0.500000,0.500000,900.0000,2.983970,101.795062,extrusion,229,4083
-717.6010,-219.4100,-528.1500,0.500000,-0.500000,-0.500000,0.500000,900.0000,0.009540,101.753859,extrusion,229,4084
-716.8210,-219.4780,-528.1500,0.500000,-0.500000,-0.500000,0.500000,900.0000,0.088560,101.798500,extrusion,229,4085
-699.0300,-201.6880,-528.1500,0.500000,-0.500000,-0.500000,0.500000,900.0000,2.845690,101.795117,extrusion,229,4086
-699.0300,-202.6120,-528.1500,0.500000,-0.500000,-0.500000,0.500000,900.0000,0.104510,101.795455,extrusion,229,4087
-716.0420,-219.6250,-528.1500,0.500000,-0.500000,-0.500000,0.500000,900.0000,2.721240,101.794947,extrusion,229,4088
-715.5100,-219.7640,-528.1500,0.500000,-0.500000,-0.500000,0.500000,900.0000,0.062190,101.791537,extrusion,229,4089
-715.3250,-219.8320,-528.1500,0.500000,-0.500000,-0.500000,0.500000,900.0000,0.022290,101.780049,extrusion,229,4090
-699.0300,-203.5370,-528.1500,0.500000,-0.500000,-0.500000,0.500000,900.0000,2.606470,101.794867,extrusion,229,4091
-699.0300,-204.4620,-528.1500,0.500000,-0.500000,-0.500000,0.500000,900.0000,0.104620,101.792432,extrusion,229,4092
-714.6960,-220.1280,-528.1500,0.500000,-0.500000,-0.500000,0.500000,900.0000,2.505860,101.794941,extrusion,229,4093
-714.3570,-220.2890,-528.1500,0.500000,-0.500000,-0.500000,0.500000,900.0000,0.042450,101.801485,extrusion,229,4094
-714.1070,-220.4630,-528.1500,0.500000,-0.500000,-0.500000,0.500000,900.0000,0.034450,101.792062,extrusion,229,4095
-699.0300,-205.3860,-528.1500,0.500000,-0.500000,-0.500000,0.500000,900.0000,2.411650,101.795096,extrusion,229,4096
-699.0300,-206.3110,-528.1500,0.500000,-0.500000,-0.500000,0.500000,900.0000,0.104620,101.792432,extrusion,229,4097
-713.5620,-220.8430,-528.1500,0.500000,-0.500000,-0.500000,0.500000,900.0000,2.324470,101.794911,extrusion,229,4098
-713.3850,-220.9910,-528.1500,0.500000,-0.500000,-0.500000,0.500000,900.0000,0.026100,101.810494,extrusion,229,4099
-713.0850,-221.2910,-528.1500,0.500000,-0.500000,-0.500000,0.500000,900.0000,0.047990,101.802163,extrusion,229,4100
-699.0300,-207.2360,-528.1500,0.500000,-0.500000,-0.500000,0.500000,900.0000,2.248170,101.794851,extrusion,229,4101
-699.0300,-208.1600,-528.1500,0.500000,-0.500000,-0.500000,0.500000,900.0000,0.104510,101.795455,extrusion,229,4102
-712.6340,-221.7640,-528.1500,0.500000,-0.500000,-0.500000,0.500000,900.0000,2.176030,101.794841,extrusion,229,4103
-712.2530,-222.3080,-528.1500,0.500000,-0.500000,-0.500000,0.500000,900.0000,0.075120,101.796076,extrusion,229,4104
-699.0300,-209.0850,-528.1500,0.500000,-0.500000,-0.500000,0.500000,900.0000,2.115090,101.794981,extrusion,229,4105
-699.0300,-210.0100,-528.1500,0.500000,-0.500000,-0.500000,0.500000,900.0000,0.104620,101.792432,extrusion,229,4106
-711.9090,-222.8890,-528.1500,0.500000,-0.500000,-0.500000,0.500000,900.0000,2.060070,101.795211,extrusion,229,4107
-711.6150,-223.5200,-528.1500,0.500000,-0.500000,-0.500000,0.500000,900.0000,0.078740,101.799949,extrusion,229,4108
-699.0300,-210.9340,-528.1500,0.500000,-0.500000,-0.500000,0.500000,900.0000,2.013120,101.795060,extrusion,229,4109
-699.0300,-211.8590,-528.1500,0.500000,-0.500000,-0.500000,0.500000,900.0000,0.104620,101.792432,extrusion,229,4110
-711.4010,-224.2300,-528.1500,0.500000,-0.500000,-0.500000,0.500000,900.0000,1.978810,101.795083,extrusion,229,4111
-711.2680,-224.7240,-528.1500,0.500000,-0.500000,-0.500000,0.500000,900.0000,0.057860,101.788411,extrusion,229,4112
-711.2440,-224.9980,-528.1500,0.500000,-0.500000,-0.500000,0.500000,900.0000,0.031110,101.796375,extrusion,229,4113
-699.0300,-212.7840,-528.1500,0.500000,-0.500000,-0.500000,0.500000,900.0000,1.953700,101.795240,extrusion,229,4114
-699.0300,-213.7080,-528.1500,0.500000,-0.500000,-0.500000,0.500000,900.0000,0.104510,101.795455,extrusion,229,4115
-711.1710,-225.8500,-528.1500,0.500000,-0.500000,-0.500000,0.500000,900.0000,1.942100,101.795072,extrusion,229,4116
-711.2600,-226.8630,-528.1500,0.500000,-0.500000,-0.500000,0.500000,900.0000,0.115020,101.797404,extrusion,229,4117
-699.0300,-214.6330,-528.1500,0.500000,-0.500000,-0.500000,0.500000,900.0000,1.956260,101.795277,extrusion,229,4118
-699.0300,-215.5580,-528.1500,0.500000,-0.500000,-0.500000,0.500000,900.0000,0.104620,101.792432,extrusion,229,4119
-711.5940,-228.1210,-528.1500,0.500000,-0.500000,-0.500000,0.500000,900.0000,2.009600,101.795010,extrusion,229,4120
-712.0270,-229.0460,-528.1500,0.500000,-0.500000,-0.500000,0.500000,900.0000,0.115520,101.796724,extrusion,229,4121
-712.6060,-229.8840,-528.1500,0.500000,-0.500000,-0.500000,0.500000,900.0000,0.115210,101.798592,extrusion,229,4122
-712.7520,-230.0570,-528.1500,0.500000,-0.500000,-0.500000,0.500000,900.0000,0.025600,101.778659,extrusion,229,4123
-713.3850,-230.6900,-528.1500,0.500000,-0.500000,-0.500000,0.500000,900.0000,0.101250,101.793216,extrusion,229,4124
-713.5570,-230.8350,-528.1500,0.500000,-0.500000,-0.500000,0.500000,900.0000,0.025440,101.776084,extrusion,229,4125
-714.2910,-231.3480,-528.1500,0.500000,-0.500000,-0.500000,0.500000,900.0000,0.101290,101.798693,extrusion,229,4126
-714.4860,-231.4610,-528.1500,0.500000,-0.500000,-0.500000,0.500000,900.0000,0.025490,101.790240,extrusion,229,4127
-715.3200,-231.8480,-528.1500,0.500000,-0.500000,-0.500000,0.500000,900.0000,0.103990,101.794012,extrusion,229,4128
-722.8840,-239.4110,-528.1500,0.500000,-0.500000,-0.500000,0.500000,900.0000,1.209820,101.794769,extrusion,229,4129
-721.9590,-239.4110,-528.1500,0.500000,-0.500000,-0.500000,0.500000,900.0000,0.104620,101.792432,extrusion,229,4130
-699.0300,-216.4820,-528.1500,0.500000,-0.500000,-0.500000,0.500000,900.0000,3.667620,101.795066,extrusion,229,4131
-699.0300,-217.4070,-528.1500,0.500000,-0.500000,-0.500000,0.500000,900.0000,0.104620,101.792432,extrusion,229,4132
-721.0340,-239.4110,-528.1500,0.500000,-0.500000,-0.500000,0.500000,900.0000,3.519660,101.795033,extrusion,229,4133
-720.1100,-239.4110,-528.1500,0.500000,-0.500000,-0.500000,0.500000,900.0000,0.104510,101.795455,extrusion,229,4134
-699.0300,-218.3320,-528.1500,0.500000,-0.500000,-0.500000,0.500000,900.0000,3.371780,101.794998,extrusion,229,4135
-699.0300,-219.2560,-528.1500,0.500000,-0.500000,-0.500000,0.500000,900.0000,0.104510,101.795455,extrusion,229,4136
-719.1850,-239.4110,-528.1500,0.500000,-0.500000,-0.500000,0.500000,900.0000,3.223900,101.794959,extrusion,229,4137
-718.2600,-239.4110,-528.1500,0.500000,-0.500000,-0.500000,0.500000,900.0000,0.104620,101.792432,extrusion,229,4138
-699.0300,-220.1810,-528.1500,0.500000,-0.500000,-0.500000,0.500000,900.0000,3.075940,101.794916,extrusion,229,4139
-699.0300,-221.1060,-528.1500,0.500000,-0.500000,-0.500000,0.500000,900.0000,0.104620,101.792432,extrusion,229,4140
-717.3360,-239.4110,-528.1500,0.500000,-0.500000,-0.500000,0.500000,900.0000,2.928060,101.794869,extrusion,229,4141
-716.4110,-239.4110,-528.1500,0.500000,-0.500000,-0.500000,0.500000,900.0000,0.104620,101.792432,extrusion,229,4142
-699.0300,-222.0300,-528.1500,0.500000,-0.500000,-0.500000,0.500000,900.0000,2.780190,101.795183,extrusion,229,4143
-699.0300,-222.9550,-528.1500,0.500000,-0.500000,-0.500000,0.500000,900.0000,0.104620,101.792432,extrusion,229,4144
-715.4860,-239.4110,-528.1500,0.500000,-0.500000,-0.500000,0.500000,900.0000,2.632230,101.795146,extrusion,229,4145
-714.5620,-239.4110,-528.1500,0.500000,-0.500000,-0.500000,0.500000,900.0000,0.104510,101.795455,extrusion,229,4146
-699.0300,-223.8800,-528.1500,0.500000,-0.500000,-0.500000,0.500000,900.0000,2.484350,101.795104,extrusion,229,4147
-699.0300,-224.8040,-528.1500,0.500000,-0.500000,-0.500000,0.500000,900.0000,0.104510,101.795455,extrusion,229,4148
-713.6370,-239.4110,-528.1500,0.500000,-0.500000,-0.500000,0.500000,900.0000,2.336470,101.795057,extrusion,229,4149
-712.7120,-239.4110,-528.1500,0.500000,-0.500000,-0.500000,0.500000,900.0000,0.104620,101.792432,extrusion,229,4150
-699.0300,-225.7290,-528.1500,0.500000,-0.500000,-0.500000,0.500000,900.0000,2.188510,101.795003,extrusion,229,4151
-699.0300,-226.6540,-528.1500,0.500000,-0.500000,-0.500000,0.500000,900.0000,0.104620,101.792432,extrusion,229,4152
-711.7880,-239.4110,-528.1500,0.500000,-0.500000,-0.500000,0.500000,900.0000,2.040630,101.794942,extrusion,229,4153
-710.8630,-239.4110,-528.1500,0.500000,-0.500000,-0.500000,0.500000,900.0000,0.104620,101.792432,extrusion,229,4154
-699.0300,-227.5780,-528.1500,0.500000,-0.500000,-0.500000,0.500000,900.0000,1.892750,101.794872,extrusion,229,4155
-699.0300,-228.5030,-528.1500,0.500000,-0.500000,-0.500000,0.500000,900.0000,0.104620,101.792432,extrusion,229,4156
-709.9380,-239.4110,-528.1500,0.500000,-0.500000,-0.500000,0.500000,900.0000,1.744790,101.794789,extrusion,229,4157
-709.0140,-239.4110,-528.1500,0.500000,-0.500000,-0.500000,0.500000,900.0000,0.104510,101.795455,extrusion,229,4158
-699.0300,-229.4280,-528.1500,0.500000,-0.500000,-0.500000,0.500000,900.0000,1.596920,101.795329,extrusion,229,4159
-699.0300,-230.3520,-528.1500,0.500000,-0.500000,-0.500000,0.500000,900.0000,0.104510,101.795455,extrusion,229,4160
-708.0890,-239.4110,-528.1500,0.500000,-0.500000,-0.500000,0.500000,900.0000,1.449040,101.795276,extrusion,229,4161
-707.1640,-239.4110,-528.1500,0.500000,-0.500000,-0.500000,0.500000,900.0000,0.104620,101.792432,extrusion,229,4162
-699.0300,-231.2770,-528.1500,0.500000,-0.500000,-0.500000,0.500000,900.0000,1.301080,101.795210,extrusion,229,4163
-699.0300,-232.2020,-528.1500,0.500000,-0.500000,-0.500000,0.500000,900.0000,0.104620,101.792432,extrusion,229,4164
-706.2400,-239.4110,-528.1500,0.500000,-0.500000,-0.500000,0.500000,900.0000,1.153200,101.795129,extrusion,229,4165
-705.3150,-239.4110,-528.1500,0.500000,-0.500000,-0.500000,0.500000,900.0000,0.104620,101.792432,extrusion,229,4166
-699.0300,-233.1260,-528.1500,0.500000,-0.500000,-0.500000,0.500000,900.0000,1.005320,101.795025,extrusion,229,4167
-699.0300,-234.0510,-528.1500,0.500000,-0.500000,-0.500000,0.500000,900.0000,0.104620,101.792432,extrusion,229,4168
-704.3900,-239.4110,-528.1500,0.500000,-0.500000,-0.500000,0.500000,900.0000,0.857360,101.794881,extrusion,229,4169
-703.4660,-239.4110,-528.1500,0.500000,-0.500000,-0.500000,0.500000,900.0000,0.104510,101.795455,extrusion,229,4170
-699.0300,-234.9760,-528.1500,0.500000,-0.500000,-0.500000,0.500000,900.0000,0.709480,101.794680,extrusion,229,4171
-699.0300,-235.9000,-528.1500,0.500000,-0.500000,-0.500000,0.500000,900.0000,0.104510,101.795455,extrusion,229,4172
-702.5410,-239.4110,-528.1500,0.500000,-0.500000,-0.500000,0.500000,900.0000,0.561600,101.794375,extrusion,229,4173
-701.6160,-239.4110,-528.1500,0.500000,-0.500000,-0.500000,0.500000,900.0000,0.104620,101.792432,extrusion,229,4174
-699.0300,-236.8250,-528.1500,0.500000,-0.500000,-0.500000,0.500000,900.0000,0.413640,101.793845,extrusion,229,4175
-699.0300,-237.7500,-528.1500,0.500000,-0.500000,-0.500000,0.500000,900.0000,0.104620,101.792432,extrusion,229,4176
-700.6920,-239.4110,-528.1500,0.500000,-0.500000,-0.500000,0.500000,900.0000,0.265770,101.796560,extrusion,229,4177
-699.7670,-239.4110,-528.1500,0.500000,-0.500000,-0.500000,0.500000,900.0000,0.104620,101.792432,extrusion,229,4178
-698.7380,-238.3820,-528.1500,0.500000,-0.500000,-0.500000,0.500000,900.0000,0.164590,101.792453,extrusion,229,4179
-717.4680,-169.8960,-527.7000,0.500000,-0.500000,-0.500000,0.500000,900.0000,0.000000,0.000000,travel,230,4186
-717.5220,-169.8900,-527.7000,0.500000,-0.500000,-0.500000,0.500000,900.0000,0.005830,96.572370,extrusion,231,4189
-718.5560,-169.9670,-527.7000,0.500000,-0.500000,-0.500000,0.500000,900.0000,0.111200,96.521907,extrusion,231,4190
-719.5620,-170.2220,-527.7000,0.500000,-0.500000,-0.500000,0.500000,900.0000,0.111310,96.528719,extrusion,231,4191
-720.5080,-170.6480,-527.7000,0.500000,-0.500000,-0.500000,0.500000,900.0000,0.111270,96.524012,extrusion,231,4192
-721.3650,-171.2320,-527.7000,0.500000,-0.500000,-0.500000,0.500000,900.0000,0.111230,96.529094,extrusion,231,4193
-722.1080,-171.9550,-527.7000,0.500000,-0.500000,-0.500000,0.500000,900.0000,0.111190,96.527010,extrusion,231,4194
-722.7140,-172.7970,-527.7000,0.500000,-0.500000,-0.500000,0.500000,900.0000,0.111260,96.523947,extrusion,231,4195
-723.1650,-173.7310,-527.7000,0.500000,-0.500000,-0.500000,0.500000,900.0000,0.111240,96.526464,extrusion,231,4196
-723.4470,-174.7300,-527.7000,0.500000,-0.500000,-0.500000,0.500000,900.0000,0.111330,96.525274,extrusion,231,4197
-723.5510,-175.7620,-527.7000,0.500000,-0.500000,-0.500000,0.500000,900.0000,0.111240,96.522741,extrusion,231,4198
-723.4740,-176.7960,-527.7000,0.500000,-0.500000,-0.500000,0.500000,900.0000,0.111200,96.521907,extrusion,231,4199
-723.2190,-177.8020,-527.7000,0.500000,-0.500000,-0.500000,0.500000,900.0000,0.111310,96.528719,extrusion,231,4200
-722.7930,-178.7470,-527.7000,0.500000,-0.500000,-0.500000,0.500000,900.0000,0.111170,96.522087,extrusion,231,4201
-722.2100,-179.6050,-527.7000,0.500000,-0.500000,-0.500000,0.500000,900.0000,0.111250,96.521863,extrusion,231,4202
-721.4860,-180.3480,-527.7000,0.500000,-0.500000,-0.500000,0.500000,900.0000,0.111260,96.522826,extrusion,231,4203
-720.6440,-180.9540,-527.7000,0.500000,-0.500000,-0.500000,0.500000,900.0000,0.111260,96.523947,extrusion,231,4204
-719.7100,-181.4050,-527.7000,0.500000,-0.500000,-0.500000,0.500000,900.0000,0.111240,96.526464,extrusion,231,4205
-718.7120,-181.6870,-527.7000,0.500000,-0.500000,-0.500000,0.500000,900.0000,0.111230,96.528062,extrusion,231,4206
-717.6800,-181.7910,-527.7000,0.500000,-0.500000,-0.500000,0.500000,900.0000,0.111240,96.522741,extrusion,231,4207
-716.6450,-181.7140,-527.7000,0.500000,-0.500000,-0.500000,0.500000,900.0000,0.111310,96.524552,extrusion,231,4208
-715.6400,-181.4590,-527.7000,0.500000,-0.500000,-0.500000,0.500000,900.0000,0.111200,96.523479,extrusion,231,4209
-714.6940,-181.0330,-527.7000,0.500000,-0.500000,-0.500000,0.500000,900.0000,0.111270,96.524012,extrusion,231,4210
-713.8370,-180.4490,-527.7000,0.500000,-0.500000,-0.500000,0.500000,900.0000,0.111230,96.529094,extrusion,231,4211
-713.0930,-179.7260,-527.7000,0.500000,-0.500000,-0.500000,0.500000,900.0000,0.111260,96.521032,extrusion,231,4212
-712.4870,-178.8840,-527.7000,0.500000,-0.500000,-0.500000,0.500000,900.0000,0.111260,96.523947,extrusion,231,4213
-712.0360,-177.9500,-527.7000,0.500000,-0.500000,-0.500000,0.500000,900.0000,0.111240,96.526464,extrusion,231,4214
-711.7550,-176.9520,-527.7000,0.500000,-0.500000,-0.500000,0.500000,900.0000,0.111200,96.527295,extrusion,231,4215
-711.6510,-175.9190,-527.7000,0.500000,-0.500000,-0.500000,0.500000,900.0000,0.111350,96.525595,extrusion,231,4216
-711.7270,-174.8850,-527.7000,0.500000,-0.500000,-0.500000,0.500000,900.0000,0.111200,96.528776,extrusion,231,4217
-711.9820,-173.8800,-527.7000,0.500000,-0.500000,-0.500000,0.500000,900.0000,0.111200,96.523479,extrusion,231,4218
-712.4080,-172.9340,-527.7000,0.500000,-0.500000,-0.500000,0.500000,900.0000,0.111270,96.524012,extrusion,231,4219
-712.9920,-172.0760,-527.7000,0.500000,-0.500000,-0.500000,0.500000,900.0000,0.111310,96.521595,extrusion,231,4220
-713.7160,-171.3330,-527.7000,0.500000,-0.500000,-0.500000,0.500000,900.0000,0.111260,96.522826,extrusion,231,4221
-714.5570,-170.7270,-527.7000,0.500000,-0.500000,-0.500000,0.500000,900.0000,0.111170,96.521368,extrusion,231,4222
-715.4920,-170.2760,-527.7000,0.500000,-0.500000,-0.500000,0.500000,900.0000,0.111330,96.520750,extrusion,231,4223
-716.4900,-169.9950,-527.7000,0.500000,-0.500000,-0.500000,0.500000,900.0000,0.111200,96.527295,extrusion,231,4224
-717.4680,-169.8960,-527.7000,0.500000,-0.500000,-0.500000,0.500000,900.0000,0.105430,96.528175,extrusion,231,4225
-717.5230,-170.4960,-527.7000,0.500000,-0.500000,-0.500000,0.500000,900.0000,0.000000,0.000000,travel,232,4226
-717.5740,-170.4920,-527.7000,0.500000,-0.500000,-0.500000,0.500000,900.0000,0.005490,96.585736,extrusion,233,4228
-718.5040,-170.5680,-527.7000,0.500000,-0.500000,-0.500000,0.500000,900.0000,0.100070,96.520180,extrusion,233,4229
-719.4060,-170.8050,-527.7000,0.500000,-0.500000,-0.500000,0.500000,900.0000,0.100020,96.522019,extrusion,233,4230
-720.2530,-171.1950,-527.7000,0.500000,-0.500000,-0.500000,0.500000,900.0000,0.100010,96.527019,extrusion,233,4231
-721.0190,-171.7260,-527.7000,0.500000,-0.500000,-0.500000,0.500000,900.0000,0.099960,96.522730,extrusion,233,4232
-721.6810,-172.3820,-527.7000,0.500000,-0.500000,-0.500000,0.500000,900.0000,0.099950,96.520685,extrusion,233,4233
-722.2200,-173.1430,-527.7000,0.500000,-0.500000,-0.500000,0.500000,900.0000,0.100020,96.529289,extrusion,233,4234
-722.6180,-173.9860,-527.7000,0.500000,-0.500000,-0.500000,0.500000,900.0000,0.099980,96.523378,extrusion,233,4235
-722.8640,-174.8860,-527.7000,0.500000,-0.500000,-0.500000,0.500000,900.0000,0.100070,96.529050,extrusion,233,4236
-722.9500,-175.8140,-527.7000,0.500000,-0.500000,-0.500000,0.500000,900.0000,0.099950,96.520685,extrusion,233,4237
-722.8730,-176.7440,-527.7000,0.500000,-0.500000,-0.500000,0.500000,900.0000,0.100080,96.521345,extrusion,233,4238
-722.6360,-177.6450,-527.7000,0.500000,-0.500000,-0.500000,0.500000,900.0000,0.099920,96.525615,extrusion,233,4239
-722.2460,-178.4920,-527.7000,0.500000,-0.500000,-0.500000,0.500000,900.0000,0.100010,96.527019,extrusion,233,4240
-721.7150,-179.2590,-527.7000,0.500000,-0.500000,-0.500000,0.500000,900.0000,0.100050,96.524506,extrusion,233,4241
-721.0590,-179.9210,-527.7000,0.500000,-0.500000,-0.500000,0.500000,900.0000,0.099950,96.520685,extrusion,233,4242
-720.2980,-180.4600,-527.7000,0.500000,-0.500000,-0.500000,0.500000,900.0000,0.100020,96.529289,extrusion,233,4243
-719.4550,-180.8580,-527.7000,0.500000,-0.500000,-0.500000,0.500000,900.0000,0.099980,96.523378,extrusion,233,4244
-718.5560,-181.1040,-527.7000,0.500000,-0.500000,-0.500000,0.500000,900.0000,0.099960,96.522730,extrusion,233,4245
-717.6270,-181.1900,-527.7000,0.500000,-0.500000,-0.500000,0.500000,900.0000,0.100060,96.523783,extrusion,233,4246
-716.6980,-181.1130,-527.7000,0.500000,-0.500000,-0.500000,0.500000,900.0000,0.099980,96.527987,extrusion,233,4247
-715.7960,-180.8760,-527.7000,0.500000,-0.500000,-0.500000,0.500000,900.0000,0.100020,96.522019,extrusion,233,4248
-714.9490,-180.4860,-527.7000,0.500000,-0.500000,-0.500000,0.500000,900.0000,0.100010,96.527019,extrusion,233,4249
-714.1830,-179.9550,-527.7000,0.500000,-0.500000,-0.500000,0.500000,900.0000,0.099960,96.522730,extrusion,233,4250
-713.5200,-179.2990,-527.7000,0.500000,-0.500000,-0.500000,0.500000,900.0000,0.100030,96.524345,extrusion,233,4251
-712.9820,-178.5380,-527.7000,0.500000,-0.500000,-0.500000,0.500000,900.0000,0.099950,96.521518,extrusion,233,4252
-712.5830,-177.6950,-527.7000,0.500000,-0.500000,-0.500000,0.500000,900.0000,0.100030,96.527397,extrusion,233,4253
-712.3380,-176.7950,-527.7000,0.500000,-0.500000,-0.500000,0.500000,900.0000,0.100040,96.527337,extrusion,233,4254
-712.2520,-175.8670,-527.7000,0.500000,-0.500000,-0.500000,0.500000,900.0000,0.099950,96.520685,extrusion,233,4255
-712.3280,-174.9380,-527.7000,0.500000,-0.500000,-0.500000,0.500000,900.0000,0.099970,96.526831,extrusion,233,4256
-712.5650,-174.0360,-527.7000,0.500000,-0.500000,-0.500000,0.500000,900.0000,0.100020,96.522019,extrusion,233,4257
-712.9550,-173.1890,-527.7000,0.500000,-0.500000,-0.500000,0.500000,900.0000,0.100010,96.527019,extrusion,233,4258
-713.4860,-172.4220,-527.7000,0.500000,-0.500000,-0.500000,0.500000,900.0000,0.100050,96.524506,extrusion,233,4259
-714.1420,-171.7600,-527.7000,0.500000,-0.500000,-0.500000,0.500000,900.0000,0.099950,96.520685,extrusion,233,4260
-714.9030,-171.2210,-527.7000,0.500000,-0.500000,-0.500000,0.500000,900.0000,0.100020,96.529289,extrusion,233,4261
-715.7470,-170.8230,-527.7000,0.500000,-0.500000,-0.500000,0.500000,900.0000,0.100080,96.526278,extrusion,233,4262
-716.6460,-170.5770,-527.7000,0.500000,-0.500000,-0.500000,0.500000,900.0000,0.099960,96.522730,extrusion,233,4263
-717.5230,-170.4960,-527.7000,0.500000,-0.500000,-0.500000,0.500000,900.0000,0.094460,96.526454,extrusion,233,4264
-715.6650,-231.4650,-527.7000,0.500000,-0.500000,-0.500000,0.500000,900.0000,0.000000,0.000000,travel,234,4266
-715.6400,-231.4590,-527.7000,0.500000,-0.500000,-0.500000,0.500000,900.0000,0.002760,96.616402,extrusion,235,4268
-714.6940,-231.0330,-527.7000,0.500000,-0.500000,-0.500000,0.500000,900.0000,0.111270,96.524012,extrusion,235,4269
-713.8370,-230.4490,-527.7000,0.500000,-0.500000,-0.500000,0.500000,900.0000,0.111230,96.529094,extrusion,235,4270
-713.0930,-229.7260,-527.7000,0.500000,-0.500000,-0.500000,0.500000,900.0000,0.111260,96.521032,extrusion,235,4271
-712.4870,-228.8840,-527.7000,0.500000,-0.500000,-0.500000,0.500000,900.0000,0.111260,96.523947,extrusion,235,4272
-712.0360,-227.9500,-527.7000,0.500000,-0.500000,-0.500000,0.500000,900.0000,0.111240,96.526464,extrusion,235,4273
-711.7550,-226.9520,-527.7000,0.500000,-0.500000,-0.500000,0.500000,900.0000,0.111200,96.527295,extrusion,235,4274
-711.6510,-225.9190,-527.7000,0.500000,-0.500000,-0.500000,0.500000,900.0000,0.111350,96.525595,extrusion,235,4275
-711.7270,-224.8850,-527.7000,0.500000,-0.500000,-0.500000,0.500000,900.0000,0.111200,96.528776,extrusion,235,4276
-711.9820,-223.8800,-527.7000,0.500000,-0.500000,-0.500000,0.500000,900.0000,0.111200,96.523479,extrusion,235,4277
-712.4080,-222.9340,-527.7000,0.500000,-0.500000,-0.500000,0.500000,900.0000,0.111270,96.524012,extrusion,235,4278
-712.9920,-222.0760,-527.7000,0.500000,-0.500000,-0.500000,0.500000,900.0000,0.111310,96.521595,extrusion,235,4279
-713.7160,-221.3330,-527.7000,0.500000,-0.500000,-0.500000,0.500000,900.0000,0.111260,96.522826,extrusion,235,4280
-714.5570,-220.7270,-527.7000,0.500000,-0.500000,-0.500000,0.500000,900.0000,0.111170,96.521368,extrusion,235,4281
-715.4920,-220.2760,-527.7000,0.500000,-0.500000,-0.500000,0.500000,900.0000,0.111330,96.520750,extrusion,235,4282
-716.4900,-219.9950,-527.7000,0.500000,-0.500000,-0.500000,0.500000,900.0000,0.111200,96.527295,extrusion,235,4283
-717.5220,-219.8900,-527.7000,0.500000,-0.500000,-0.500000,0.500000,900.0000,0.111250,96.522043,extrusion,235,4284
-718.5560,-219.9670,-527.7000,0.500000,-0.500000,-0.500000,0.500000,900.0000,0.111200,96.521907,extrusion,235,4285
-719.5620,-220.2220,-527.7000,0.500000,-0.500000,-0.500000,0.500000,900.0000,0.111310,96.528719,extrusion,235,4286
-720.5080,-220.6480,-527.7000,0.500000,-0.500000,-0.500000,0.500000,900.0000,0.111270,96.524012,extrusion,235,4287
-721.3650,-221.2320,-527.7000,0.500000,-0.500000,-0.500000,0.500000,900.0000,0.111230,96.529094,extrusion,235,4288
-722.1080,-221.9550,-527.7000,0.500000,-0.500000,-0.500000,0.500000,900.0000,0.111190,96.527010,extrusion,235,4289
-722.7140,-222.7970,-527.7000,0.500000,-0.500000,-0.500000,0.500000,900.0000,0.111260,96.523947,extrusion,235,4290
-723.1650,-223.7310,-527.7000,0.500000,-0.500000,-0.500000,0.500000,900.0000,0.111240,96.526464,extrusion,235,4291
-723.4470,-224.7300,-527.7000,0.500000,-0.500000,-0.500000,0.500000,900.0000,0.111330,96.525274,extrusion,235,4292
-723.5510,-225.7620,-527.7000,0.500000,-0.500000,-0.500000,0.500000,900.0000,0.111240,96.522741,extrusion,235,4293
-723.4740,-226.7960,-527.7000,0.500000,-0.500000,-0.500000,0.500000,900.0000,0.111200,96.521907,extrusion,235,4294
-723.2190,-227.8020,-527.7000,0.500000,-0.500000,-0.500000,0.500000,900.0000,0.111310,96.528719,extrusion,235,4295
-722.7930,-228.7470,-527.7000,0.500000,-0.500000,-0.500000,0.500000,900.0000,0.111170,96.522087,extrusion,235,4296
-722.2100,-229.6050,-527.7000,0.500000,-0.500000,-0.500000,0.500000,900.0000,0.111250,96.521863,extrusion,235,4297
-721.4860,-230.3480,-527.7000,0.500000,-0.500000,-0.500000,0.500000,900.0000,0.111260,96.522826,extrusion,235,4298
-720.6440,-230.9540,-527.7000,0.500000,-0.500000,-0.500000,0.500000,900.0000,0.111260,96.523947,extrusion,235,4299
-719.7100,-231.4050,-527.7000,0.500000,-0.500000,-0.500000,0.500000,900.0000,0.111240,96.526464,extrusion,235,4300
-718.7120,-231.6870,-527.7000,0.500000,-0.500000,-0.500000,0.500000,900.0000,0.111230,96.528062,extrusion,235,4301
-717.6800,-231.7910,-527.7000,0.500000,-0.500000,-0.500000,0.500000,900.0000,0.111240,96.522741,extrusion,235,4302
-716.6450,-231.7140,-527.7000,0.500000,-0.500000,-0.500000,0.500000,900.0000,0.111310,96.524552,extrusion,235,4303
-715.6650,-231.4650,-527.7000,0.500000,-0.500000,-0.500000,0.500000,900.0000,0.108440,96.520905,extrusion,235,4304
-715.8190,-230.8820,-527.7000,0.500000,-0.500000,-0.500000,0.500000,900.0000,0.000000,0.000000,travel,236,4305
-715.7960,-230.8760,-527.7000,0.500000,-0.500000,-0.500000,0.500000,900.0000,0.002550,96.551376,extrusion,237,4307
-714.9490,-230.4860,-527.7000,0.500000,-0.500000,-0.500000,0.500000,900.0000,0.100010,96.527019,extrusion,237,4308
-714.1830,-229.9550,-527.7000,0.500000,-0.500000,-0.500000,0.500000,900.0000,0.099960,96.522730,extrusion,237,4309
-713.5200,-229.2990,-527.7000,0.500000,-0.500000,-0.500000,0.500000,900.0000,0.100030,96.524345,extrusion,237,4310
-712.9820,-228.5380,-527.7000,0.500000,-0.500000,-0.500000,0.500000,900.0000,0.099950,96.521518,extrusion,237,4311
-712.5830,-227.6950,-527.7000,0.500000,-0.500000,-0.500000,0.500000,900.0000,0.100030,96.527397,extrusion,237,4312
-712.3380,-226.7950,-527.7000,0.500000,-0.500000,-0.500000,0.500000,900.0000,0.100040,96.527337,extrusion,237,4313
-712.2520,-225.8670,-527.7000,0.500000,-0.500000,-0.500000,0.500000,900.0000,0.099950,96.520685,extrusion,237,4314
-712.3280,-224.9380,-527.7000,0.500000,-0.500000,-0.500000,0.500000,900.0000,0.099970,96.526831,extrusion,237,4315
-712.5650,-224.0360,-527.7000,0.500000,-0.500000,-0.500000,0.500000,900.0000,0.100020,96.522019,extrusion,237,4316
-712.9550,-223.1890,-527.7000,0.500000,-0.500000,-0.500000,0.500000,900.0000,0.100010,96.527019,extrusion,237,4317
-713.4860,-222.4220,-527.7000,0.500000,-0.500000,-0.500000,0.500000,900.0000,0.100050,96.524506,extrusion,237,4318
-714.1420,-221.7600,-527.7000,0.500000,-0.500000,-0.500000,0.500000,900.0000,0.099950,96.520685,extrusion,237,4319
-714.9030,-221.2210,-527.7000,0.500000,-0.500000,-0.500000,0.500000,900.0000,0.100020,96.529289,extrusion,237,4320
-715.7470,-220.8230,-527.7000,0.500000,-0.500000,-0.500000,0.500000,900.0000,0.100080,96.526278,extrusion,237,4321
-716.6460,-220.5770,-527.7000,0.500000,-0.500000,-0.500000,0.500000,900.0000,0.099960,96.522730,extrusion,237,4322
-717.5740,-220.4920,-527.7000,0.500000,-0.500000,-0.500000,0.500000,900.0000,0.099940,96.520530,extrusion,237,4323
-718.5040,-220.5680,-527.7000,0.500000,-0.500000,-0.500000,0.500000,900.0000,0.100070,96.520180,extrusion,237,4324
-719.4060,-220.8050,-527.7000,0.500000,-0.500000,-0.500000,0.500000,900.0000,0.100020,96.522019,extrusion,237,4325
-720.2530,-221.1950,-527.7000,0.500000,-0.500000,-0.500000,0.500000,900.0000,0.100010,96.527019,extrusion,237,4326
-721.0190,-221.7260,-527.7000,0.500000,-0.500000,-0.500000,0.500000,900.0000,0.099960,96.522730,extrusion,237,4327
-721.6810,-222.3820,-527.7000,0.500000,-0.500000,-0.500000,0.500000,900.0000,0.099950,96.520685,extrusion,237,4328
-722.2200,-223.1430,-527.7000,0.500000,-0.500000,-0.500000,0.500000,900.0000,0.100020,96.529289,extrusion,237,4329
-722.6180,-223.9860,-527.7000,0.500000,-0.500000,-0.500000,0.500000,900.0000,0.099980,96.523378,extrusion,237,4330
-722.8640,-224.8860,-527.7000,0.500000,-0.500000,-0.500000,0.500000,900.0000,0.100070,96.529050,extrusion,237,4331
-722.9500,-225.8140,-527.7000,0.500000,-0.500000,-0.500000,0.500000,900.0000,0.099950,96.520685,extrusion,237,4332
-722.8730,-226.7440,-527.7000,0.500000,-0.500000,-0.500000,0.500000,900.0000,0.100080,96.521345,extrusion,237,4333
-722.6360,-227.6450,-527.7000,0.500000,-0.500000,-0.500000,0.500000,900.0000,0.099920,96.525615,extrusion,237,4334
-722.2460,-228.4920,-527.7000,0.500000,-0.500000,-0.500000,0.500000,900.0000,0.100010,96.527019,extrusion,237,4335
-721.7150,-229.2590,-527.7000,0.500000,-0.500000,-0.500000,0.500000,900.0000,0.100050,96.524506,extrusion,237,4336
-721.0590,-229.9210,-527.7000,0.500000,-0.500000,-0.500000,0.500000,900.0000,0.099950,96.520685,extrusion,237,4337
-720.2980,-230.4600,-527.7000,0.500000,-0.500000,-0.500000,0.500000,900.0000,0.100020,96.529289,extrusion,237,4338
-719.4550,-230.8580,-527.7000,0.500000,-0.500000,-0.500000,0.500000,900.0000,0.099980,96.523378,extrusion,237,4339
-718.5560,-231.1040,-527.7000,0.500000,-0.500000,-0.500000,0.500000,900.0000,0.099960,96.522730,extrusion,237,4340
-717.6270,-231.1900,-527.7000,0.500000,-0.500000,-0.500000,0.500000,900.0000,0.100060,96.523783,extrusion,237,4341
-716.6980,-231.1130,-527.7000,0.500000,-0.500000,-0.500000,0.500000,900.0000,0.099980,96.527987,extrusion,237,4342
-715.8190,-230.8820,-527.7000,0.500000,-0.500000,-0.500000,0.500000,900.0000,0.097470,96.521247,extrusion,237,4343
-698.5540,-167.6180,-527.7000,0.500000,-0.500000,-0.500000,0.500000,900.0000,0.000000,0.000000,travel,238,4345
-698.5540,-161.7940,-527.7000,0.500000,-0.500000,-0.500000,0.500000,900.0000,0.624620,96.524382,extrusion,239,4347
-736.6470,-161.7940,-527.7000,0.500000,-0.500000,-0.500000,0.500000,900.0000,4.085460,96.524663,extrusion,239,4348
-736.6470,-239.8870,-527.7000,0.500000,-0.500000,-0.500000,0.500000,900.0000,8.375450,96.524721,extrusion,239,4349
-698.5540,-239.8870,-527.7000,0.500000,-0.500000,-0.500000,0.500000,900.0000,4.085460,96.524663,extrusion,239,4350
-698.5540,-232.4630,-527.7000,0.500000,-0.500000,-0.500000,0.500000,900.0000,0.796220,96.524515,extrusion,239,4351
-698.5540,-167.6180,-527.7000,0.500000,-0.500000,-0.500000,0.500000,900.0000,6.954610,96.524774,extrusion,239,4352
-697.9510,-167.6180,-527.7000,0.500000,-0.500000,-0.500000,0.500000,900.0000,0.000000,0.000000,travel,240,4353
-697.9510,-161.1910,-527.7000,0.500000,-0.500000,-0.500000,0.500000,900.0000,0.689290,96.524195,extrusion,241,4355
-737.2510,-161.1910,-527.7000,0.500000,-0.500000,-0.500000,0.500000,900.0000,4.214920,96.524885,extrusion,241,4356
-737.2510,-240.4910,-527.7000,0.500000,-0.500000,-0.500000,0.500000,900.0000,8.504910,96.524830,extrusion,241,4357
-697.9510,-240.4910,-527.7000,0.500000,-0.500000,-0.500000,0.500000,900.0000,4.214920,96.524885,extrusion,241,4358
-697.9510,-232.4630,-527.7000,0.500000,-0.500000,-0.500000,0.500000,900.0000,0.861000,96.524664,extrusion,241,4359
-697.9510,-167.6180,-527.7000,0.500000,-0.500000,-0.500000,0.500000,900.0000,6.954610,96.524774,extrusion,241,4360
-712.4330,-197.4740,-527.7000,0.500000,-0.500000,-0.500000,0.500000,900.0000,0.000000,0.000000,travel,242,4362
-708.5060,-201.4020,-527.7000,0.500000,-0.500000,-0.500000,0.500000,900.0000,0.595700,96.524801,extrusion,243,4365
-708.5060,-203.9350,-527.7000,0.500000,-0.500000,-0.500000,0.500000,900.0000,0.271660,96.523490,extrusion,243,4366
-714.5060,-203.9350,-527.7000,0.500000,-0.500000,-0.500000,0.500000,900.0000,0.643500,96.525000,extrusion,243,4367
-720.6960,-197.7460,-527.7000,0.500000,-0.500000,-0.500000,0.500000,900.0000,0.938790,96.525131,extrusion,243,4368
-726.6960,-197.7460,-527.7000,0.500000,-0.500000,-0.500000,0.500000,900.0000,0.643500,96.525000,extrusion,243,4369
-726.6960,-200.2800,-527.7000,0.500000,-0.500000,-0.500000,0.500000,900.0000,0.271770,96.524467,extrusion,243,4370
-722.7680,-204.2070,-527.7000,0.500000,-0.500000,-0.500000,0.500000,900.0000,0.595700,96.524801,extrusion,243,4371
-736.0310,-239.3860,-527.7000,0.500000,-0.500000,-0.500000,0.500000,900.0000,0.000000,0.000000,travel,244,4373
-736.0970,-239.4520,-527.7000,0.500000,-0.500000,-0.500000,0.500000,1500.0000,0.012440,199.918372,extrusion,245,4377
-736.1880,-239.4280,-527.7000,0.500000,-0.500000,-0.500000,0.500000,1500.0000,0.012540,199.869015,extrusion,245,4378
-736.2120,-239.3370,-527.7000,0.500000,-0.500000,-0.500000,0.500000,1500.0000,0.012540,199.869015,extrusion,245,4379
-736.1460,-239.2710,-527.7000,0.500000,-0.500000,-0.500000,0.500000,1500.0000,0.012440,199.918372,extrusion,245,4380
-736.0550,-239.2950,-527.7000,0.500000,-0.500000,-0.500000,0.500000,1500.0000,0.012540,199.869015,extrusion,245,4381
-736.3910,-238.1160,-527.7000,0.500000,-0.500000,-0.500000,0.500000,900.0000,0.000000,0.000000,travel,246,4383
-736.4360,-238.1610,-527.7000,0.500000,-0.500000,-0.500000,0.500000,1500.0000,0.005770,136.000204,extrusion,247,4386
-736.4970,-238.1450,-527.7000,0.500000,-0.500000,-0.500000,0.500000,1500.0000,0.005720,136.053429,extrusion,247,4387
-736.5140,-238.0830,-527.7000,0.500000,-0.500000,-0.500000,0.500000,1500.0000,0.005830,136.027624,extrusion,247,4388
-736.4690,-238.0380,-527.7000,0.500000,-0.500000,-0.500000,0.500000,1500.0000,0.005770,136.000204,extrusion,247,4389
-736.4070,-238.0550,-527.7000,0.500000,-0.500000,-0.500000,0.500000,1500.0000,0.005830,136.027624,extrusion,247,4390
-736.3010,-238.1930,-527.7000,0.500000,-0.500000,-0.500000,0.500000,1500.0000,0.017220,148.438471,extrusion,247,4392
-736.1950,-238.3310,-527.7000,0.500000,-0.500000,-0.500000,0.500000,1500.0000,0.018660,160.851444,extrusion,247,4394
-735.0910,-239.4350,-527.7000,0.500000,-0.500000,-0.500000,0.500000,1500.0000,0.167450,160.876400,extrusion,247,4395
-734.9530,-239.5410,-527.7000,0.500000,-0.500000,-0.500000,0.500000,1500.0000,0.018660,160.851444,extrusion,247,4396
-734.8150,-239.6470,-527.7000,0.500000,-0.500000,-0.500000,0.500000,1500.0000,0.017220,148.438471,extrusion,247,4398
-734.8760,-239.6310,-527.7000,0.500000,-0.500000,-0.500000,0.500000,1500.0000,0.005720,136.053429,extrusion,247,4400
-734.9210,-239.6760,-527.7000,0.500000,-0.500000,-0.500000,0.500000,1500.0000,0.005770,136.000204,extrusion,247,4401
-734.9050,-239.7370,-527.7000,0.500000,-0.500000,-0.500000,0.500000,1500.0000,0.005720,136.053429,extrusion,247,4402
-734.8430,-239.7540,-527.7000,0.500000,-0.500000,-0.500000,0.500000,1500.0000,0.005830,136.027624,extrusion,247,4403
-734.7980,-239.7090,-527.7000,0.500000,-0.500000,-0.500000,0.500000,1500.0000,0.005770,136.000204,extrusion,247,4404
-734.2380,-239.4350,-527.7000,0.500000,-0.500000,-0.500000,0.500000,1500.0000,0.066860,160.865817,extrusion,247,4406
-736.1950,-237.4780,-527.7000,0.500000,-0.500000,-0.500000,0.500000,1500.0000,0.296830,160.876729,extrusion,247,4407
-736.1950,-236.6250,-527.7000,0.500000,-0.500000,-0.500000,0.500000,1500.0000,0.091480,160.867526,extrusion,247,4408
-733.3850,-239.4350,-527.7000,0.500000,-0.500000,-0.500000,0.500000,1500.0000,0.426200,160.873084,extrusion,247,4409
-732.5310,-239.4350,-527.7000,0.500000,-0.500000,-0.500000,0.500000,1500.0000,0.091590,160.872365,extrusion,247,4410
-736.1950,-235.7710,-527.7000,0.500000,-0.500000,-0.500000,0.500000,1500.0000,0.555730,160.873547,extrusion,247,4411
-736.1950,-234.9180,-527.7000,0.500000,-0.500000,-0.500000,0.500000,1500.0000,0.091480,160.867526,extrusion,247,4412
-731.6780,-239.4350,-527.7000,0.500000,-0.500000,-0.500000,0.500000,1500.0000,0.685110,160.874229,extrusion,247,4413
-730.8250,-239.4350,-527.7000,0.500000,-0.500000,-0.500000,0.500000,1500.0000,0.091480,160.867526,extrusion,247,4414
-736.1950,-234.0640,-527.7000,0.500000,-0.500000,-0.500000,0.500000,1500.0000,0.814570,160.875515,extrusion,247,4415
-736.1950,-233.2110,-527.7000,0.500000,-0.500000,-0.500000,0.500000,1500.0000,0.091480,160.867526,extrusion,247,4416
-729.9710,-239.4350,-527.7000,0.500000,-0.500000,-0.500000,0.500000,1500.0000,0.944020,160.874745,extrusion,247,4417
-729.1180,-239.4350,-527.7000,0.500000,-0.500000,-0.500000,0.500000,1500.0000,0.091480,160.867526,extrusion,247,4418
-736.1950,-232.3580,-527.7000,0.500000,-0.500000,-0.500000,0.500000,1500.0000,1.073400,160.875036,extrusion,247,4419
-736.1950,-231.5040,-527.7000,0.500000,-0.500000,-0.500000,0.500000,1500.0000,0.091590,160.872365,extrusion,247,4420
-728.2640,-239.4350,-527.7000,0.500000,-0.500000,-0.500000,0.500000,1500.0000,1.202930,160.875040,extrusion,247,4421
-727.4110,-239.4350,-527.7000,0.500000,-0.500000,-0.500000,0.500000,1500.0000,0.091480,160.867526,extrusion,247,4422
-736.1950,-230.6510,-527.7000,0.500000,-0.500000,-0.500000,0.500000,1500.0000,1.332300,160.874038,extrusion,247,4423
-736.1950,-229.7980,-527.7000,0.500000,-0.500000,-0.500000,0.500000,1500.0000,0.091480,160.867526,extrusion,247,4424
-726.5580,-239.4350,-527.7000,0.500000,-0.500000,-0.500000,0.500000,1500.0000,1.461680,160.874314,extrusion,247,4425
-725.7040,-239.4350,-527.7000,0.500000,-0.500000,-0.500000,0.500000,1500.0000,0.091590,160.872365,extrusion,247,4426
-736.1950,-228.9440,-527.7000,0.500000,-0.500000,-0.500000,0.500000,1500.0000,1.591210,160.874375,extrusion,247,4427
-736.1950,-228.0910,-527.7000,0.500000,-0.500000,-0.500000,0.500000,1500.0000,0.091480,160.867526,extrusion,247,4428
-724.8510,-239.4350,-527.7000,0.500000,-0.500000,-0.500000,0.500000,1500.0000,1.720590,160.874584,extrusion,247,4429
-723.9980,-239.4350,-527.7000,0.500000,-0.500000,-0.500000,0.500000,1500.0000,0.091480,160.867526,extrusion,247,4430
-736.1950,-227.2370,-527.7000,0.500000,-0.500000,-0.500000,0.500000,1500.0000,1.850040,160.874256,extrusion,247,4431
-736.1950,-226.3840,-527.7000,0.500000,-0.500000,-0.500000,0.500000,1500.0000,0.091480,160.867526,extrusion,247,4432
-723.1440,-239.4350,-527.7000,0.500000,-0.500000,-0.500000,0.500000,1500.0000,1.979500,160.874784,extrusion,247,4433
-722.2910,-239.4350,-527.7000,0.500000,-0.500000,-0.500000,0.500000,1500.0000,0.091480,160.867526,extrusion,247,4434
-736.1950,-225.5310,-527.7000,0.500000,-0.500000,-0.500000,0.500000,1500.0000,2.108880,160.874930,extrusion,247,4435
-736.1950,-224.6770,-527.7000,0.500000,-0.500000,-0.500000,0.500000,1500.0000,0.091590,160.872365,extrusion,247,4436
-721.4370,-239.4350,-527.7000,0.500000,-0.500000,-0.500000,0.500000,1500.0000,2.238410,160.874938,extrusion,247,4437
-720.5840,-239.4350,-527.7000,0.500000,-0.500000,-0.500000,0.500000,1500.0000,0.091480,160.867526,extrusion,247,4438
-736.1950,-223.8240,-527.7000,0.500000,-0.500000,-0.500000,0.500000,1500.0000,2.367780,160.874380,extrusion,247,4439
-736.1950,-222.9700,-527.7000,0.500000,-0.500000,-0.500000,0.500000,1500.0000,0.091590,160.872365,extrusion,247,4440
-719.7310,-239.4350,-527.7000,0.500000,-0.500000,-0.500000,0.500000,1500.0000,2.497240,160.874792,extrusion,247,4441
-718.8770,-239.4350,-527.7000,0.500000,-0.500000,-0.500000,0.500000,1500.0000,0.091590,160.872365,extrusion,247,4442
-736.1950,-222.1170,-527.7000,0.500000,-0.500000,-0.500000,0.500000,1500.0000,2.626690,160.874551,extrusion,247,4443
-736.1950,-221.2640,-527.7000,0.500000,-0.500000,-0.500000,0.500000,1500.0000,0.091480,160.867526,extrusion,247,4444
-718.0240,-239.4350,-527.7000,0.500000,-0.500000,-0.500000,0.500000,1500.0000,2.756070,160.874673,extrusion,247,4445
-717.1710,-239.4350,-527.7000,0.500000,-0.500000,-0.500000,0.500000,1500.0000,0.091480,160.867526,extrusion,247,4446
-736.1950,-220.4100,-527.7000,0.500000,-0.500000,-0.500000,0.500000,1500.0000,2.885520,160.874459,extrusion,247,4447
-736.1950,-219.5570,-527.7000,0.500000,-0.500000,-0.500000,0.500000,1500.0000,0.091480,160.867526,extrusion,247,4448
-716.3170,-239.4350,-527.7000,0.500000,-0.500000,-0.500000,0.500000,1500.0000,3.014980,160.874796,extrusion,247,4449
-715.4640,-239.4350,-527.7000,0.500000,-0.500000,-0.500000,0.500000,1500.0000,0.091480,160.867526,extrusion,247,4450
-736.1950,-218.7040,-527.7000,0.500000,-0.500000,-0.500000,0.500000,1500.0000,3.144350,160.874382,extrusion,247,4451
-736.1950,-217.8500,-527.7000,0.500000,-0.500000,-0.500000,0.500000,1500.0000,0.091590,160.872365,extrusion,247,4452
-714.6100,-239.4350,-527.7000,0.500000,-0.500000,-0.500000,0.500000,1500.0000,3.273880,160.874409,extrusion,247,4453
-713.7570,-239.4350,-527.7000,0.500000,-0.500000,-0.500000,0.500000,1500.0000,0.091480,160.867526,extrusion,247,4454
-736.1950,-216.9970,-527.7000,0.500000,-0.500000,-0.500000,0.500000,1500.0000,3.403260,160.874514,extrusion,247,4455
-736.2610,-216.7610,-527.7000,0.500000,-0.500000,-0.500000,0.500000,1500.0000,0.026280,160.861784,extrusion,247,4456
-736.3260,-216.5250,-527.7000,0.500000,-0.500000,-0.500000,0.500000,1500.0000,0.024220,148.414342,extrusion,247,4458
-736.3880,-216.5090,-527.7000,0.500000,-0.500000,-0.500000,0.500000,1500.0000,0.005800,135.871173,extrusion,247,4460
-736.4330,-216.5540,-527.7000,0.500000,-0.500000,-0.500000,0.500000,1500.0000,0.005770,136.000204,extrusion,247,4461
-736.4170,-216.6150,-527.7000,0.500000,-0.500000,-0.500000,0.500000,1500.0000,0.005720,136.053429,extrusion,247,4462
-736.3550,-216.6320,-527.7000,0.500000,-0.500000,-0.500000,0.500000,1500.0000,0.005830,136.027624,extrusion,247,4463
-736.3100,-216.5870,-527.7000,0.500000,-0.500000,-0.500000,0.500000,1500.0000,0.005770,136.000204,extrusion,247,4464
-722.4530,-229.9460,-527.7000,0.500000,-0.500000,-0.500000,0.500000,900.0000,0.000000,0.000000,travel,248,4467
-722.3900,-230.0160,-527.7000,0.500000,-0.500000,-0.500000,0.500000,1500.0000,0.008670,138.093434,extrusion,249,4470
-721.6960,-230.7020,-527.7000,0.500000,-0.500000,-0.500000,0.500000,1500.0000,0.090060,138.436884,extrusion,249,4472
-721.4830,-230.8850,-527.7000,0.500000,-0.500000,-0.500000,0.500000,1500.0000,0.028020,149.670604,extrusion,249,4474
-721.2690,-231.0690,-527.7000,0.500000,-0.500000,-0.500000,0.500000,1500.0000,0.030270,160.881215,extrusion,249,4476
-712.9040,-239.4350,-527.7000,0.500000,-0.500000,-0.500000,0.500000,1500.0000,1.268830,160.874717,extrusion,249,4477
-712.0500,-239.4350,-527.7000,0.500000,-0.500000,-0.500000,0.500000,1500.0000,0.091590,160.872365,extrusion,249,4478
-719.5570,-231.9280,-527.7000,0.500000,-0.500000,-0.500000,0.500000,1500.0000,1.138620,160.875035,extrusion,249,4479
-719.7390,-231.7970,-527.7000,0.500000,-0.500000,-0.500000,0.500000,1500.0000,0.024050,160.874464,extrusion,249,4480
-719.9220,-231.6650,-527.7000,0.500000,-0.500000,-0.500000,0.500000,1500.0000,0.022330,148.445022,extrusion,249,4482
-719.9670,-231.7100,-527.7000,0.500000,-0.500000,-0.500000,0.500000,1500.0000,0.005770,136.000204,extrusion,249,4484
-720.0280,-231.6940,-527.7000,0.500000,-0.500000,-0.500000,0.500000,1500.0000,0.005720,136.053429,extrusion,249,4485
-720.0450,-231.6320,-527.7000,0.500000,-0.500000,-0.500000,0.500000,1500.0000,0.005830,136.027624,extrusion,249,4486
-720.0000,-231.5870,-527.7000,0.500000,-0.500000,-0.500000,0.500000,1500.0000,0.005770,136.000204,extrusion,249,4487
-719.9380,-231.6040,-527.7000,0.500000,-0.500000,-0.500000,0.500000,1500.0000,0.005830,136.027624,extrusion,249,4488
-718.4580,-232.1740,-527.7000,0.500000,-0.500000,-0.500000,0.500000,900.0000,0.000000,0.000000,travel,250,4490
-711.1970,-239.4350,-527.7000,0.500000,-0.500000,-0.500000,0.500000,1500.0000,1.101310,160.875314,extrusion,251,4493
-710.3440,-239.4350,-527.7000,0.500000,-0.500000,-0.500000,0.500000,1500.0000,0.091480,160.867526,extrusion,251,4494
-717.5360,-232.2420,-527.7000,0.500000,-0.500000,-0.500000,0.500000,1500.0000,1.090920,160.875272,extrusion,251,4495
-716.7470,-232.1770,-527.7000,0.500000,-0.500000,-0.500000,0.500000,1500.0000,0.084910,160.880836,extrusion,251,4496
-709.4900,-239.4350,-527.7000,0.500000,-0.500000,-0.500000,0.500000,1500.0000,1.100770,160.873978,extrusion,251,4497
-708.6370,-239.4350,-527.7000,0.500000,-0.500000,-0.500000,0.500000,1500.0000,0.091480,160.867526,extrusion,251,4498
-716.0370,-232.0340,-527.7000,0.500000,-0.500000,-0.500000,0.500000,1500.0000,1.122460,160.874078,extrusion,251,4499
-715.3750,-231.8430,-527.7000,0.500000,-0.500000,-0.500000,0.500000,1500.0000,0.073900,160.884663,extrusion,251,4500
-707.7830,-239.4350,-527.7000,0.500000,-0.500000,-0.500000,0.500000,1500.0000,1.151510,160.874709,extrusion,251,4501
-706.9300,-239.4350,-527.7000,0.500000,-0.500000,-0.500000,0.500000,1500.0000,0.091480,160.867526,extrusion,251,4502
-714.7880,-231.5760,-527.7000,0.500000,-0.500000,-0.500000,0.500000,1500.0000,1.191930,160.874553,extrusion,251,4503
-714.2320,-231.2790,-527.7000,0.500000,-0.500000,-0.500000,0.500000,1500.0000,0.067610,160.886024,extrusion,251,4504
-706.0770,-239.4350,-527.7000,0.500000,-0.500000,-0.500000,0.500000,1500.0000,1.236980,160.874921,extrusion,251,4505
-705.2230,-239.4350,-527.7000,0.500000,-0.500000,-0.500000,0.500000,1500.0000,0.091590,160.872365,extrusion,251,4506
-713.7300,-230.9280,-527.7000,0.500000,-0.500000,-0.500000,0.500000,1500.0000,1.290290,160.874481,extrusion,251,4507
-713.2660,-230.5380,-527.7000,0.500000,-0.500000,-0.500000,0.500000,1500.0000,0.065010,160.880799,extrusion,251,4508
-704.3700,-239.4350,-527.7000,0.500000,-0.500000,-0.500000,0.500000,1500.0000,1.349370,160.874840,extrusion,251,4509
-703.5160,-239.4350,-527.7000,0.500000,-0.500000,-0.500000,0.500000,1500.0000,0.091590,160.872365,extrusion,251,4510
-712.8390,-230.1120,-527.7000,0.500000,-0.500000,-0.500000,0.500000,1500.0000,1.414060,160.874946,extrusion,251,4511
-712.4630,-229.6350,-527.7000,0.500000,-0.500000,-0.500000,0.500000,1500.0000,0.065140,160.872475,extrusion,251,4512
-702.6630,-239.4350,-527.7000,0.500000,-0.500000,-0.500000,0.500000,1500.0000,1.486410,160.875090,extrusion,251,4513
-701.8100,-239.4350,-527.7000,0.500000,-0.500000,-0.500000,0.500000,1500.0000,0.091480,160.867526,extrusion,251,4514
-712.1140,-229.1310,-527.7000,0.500000,-0.500000,-0.500000,0.500000,1500.0000,1.562850,160.874685,extrusion,251,4515
-711.8260,-228.5650,-527.7000,0.500000,-0.500000,-0.500000,0.500000,1500.0000,0.068110,160.874803,extrusion,251,4516
-700.9560,-239.4350,-527.7000,0.500000,-0.500000,-0.500000,0.500000,1500.0000,1.648700,160.874924,extrusion,251,4517
-700.1030,-239.4350,-527.7000,0.500000,-0.500000,-0.500000,0.500000,1500.0000,0.091480,160.867526,extrusion,251,4518
-711.5650,-227.9730,-527.7000,0.500000,-0.500000,-0.500000,0.500000,1500.0000,1.738490,160.874813,extrusion,251,4519
-711.3830,-227.3010,-527.7000,0.500000,-0.500000,-0.500000,0.500000,1500.0000,0.074670,160.878244,extrusion,251,4520
-699.2500,-239.4350,-527.7000,0.500000,-0.500000,-0.500000,0.500000,1500.0000,1.840340,160.874879,extrusion,251,4521
-699.0070,-238.8240,-527.7000,0.500000,-0.500000,-0.500000,0.500000,1500.0000,0.070520,160.870268,extrusion,251,4522
-711.2580,-226.5730,-527.7000,0.500000,-0.500000,-0.500000,0.500000,1500.0000,1.858160,160.874729,extrusion,251,4523
-711.4220,-225.5200,-527.7000,0.500000,-0.500000,-0.500000,0.500000,1500.0000,0.114300,160.880986,extrusion,251,4524
-711.4830,-225.5030,-527.7000,0.500000,-0.500000,-0.500000,0.500000,1500.0000,0.005740,135.966202,extrusion,251,4526
-711.5290,-225.5480,-527.7000,0.500000,-0.500000,-0.500000,0.500000,1500.0000,0.005830,135.896164,extrusion,251,4527
-711.5120,-225.6100,-527.7000,0.500000,-0.500000,-0.500000,0.500000,1500.0000,0.005830,136.027624,extrusion,251,4528
-711.4500,-225.6270,-527.7000,0.500000,-0.500000,-0.500000,0.500000,1500.0000,0.005830,136.027624,extrusion,251,4529
-711.4050,-225.5810,-527.7000,0.500000,-0.500000,-0.500000,0.500000,1500.0000,0.005830,135.896164,extrusion,251,4530
-711.3020,-225.6800,-527.7000,0.500000,-0.500000,-0.500000,0.500000,1500.0000,0.014140,148.463319,extrusion,251,4532
-699.0070,-237.9710,-527.7000,0.500000,-0.500000,-0.500000,0.500000,1500.0000,1.864530,160.874700,extrusion,251,4534
-699.0070,-237.1170,-527.7000,0.500000,-0.500000,-0.500000,0.500000,1500.0000,0.091590,160.872365,extrusion,251,4535
-711.2810,-224.8430,-527.7000,0.500000,-0.500000,-0.500000,0.500000,1500.0000,1.861650,160.874858,extrusion,251,4536
-711.8130,-223.2330,-527.7000,0.500000,-0.500000,-0.500000,0.500000,900.0000,0.000000,0.000000,travel,252,4538
-711.8750,-223.2170,-527.7000,0.500000,-0.500000,-0.500000,0.500000,1500.0000,0.005800,135.871173,extrusion,253,4541
-711.9200,-223.2620,-527.7000,0.500000,-0.500000,-0.500000,0.500000,1500.0000,0.005770,136.000204,extrusion,253,4542
-711.9030,-223.3240,-527.7000,0.500000,-0.500000,-0.500000,0.500000,1500.0000,0.005830,136.027624,extrusion,253,4543
-711.8420,-223.3400,-527.7000,0.500000,-0.500000,-0.500000,0.500000,1500.0000,0.005720,136.053429,extrusion,253,4544
-711.7960,-223.2950,-527.7000,0.500000,-0.500000,-0.500000,0.500000,1500.0000,0.005830,135.896164,extrusion,253,4545
-711.6810,-223.5000,-527.7000,0.500000,-0.500000,-0.500000,0.500000,1500.0000,0.023260,148.434491,extrusion,253,4547
-711.5660,-223.7050,-527.7000,0.500000,-0.500000,-0.500000,0.500000,1500.0000,0.025210,160.878483,extrusion,253,4549
-699.0070,-236.2640,-527.7000,0.500000,-0.500000,-0.500000,0.500000,1500.0000,1.904870,160.874253,extrusion,253,4550
-699.0070,-235.4110,-527.7000,0.500000,-0.500000,-0.500000,0.500000,1500.0000,0.091480,160.867526,extrusion,253,4551
-712.7240,-221.6930,-527.7000,0.500000,-0.500000,-0.500000,0.500000,1500.0000,2.080590,160.874718,extrusion,253,4552
-722.8190,-229.5190,-527.7000,0.500000,-0.500000,-0.500000,0.500000,900.0000,0.000000,0.000000,travel,254,4555
-736.1950,-216.1430,-527.7000,0.500000,-0.500000,-0.500000,0.500000,1500.0000,2.028790,160.874458,extrusion,255,4557
-736.1950,-215.2900,-527.7000,0.500000,-0.500000,-0.500000,0.500000,1500.0000,0.091480,160.867526,extrusion,255,4558
-723.6830,-227.8020,-527.7000,0.500000,-0.500000,-0.500000,0.500000,1500.0000,1.897750,160.874987,extrusion,255,4559
-723.5430,-227.8830,-527.7000,0.500000,-0.500000,-0.500000,0.500000,1500.0000,0.017350,160.902787,extrusion,255,4560
-723.4030,-227.9640,-527.7000,0.500000,-0.500000,-0.500000,0.500000,1500.0000,0.016000,148.382974,extrusion,255,4562
-723.4100,-228.2290,-527.7000,0.500000,-0.500000,-0.500000,0.500000,1500.0000,0.024030,135.971439,extrusion,255,4564
-723.4050,-227.9610,-527.7000,0.500000,-0.500000,-0.500000,0.500000,1500.0000,0.024300,135.983799,extrusion,255,4565
-723.9320,-226.6990,-527.7000,0.500000,-0.500000,-0.500000,0.500000,900.0000,0.000000,0.000000,travel,256,4567
-736.1950,-214.4370,-527.7000,0.500000,-0.500000,-0.500000,0.500000,1500.0000,1.859900,160.874361,extrusion,257,4570
-736.1950,-213.5830,-527.7000,0.500000,-0.500000,-0.500000,0.500000,1500.0000,0.091590,160.872365,extrusion,257,4571
-724.0020,-225.7760,-527.7000,0.500000,-0.500000,-0.500000,0.500000,1500.0000,1.849360,160.874477,extrusion,257,4572
-723.9330,-224.9920,-527.7000,0.500000,-0.500000,-0.500000,0.500000,1500.0000,0.084410,160.876867,extrusion,257,4573
-736.1950,-212.7300,-527.7000,0.500000,-0.500000,-0.500000,0.500000,1500.0000,1.859830,160.874866,extrusion,257,4574
-736.1950,-211.8770,-527.7000,0.500000,-0.500000,-0.500000,0.500000,1500.0000,0.091480,160.867526,extrusion,257,4575
-723.7900,-224.2810,-527.7000,0.500000,-0.500000,-0.500000,0.500000,1500.0000,1.881440,160.874559,extrusion,257,4576
-723.6050,-223.6130,-527.7000,0.500000,-0.500000,-0.500000,0.500000,1500.0000,0.074340,160.875596,extrusion,257,4577
-736.1950,-211.0230,-527.7000,0.500000,-0.500000,-0.500000,0.500000,1500.0000,1.909580,160.874937,extrusion,257,4578
-736.1950,-210.1700,-527.7000,0.500000,-0.500000,-0.500000,0.500000,1500.0000,0.091480,160.867526,extrusion,257,4579
-723.3330,-223.0320,-527.7000,0.500000,-0.500000,-0.500000,0.500000,1500.0000,1.950830,160.874489,extrusion,257,4580
-723.0370,-222.4750,-527.7000,0.500000,-0.500000,-0.500000,0.500000,1500.0000,0.067650,160.875975,extrusion,257,4581
-736.1950,-209.3160,-527.7000,0.500000,-0.500000,-0.500000,0.500000,1500.0000,1.995800,160.874383,extrusion,257,4582
-736.1950,-208.4630,-527.7000,0.500000,-0.500000,-0.500000,0.500000,1500.0000,0.091480,160.867526,extrusion,257,4583
-722.6870,-221.9710,-527.7000,0.500000,-0.500000,-0.500000,0.500000,1500.0000,2.048810,160.874383,extrusion,257,4584
-722.2980,-221.5070,-527.7000,0.500000,-0.500000,-0.500000,0.500000,1500.0000,0.064940,160.878217,extrusion,257,4585
-736.1950,-207.6100,-527.7000,0.500000,-0.500000,-0.500000,0.500000,1500.0000,2.107810,160.874298,extrusion,257,4586
-736.1950,-206.7560,-527.7000,0.500000,-0.500000,-0.500000,0.500000,1500.0000,0.091590,160.872365,extrusion,257,4587
-721.8690,-221.0820,-527.7000,0.500000,-0.500000,-0.500000,0.500000,1500.0000,2.172880,160.874443,extrusion,257,4588
-721.3940,-220.7030,-527.7000,0.500000,-0.500000,-0.500000,0.500000,1500.0000,0.065170,160.867873,extrusion,257,4589
-736.1950,-205.9030,-527.7000,0.500000,-0.500000,-0.500000,0.500000,1500.0000,2.244850,160.874496,extrusion,257,4590
-736.1950,-205.0500,-527.7000,0.500000,-0.500000,-0.500000,0.500000,1500.0000,0.091480,160.867526,extrusion,257,4591
-720.8940,-220.3500,-527.7000,0.500000,-0.500000,-0.500000,0.500000,1500.0000,2.320690,160.874707,extrusion,257,4592
-720.3270,-220.0640,-527.7000,0.500000,-0.500000,-0.500000,0.500000,1500.0000,0.068110,160.877795,extrusion,257,4593
-736.1950,-204.1960,-527.7000,0.500000,-0.500000,-0.500000,0.500000,1500.0000,2.406760,160.874368,extrusion,257,4594
-736.1950,-203.3430,-527.7000,0.500000,-0.500000,-0.500000,0.500000,1500.0000,0.091480,160.867526,extrusion,257,4595
-719.7330,-219.8040,-527.7000,0.500000,-0.500000,-0.500000,0.500000,1500.0000,2.496780,160.874471,extrusion,257,4596
-719.0610,-219.6230,-527.7000,0.500000,-0.500000,-0.500000,0.500000,1500.0000,0.074640,160.873859,extrusion,257,4597
-736.1950,-202.4890,-527.7000,0.500000,-0.500000,-0.500000,0.500000,1500.0000,2.598780,160.874428,extrusion,257,4598
-736.1950,-201.6360,-527.7000,0.500000,-0.500000,-0.500000,0.500000,1500.0000,0.091480,160.867526,extrusion,257,4599
-718.3330,-219.4980,-527.7000,0.500000,-0.500000,-0.500000,0.500000,1500.0000,2.709200,160.874512,extrusion,257,4600
-717.5380,-219.4390,-527.7000,0.500000,-0.500000,-0.500000,0.500000,1500.0000,0.085500,160.878329,extrusion,257,4601
-736.1950,-200.7830,-527.7000,0.500000,-0.500000,-0.500000,0.500000,1500.0000,2.829710,160.874799,extrusion,257,4602
-736.1950,-199.9290,-527.7000,0.500000,-0.500000,-0.500000,0.500000,1500.0000,0.091590,160.872365,extrusion,257,4603
-716.6030,-219.5210,-527.7000,0.500000,-0.500000,-0.500000,0.500000,1500.0000,2.971600,160.874733,extrusion,257,4604
-714.9770,-220.1170,-527.7000,0.500000,-0.500000,-0.500000,0.500000,900.0000,0.000000,0.000000,travel,258,4606
-715.0220,-220.1620,-527.7000,0.500000,-0.500000,-0.500000,0.500000,1500.0000,0.005770,136.000204,extrusion,259,4609
-715.0840,-220.1460,-527.7000,0.500000,-0.500000,-0.500000,0.500000,1500.0000,0.005800,135.871173,extrusion,259,4610
-715.1000,-220.0840,-527.7000,0.500000,-0.500000,-0.500000,0.500000,1500.0000,0.005800,135.871173,extrusion,259,4611
-715.0550,-220.0390,-527.7000,0.500000,-0.500000,-0.500000,0.500000,1500.0000,0.005770,136.000204,extrusion,259,4612
-714.9940,-220.0550,-527.7000,0.500000,-0.500000,-0.500000,0.500000,1500.0000,0.005720,136.053429,extrusion,259,4613
-715.2290,-219.9300,-527.7000,0.500000,-0.500000,-0.500000,0.500000,1500.0000,0.026340,148.435268,extrusion,259,4615
-715.4650,-219.8050,-527.7000,0.500000,-0.500000,-0.500000,0.500000,1500.0000,0.028640,160.862777,extrusion,259,4617
-736.1950,-199.0760,-527.7000,0.500000,-0.500000,-0.500000,0.500000,1500.0000,3.144130,160.874766,extrusion,259,4618
-736.3260,-197.7510,-527.7000,0.500000,-0.500000,-0.500000,0.500000,900.0000,0.000000,0.000000,travel,260,4620
-736.3880,-197.7340,-527.7000,0.500000,-0.500000,-0.500000,0.500000,1500.0000,0.005830,136.027624,extrusion,261,4623
-736.4330,-197.7790,-527.7000,0.500000,-0.500000,-0.500000,0.500000,1500.0000,0.005770,136.000204,extrusion,261,4624
-736.4170,-197.8410,-527.7000,0.500000,-0.500000,-0.500000,0.500000,1500.0000,0.005800,135.871173,extrusion,261,4625
-736.3550,-197.8570,-527.7000,0.500000,-0.500000,-0.500000,0.500000,1500.0000,0.005800,135.871173,extrusion,261,4626
-736.3100,-197.8120,-527.7000,0.500000,-0.500000,-0.500000,0.500000,1500.0000,0.005770,136.000204,extrusion,261,4627
-736.2520,-198.0170,-527.7000,0.500000,-0.500000,-0.500000,0.500000,1500.0000,0.021080,148.417994,extrusion,261,4629
-736.1950,-198.2230,-527.7000,0.500000,-0.500000,-0.500000,0.500000,1500.0000,0.022920,160.849256,extrusion,261,4631
-713.4900,-220.9270,-527.7000,0.500000,-0.500000,-0.500000,0.500000,1500.0000,3.443680,160.874462,extrusion,261,4632
-699.0070,-234.5570,-527.7000,0.500000,-0.500000,-0.500000,0.500000,900.0000,0.000000,0.000000,travel,262,4635
-736.1950,-197.3690,-527.7000,0.500000,-0.500000,-0.500000,0.500000,1500.0000,5.640450,160.874494,extrusion,263,4637
-736.1950,-196.5160,-527.7000,0.500000,-0.500000,-0.500000,0.500000,1500.0000,0.091480,160.867526,extrusion,263,4638
-699.0070,-233.7040,-527.7000,0.500000,-0.500000,-0.500000,0.500000,1500.0000,5.640450,160.874494,extrusion,263,4639
-699.0070,-232.8500,-527.7000,0.500000,-0.500000,-0.500000,0.500000,1500.0000,0.091590,160.872365,extrusion,263,4640
-736.1950,-195.6620,-527.7000,0.500000,-0.500000,-0.500000,0.500000,1500.0000,5.640450,160.874494,extrusion,263,4641
-736.2610,-195.4270,-527.7000,0.500000,-0.500000,-0.500000,0.500000,1500.0000,0.026180,160.881834,extrusion,263,4642
-736.3260,-195.1910,-527.7000,0.500000,-0.500000,-0.500000,0.500000,1500.0000,0.024220,148.414342,extrusion,263,4644
-736.3880,-195.1740,-527.7000,0.500000,-0.500000,-0.500000,0.500000,1500.0000,0.005830,136.027624,extrusion,263,4646
-736.4330,-195.2190,-527.7000,0.500000,-0.500000,-0.500000,0.500000,1500.0000,0.005770,136.000204,extrusion,263,4647
-736.4170,-195.2810,-527.7000,0.500000,-0.500000,-0.500000,0.500000,1500.0000,0.005800,135.871173,extrusion,263,4648
-736.3550,-195.2970,-527.7000,0.500000,-0.500000,-0.500000,0.500000,1500.0000,0.005800,135.871173,extrusion,263,4649
-736.3100,-195.2520,-527.7000,0.500000,-0.500000,-0.500000,0.500000,1500.0000,0.005770,136.000204,extrusion,263,4650
-727.0770,-204.0860,-527.7000,0.500000,-0.500000,-0.500000,0.500000,900.0000,0.000000,0.000000,travel,264,4653
-727.1390,-204.0700,-527.7000,0.500000,-0.500000,-0.500000,0.500000,1500.0000,0.005800,135.871173,extrusion,265,4655
-727.1840,-204.1150,-527.7000,0.500000,-0.500000,-0.500000,0.500000,1500.0000,0.005770,136.000204,extrusion,265,4656
-727.1670,-204.1770,-527.7000,0.500000,-0.500000,-0.500000,0.500000,1500.0000,0.005830,136.027624,extrusion,265,4657
-727.1060,-204.1930,-527.7000,0.500000,-0.500000,-0.500000,0.500000,1500.0000,0.005720,136.053429,extrusion,265,4658
-727.0610,-204.1480,-527.7000,0.500000,-0.500000,-0.500000,0.500000,1500.0000,0.005770,136.000204,extrusion,265,4659
-726.8470,-204.3170,-527.7000,0.500000,-0.500000,-0.500000,0.500000,1500.0000,0.024720,135.981177,extrusion,265,4660
-726.9080,-204.3010,-527.7000,0.500000,-0.500000,-0.500000,0.500000,1500.0000,0.005720,136.053429,extrusion,265,4661
-726.9530,-204.3460,-527.7000,0.500000,-0.500000,-0.500000,0.500000,1500.0000,0.005770,136.000204,extrusion,265,4662
-726.9370,-204.4070,-527.7000,0.500000,-0.500000,-0.500000,0.500000,1500.0000,0.005720,136.053429,extrusion,265,4663
-726.8750,-204.4240,-527.7000,0.500000,-0.500000,-0.500000,0.500000,1500.0000,0.005830,136.027624,extrusion,265,4664
-726.8300,-204.3790,-527.7000,0.500000,-0.500000,-0.500000,0.500000,1500.0000,0.005770,136.000204,extrusion,265,4665
-726.6470,-204.4590,-527.7000,0.500000,-0.500000,-0.500000,0.500000,1500.0000,0.019760,148.406056,extrusion,265,4667
-726.4650,-204.5390,-527.7000,0.500000,-0.500000,-0.500000,0.500000,1500.0000,0.021320,160.859981,extrusion,265,4669
-699.0070,-231.9970,-527.7000,0.500000,-0.500000,-0.500000,0.500000,1500.0000,4.164670,160.874776,extrusion,265,4670
-699.0070,-231.1440,-527.7000,0.500000,-0.500000,-0.500000,0.500000,1500.0000,0.091480,160.867526,extrusion,265,4671
-725.6120,-204.5390,-527.7000,0.500000,-0.500000,-0.500000,0.500000,1500.0000,4.035290,160.874700,extrusion,265,4672
-724.7580,-204.5390,-527.7000,0.500000,-0.500000,-0.500000,0.500000,1500.0000,0.091590,160.872365,extrusion,265,4673
-699.0070,-230.2900,-527.7000,0.500000,-0.500000,-0.500000,0.500000,1500.0000,3.905760,160.874687,extrusion,265,4674
-699.0070,-229.4370,-527.7000,0.500000,-0.500000,-0.500000,0.500000,1500.0000,0.091480,160.867526,extrusion,265,4675
-723.9050,-204.5390,-527.7000,0.500000,-0.500000,-0.500000,0.500000,1500.0000,3.776380,160.874603,extrusion,265,4676
-723.0510,-204.5390,-527.7000,0.500000,-0.500000,-0.500000,0.500000,1500.0000,0.091590,160.872365,extrusion,265,4677
-699.0070,-228.5840,-527.7000,0.500000,-0.500000,-0.500000,0.500000,1500.0000,3.646930,160.874770,extrusion,265,4678
-699.0070,-227.7300,-527.7000,0.500000,-0.500000,-0.500000,0.500000,1500.0000,0.091590,160.872365,extrusion,265,4679
-722.1980,-204.5390,-527.7000,0.500000,-0.500000,-0.500000,0.500000,1500.0000,3.517470,160.874492,extrusion,265,4680
-721.3450,-204.5390,-527.7000,0.500000,-0.500000,-0.500000,0.500000,1500.0000,0.091480,160.867526,extrusion,265,4681
-699.0070,-226.8770,-527.7000,0.500000,-0.500000,-0.500000,0.500000,1500.0000,3.388090,160.874390,extrusion,265,4682
-699.0070,-226.0230,-527.7000,0.500000,-0.500000,-0.500000,0.500000,1500.0000,0.091590,160.872365,extrusion,265,4683
-720.4910,-204.5390,-527.7000,0.500000,-0.500000,-0.500000,0.500000,1500.0000,3.258570,160.874856,extrusion,265,4684
-719.6380,-204.5390,-527.7000,0.500000,-0.500000,-0.500000,0.500000,1500.0000,0.091480,160.867526,extrusion,265,4685
-699.0070,-225.1700,-527.7000,0.500000,-0.500000,-0.500000,0.500000,1500.0000,3.129190,160.874761,extrusion,265,4686
-699.0070,-224.3170,-527.7000,0.500000,-0.500000,-0.500000,0.500000,1500.0000,0.091480,160.867526,extrusion,265,4687
-718.7850,-204.5390,-527.7000,0.500000,-0.500000,-0.500000,0.500000,1500.0000,2.999810,160.874658,extrusion,265,4688
-717.9310,-204.5390,-527.7000,0.500000,-0.500000,-0.500000,0.500000,1500.0000,0.091590,160.872365,extrusion,265,4689
-699.0070,-223.4630,-527.7000,0.500000,-0.500000,-0.500000,0.500000,1500.0000,2.870280,160.874639,extrusion,265,4690
-699.0070,-222.6100,-527.7000,0.500000,-0.500000,-0.500000,0.500000,1500.0000,0.091480,160.867526,extrusion,265,4691
-717.0780,-204.5390,-527.7000,0.500000,-0.500000,-0.500000,0.500000,1500.0000,2.740900,160.874521,extrusion,265,4692
-716.2240,-204.5390,-527.7000,0.500000,-0.500000,-0.500000,0.500000,1500.0000,0.091590,160.872365,extrusion,265,4693
-699.0070,-221.7570,-527.7000,0.500000,-0.500000,-0.500000,0.500000,1500.0000,2.611450,160.874750,extrusion,265,4694
-699.0070,-220.9030,-527.7000,0.500000,-0.500000,-0.500000,0.500000,1500.0000,0.091590,160.872365,extrusion,265,4695
-715.3710,-204.5390,-527.7000,0.500000,-0.500000,-0.500000,0.500000,1500.0000,2.481990,160.874355,extrusion,265,4696
-714.5180,-204.5390,-527.7000,0.500000,-0.500000,-0.500000,0.500000,1500.0000,0.091480,160.867526,extrusion,265,4697
-699.0070,-220.0500,-527.7000,0.500000,-0.500000,-0.500000,0.500000,1500.0000,2.352620,160.874884,extrusion,265,4698
-699.0070,-219.1960,-527.7000,0.500000,-0.500000,-0.500000,0.500000,1500.0000,0.091590,160.872365,extrusion,265,4699
-713.6640,-204.5390,-527.7000,0.500000,-0.500000,-0.500000,0.500000,1500.0000,2.223090,160.874874,extrusion,265,4700
-712.8110,-204.5390,-527.7000,0.500000,-0.500000,-0.500000,0.500000,1500.0000,0.091480,160.867526,extrusion,265,4701
-699.0070,-218.3430,-527.7000,0.500000,-0.500000,-0.500000,0.500000,1500.0000,2.093710,160.874733,extrusion,265,4702
-699.0070,-217.4900,-527.7000,0.500000,-0.500000,-0.500000,0.500000,1500.0000,0.091480,160.867526,extrusion,265,4703
-711.9580,-204.5390,-527.7000,0.500000,-0.500000,-0.500000,0.500000,1500.0000,1.964330,160.874573,extrusion,265,4704
-711.1040,-204.5390,-527.7000,0.500000,-0.500000,-0.500000,0.500000,1500.0000,0.091590,160.872365,extrusion,265,4705
-699.0070,-216.6360,-527.7000,0.500000,-0.500000,-0.500000,0.500000,1500.0000,1.834800,160.874538,extrusion,265,4706
-699.0070,-215.7830,-527.7000,0.500000,-0.500000,-0.500000,0.500000,1500.0000,0.091480,160.867526,extrusion,265,4707
-710.2510,-204.5390,-527.7000,0.500000,-0.500000,-0.500000,0.500000,1500.0000,1.705420,160.874339,extrusion,265,4708
-709.3970,-204.5390,-527.7000,0.500000,-0.500000,-0.500000,0.500000,1500.0000,0.091590,160.872365,extrusion,265,4709
-699.0070,-214.9300,-527.7000,0.500000,-0.500000,-0.500000,0.500000,1500.0000,1.575970,160.874704,extrusion,265,4710
-699.0070,-214.0760,-527.7000,0.500000,-0.500000,-0.500000,0.500000,1500.0000,0.091590,160.872365,extrusion,265,4711
-708.5440,-204.5390,-527.7000,0.500000,-0.500000,-0.500000,0.500000,1500.0000,1.446520,160.875134,extrusion,265,4712
-708.6250,-204.4180,-527.7000,0.500000,-0.500000,-0.500000,0.500000,1500.0000,0.015620,160.910311,extrusion,265,4713
-708.7050,-204.2980,-527.7000,0.500000,-0.500000,-0.500000,0.500000,1500.0000,0.014270,148.416971,extrusion,265,4715
-708.7500,-204.3430,-527.7000,0.500000,-0.500000,-0.500000,0.500000,1500.0000,0.005770,136.000204,extrusion,265,4717
-708.8120,-204.3260,-527.7000,0.500000,-0.500000,-0.500000,0.500000,1500.0000,0.005830,136.027624,extrusion,265,4718
-708.8280,-204.2650,-527.7000,0.500000,-0.500000,-0.500000,0.500000,1500.0000,0.005720,136.053429,extrusion,265,4719
-708.7830,-204.2200,-527.7000,0.500000,-0.500000,-0.500000,0.500000,1500.0000,0.005770,136.000204,extrusion,265,4720
-708.7220,-204.2360,-527.7000,0.500000,-0.500000,-0.500000,0.500000,1500.0000,0.005720,136.053429,extrusion,265,4721
-707.9020,-204.3270,-527.7000,0.500000,-0.500000,-0.500000,0.500000,1500.0000,0.088480,160.866110,extrusion,265,4723
-699.0070,-213.2230,-527.7000,0.500000,-0.500000,-0.500000,0.500000,1500.0000,1.349220,160.875040,extrusion,265,4724
-699.0070,-212.3690,-527.7000,0.500000,-0.500000,-0.500000,0.500000,1500.0000,0.091590,160.872365,extrusion,265,4725
-707.9020,-203.4740,-527.7000,0.500000,-0.500000,-0.500000,0.500000,1500.0000,1.349140,160.874543,extrusion,265,4726
-707.9020,-202.6200,-527.7000,0.500000,-0.500000,-0.500000,0.500000,1500.0000,0.091590,160.872365,extrusion,265,4727
-699.0070,-211.5160,-527.7000,0.500000,-0.500000,-0.500000,0.500000,1500.0000,1.349220,160.875040,extrusion,265,4728
-699.0070,-210.6630,-527.7000,0.500000,-0.500000,-0.500000,0.500000,1500.0000,0.091480,160.867526,extrusion,265,4729
-707.9020,-201.7670,-527.7000,0.500000,-0.500000,-0.500000,0.500000,1500.0000,1.349220,160.875040,extrusion,265,4730
-707.9020,-200.9140,-527.7000,0.500000,-0.500000,-0.500000,0.500000,1500.0000,0.091480,160.867526,extrusion,265,4731
-699.0070,-209.8090,-527.7000,0.500000,-0.500000,-0.500000,0.500000,1500.0000,1.349140,160.874543,extrusion,265,4732
-699.0070,-208.9560,-527.7000,0.500000,-0.500000,-0.500000,0.500000,1500.0000,0.091480,160.867526,extrusion,265,4733
-707.9020,-200.0600,-527.7000,0.500000,-0.500000,-0.500000,0.500000,1500.0000,1.349220,160.875040,extrusion,265,4734
-707.9020,-199.2070,-527.7000,0.500000,-0.500000,-0.500000,0.500000,1500.0000,0.091480,160.867526,extrusion,265,4735
-699.0070,-208.1020,-527.7000,0.500000,-0.500000,-0.500000,0.500000,1500.0000,1.349140,160.874543,extrusion,265,4736
-699.0070,-207.2490,-527.7000,0.500000,-0.500000,-0.500000,0.500000,1500.0000,0.091480,160.867526,extrusion,265,4737
-707.9020,-198.3530,-527.7000,0.500000,-0.500000,-0.500000,0.500000,1500.0000,1.349220,160.875040,extrusion,265,4738
-707.9020,-197.5000,-527.7000,0.500000,-0.500000,-0.500000,0.500000,1500.0000,0.091480,160.867526,extrusion,265,4739
-699.0070,-206.3960,-527.7000,0.500000,-0.500000,-0.500000,0.500000,1500.0000,1.349220,160.875040,extrusion,265,4740
-727.2990,-203.7050,-527.7000,0.500000,-0.500000,-0.500000,0.500000,900.0000,0.000000,0.000000,travel,266,4743
-736.1950,-194.8090,-527.7000,0.500000,-0.500000,-0.500000,0.500000,1500.0000,1.349290,160.874344,extrusion,267,4745
-736.1950,-193.9560,-527.7000,0.500000,-0.500000,-0.500000,0.500000,1500.0000,0.091480,160.867526,extrusion,267,4746
-727.2990,-202.8510,-527.7000,0.500000,-0.500000,-0.500000,0.500000,1500.0000,1.349220,160.875040,extrusion,267,4747
-727.2990,-201.9980,-527.7000,0.500000,-0.500000,-0.500000,0.500000,1500.0000,0.091480,160.867526,extrusion,267,4748
-736.1950,-193.1020,-527.7000,0.500000,-0.500000,-0.500000,0.500000,1500.0000,1.349290,160.874344,extrusion,267,4749
-736.1950,-192.2490,-527.7000,0.500000,-0.500000,-0.500000,0.500000,1500.0000,0.091480,160.867526,extrusion,267,4750
-727.2990,-201.1450,-527.7000,0.500000,-0.500000,-0.500000,0.500000,1500.0000,1.349290,160.874344,extrusion,267,4751
-727.2990,-200.2910,-527.7000,0.500000,-0.500000,-0.500000,0.500000,1500.0000,0.091590,160.872365,extrusion,267,4752
-736.1950,-191.3960,-527.7000,0.500000,-0.500000,-0.500000,0.500000,1500.0000,1.349220,160.875040,extrusion,267,4753
-736.1950,-190.5420,-527.7000,0.500000,-0.500000,-0.500000,0.500000,1500.0000,0.091590,160.872365,extrusion,267,4754
-727.2990,-199.4380,-527.7000,0.500000,-0.500000,-0.500000,0.500000,1500.0000,1.349290,160.874344,extrusion,267,4755
-727.2990,-198.5840,-527.7000,0.500000,-0.500000,-0.500000,0.500000,1500.0000,0.091590,160.872365,extrusion,267,4756
-736.1950,-189.6890,-527.7000,0.500000,-0.500000,-0.500000,0.500000,1500.0000,1.349220,160.875040,extrusion,267,4757
-736.1950,-188.8350,-527.7000,0.500000,-0.500000,-0.500000,0.500000,1500.0000,0.091590,160.872365,extrusion,267,4758
-727.2990,-197.7310,-527.7000,0.500000,-0.500000,-0.500000,0.500000,1500.0000,1.349290,160.874344,extrusion,267,4759
-727.1480,-197.8210,-527.7000,0.500000,-0.500000,-0.500000,0.500000,1500.0000,0.018850,160.848252,extrusion,267,4760
-726.9960,-197.9120,-527.7000,0.500000,-0.500000,-0.500000,0.500000,1500.0000,0.017530,148.426726,extrusion,267,4762
-727.0580,-197.8950,-527.7000,0.500000,-0.500000,-0.500000,0.500000,1500.0000,0.005830,136.027624,extrusion,267,4764
-727.1030,-197.9400,-527.7000,0.500000,-0.500000,-0.500000,0.500000,1500.0000,0.005770,136.000204,extrusion,267,4765
-727.0870,-198.0020,-527.7000,0.500000,-0.500000,-0.500000,0.500000,1500.0000,0.005800,135.871173,extrusion,267,4766
-727.0250,-198.0180,-527.7000,0.500000,-0.500000,-0.500000,0.500000,1500.0000,0.005800,135.871173,extrusion,267,4767
-726.9800,-197.9730,-527.7000,0.500000,-0.500000,-0.500000,0.500000,1500.0000,0.005770,136.000204,extrusion,267,4768
-727.0340,-197.1420,-527.7000,0.500000,-0.500000,-0.500000,0.500000,1500.0000,0.089310,160.870095,extrusion,267,4770
-736.1950,-187.9820,-527.7000,0.500000,-0.500000,-0.500000,0.500000,1500.0000,1.389410,160.874608,extrusion,267,4771
-736.1950,-187.1290,-527.7000,0.500000,-0.500000,-0.500000,0.500000,1500.0000,0.091480,160.867526,extrusion,267,4772
-726.1810,-197.1420,-527.7000,0.500000,-0.500000,-0.500000,0.500000,1500.0000,1.518790,160.874825,extrusion,267,4773
-725.3280,-197.1420,-527.7000,0.500000,-0.500000,-0.500000,0.500000,1500.0000,0.091480,160.867526,extrusion,267,4774
-736.1950,-186.2750,-527.7000,0.500000,-0.500000,-0.500000,0.500000,1500.0000,1.648240,160.874438,extrusion,267,4775
-736.1950,-185.4220,-527.7000,0.500000,-0.500000,-0.500000,0.500000,1500.0000,0.091480,160.867526,extrusion,267,4776
-724.4740,-197.1420,-527.7000,0.500000,-0.500000,-0.500000,0.500000,1500.0000,1.777700,160.875013,extrusion,267,4777
-723.6210,-197.1420,-527.7000,0.500000,-0.500000,-0.500000,0.500000,1500.0000,0.091480,160.867526,extrusion,267,4778
-736.1950,-184.5690,-527.7000,0.500000,-0.500000,-0.500000,0.500000,1500.0000,1.907070,160.874314,extrusion,267,4779
-736.1950,-183.7150,-527.7000,0.500000,-0.500000,-0.500000,0.500000,1500.0000,0.091590,160.872365,extrusion,267,4780
-722.7680,-197.1420,-527.7000,0.500000,-0.500000,-0.500000,0.500000,1500.0000,2.036530,160.874824,extrusion,267,4781
-721.9140,-197.1420,-527.7000,0.500000,-0.500000,-0.500000,0.500000,1500.0000,0.091590,160.872365,extrusion,267,4782
-736.1950,-182.8620,-527.7000,0.500000,-0.500000,-0.500000,0.500000,1500.0000,2.165980,160.874529,extrusion,267,4783
-736.1950,-182.0080,-527.7000,0.500000,-0.500000,-0.500000,0.500000,1500.0000,0.091590,160.872365,extrusion,267,4784
-721.0610,-197.1420,-527.7000,0.500000,-0.500000,-0.500000,0.500000,1500.0000,2.295440,160.874969,extrusion,267,4785
-720.2070,-197.1420,-527.7000,0.500000,-0.500000,-0.500000,0.500000,1500.0000,0.091590,160.872365,extrusion,267,4786
-736.1950,-181.1550,-527.7000,0.500000,-0.500000,-0.500000,0.500000,1500.0000,2.424890,160.874699,extrusion,267,4787
-736.1950,-180.3020,-527.7000,0.500000,-0.500000,-0.500000,0.500000,1500.0000,0.091480,160.867526,extrusion,267,4788
-719.3540,-197.1420,-527.7000,0.500000,-0.500000,-0.500000,0.500000,1500.0000,2.554270,160.874823,extrusion,267,4789
-718.5010,-197.1420,-527.7000,0.500000,-0.500000,-0.500000,0.500000,1500.0000,0.091480,160.867526,extrusion,267,4790
-736.1950,-179.4480,-527.7000,0.500000,-0.500000,-0.500000,0.500000,1500.0000,2.683720,160.874586,extrusion,267,4791
-736.1950,-178.5950,-527.7000,0.500000,-0.500000,-0.500000,0.500000,1500.0000,0.091480,160.867526,extrusion,267,4792
-717.6470,-197.1420,-527.7000,0.500000,-0.500000,-0.500000,0.500000,1500.0000,2.813170,160.874370,extrusion,267,4793
-716.7940,-197.1420,-527.7000,0.500000,-0.500000,-0.500000,0.500000,1500.0000,0.091480,160.867526,extrusion,267,4794
-736.1950,-177.7410,-527.7000,0.500000,-0.500000,-0.500000,0.500000,1500.0000,2.942630,160.874720,extrusion,267,4795
-736.1950,-176.8880,-527.7000,0.500000,-0.500000,-0.500000,0.500000,1500.0000,0.091480,160.867526,extrusion,267,4796
-715.9410,-197.1420,-527.7000,0.500000,-0.500000,-0.500000,0.500000,1500.0000,3.072010,160.874822,extrusion,267,4797
-715.0870,-197.1420,-527.7000,0.500000,-0.500000,-0.500000,0.500000,1500.0000,0.091590,160.872365,extrusion,267,4798
-736.1950,-176.0350,-527.7000,0.500000,-0.500000,-0.500000,0.500000,1500.0000,3.201460,160.874623,extrusion,267,4799
-736.1950,-175.1810,-527.7000,0.500000,-0.500000,-0.500000,0.500000,1500.0000,0.091590,160.872365,extrusion,267,4800
-714.2340,-197.1420,-527.7000,0.500000,-0.500000,-0.500000,0.500000,1500.0000,3.330910,160.874440,extrusion,267,4801
-713.3800,-197.1420,-527.7000,0.500000,-0.500000,-0.500000,0.500000,1500.0000,0.091590,160.872365,extrusion,267,4802
-736.1950,-174.3280,-527.7000,0.500000,-0.500000,-0.500000,0.500000,1500.0000,3.460370,160.874735,extrusion,267,4803
-736.1950,-173.4750,-527.7000,0.500000,-0.500000,-0.500000,0.500000,1500.0000,0.091480,160.867526,extrusion,267,4804
-712.5270,-197.1420,-527.7000,0.500000,-0.500000,-0.500000,0.500000,1500.0000,3.589750,160.874822,extrusion,267,4805
-711.6740,-197.1420,-527.7000,0.500000,-0.500000,-0.500000,0.500000,1500.0000,0.091480,160.867526,extrusion,267,4806
-736.1950,-172.6210,-527.7000,0.500000,-0.500000,-0.500000,0.500000,1500.0000,3.719200,160.874651,extrusion,267,4807
-736.1950,-171.7680,-527.7000,0.500000,-0.500000,-0.500000,0.500000,1500.0000,0.091480,160.867526,extrusion,267,4808
-710.8200,-197.1420,-527.7000,0.500000,-0.500000,-0.500000,0.500000,1500.0000,3.848650,160.874491,extrusion,267,4809
-709.9670,-197.1420,-527.7000,0.500000,-0.500000,-0.500000,0.500000,1500.0000,0.091480,160.867526,extrusion,267,4810
-736.1950,-170.9140,-527.7000,0.500000,-0.500000,-0.500000,0.500000,1500.0000,3.978110,160.874746,extrusion,267,4811
-736.1950,-170.0610,-527.7000,0.500000,-0.500000,-0.500000,0.500000,1500.0000,0.091480,160.867526,extrusion,267,4812
-709.1140,-197.1420,-527.7000,0.500000,-0.500000,-0.500000,0.500000,1500.0000,4.107480,160.874430,extrusion,267,4813
-708.2600,-197.1420,-527.7000,0.500000,-0.500000,-0.500000,0.500000,1500.0000,0.091590,160.872365,extrusion,267,4814
-736.1950,-169.2080,-527.7000,0.500000,-0.500000,-0.500000,0.500000,1500.0000,4.236940,160.874671,extrusion,267,4815
-736.2610,-168.9720,-527.7000,0.500000,-0.500000,-0.500000,0.500000,1500.0000,0.026280,160.861784,extrusion,267,4816
-736.3260,-168.7360,-527.7000,0.500000,-0.500000,-0.500000,0.500000,1500.0000,0.024220,148.414342,extrusion,267,4818
-736.3880,-168.7190,-527.7000,0.500000,-0.500000,-0.500000,0.500000,1500.0000,0.005830,136.027624,extrusion,267,4820
-736.4330,-168.7650,-527.7000,0.500000,-0.500000,-0.500000,0.500000,1500.0000,0.005830,135.896164,extrusion,267,4821
-736.4170,-168.8260,-527.7000,0.500000,-0.500000,-0.500000,0.500000,1500.0000,0.005720,136.053429,extrusion,267,4822
-736.3550,-168.8430,-527.7000,0.500000,-0.500000,-0.500000,0.500000,1500.0000,0.005830,136.027624,extrusion,267,4823
-736.3100,-168.7980,-527.7000,0.500000,-0.500000,-0.500000,0.500000,1500.0000,0.005770,136.000204,extrusion,267,4824
-736.4070,-168.0780,-527.7000,0.500000,-0.500000,-0.500000,0.500000,1500.0000,0.077920,160.879907,extrusion,267,4826
-736.4690,-168.0610,-527.7000,0.500000,-0.500000,-0.500000,0.500000,1500.0000,0.005830,136.027624,extrusion,267,4828
-736.5140,-168.1060,-527.7000,0.500000,-0.500000,-0.500000,0.500000,1500.0000,0.005770,136.000204,extrusion,267,4829
-736.4970,-168.1680,-527.7000,0.500000,-0.500000,-0.500000,0.500000,1500.0000,0.005830,136.027624,extrusion,267,4830
-736.4360,-168.1840,-527.7000,0.500000,-0.500000,-0.500000,0.500000,1500.0000,0.005720,136.053429,extrusion,267,4831
-736.3910,-168.1390,-527.7000,0.500000,-0.500000,-0.500000,0.500000,1500.0000,0.005770,136.000204,extrusion,267,4832
-736.2930,-168.2470,-527.7000,0.500000,-0.500000,-0.500000,0.500000,1500.0000,0.014430,148.420628,extrusion,267,4834
-699.0070,-205.5420,-527.7000,0.500000,-0.500000,-0.500000,0.500000,1500.0000,5.656000,160.874590,extrusion,267,4836
-699.0070,-204.6890,-527.7000,0.500000,-0.500000,-0.500000,0.500000,1500.0000,0.091480,160.867526,extrusion,267,4837
-736.1950,-167.5010,-527.7000,0.500000,-0.500000,-0.500000,0.500000,1500.0000,5.640450,160.874494,extrusion,267,4838
-736.3260,-166.1760,-527.7000,0.500000,-0.500000,-0.500000,0.500000,900.0000,0.000000,0.000000,travel,268,4840
-736.3880,-166.1590,-527.7000,0.500000,-0.500000,-0.500000,0.500000,1500.0000,0.005830,136.027624,extrusion,269,4843
-736.4330,-166.2040,-527.7000,0.500000,-0.500000,-0.500000,0.500000,1500.0000,0.005770,136.000204,extrusion,269,4844
-736.4170,-166.2660,-527.7000,0.500000,-0.500000,-0.500000,0.500000,1500.0000,0.005800,135.871173,extrusion,269,4845
-736.3550,-166.2820,-527.7000,0.500000,-0.500000,-0.500000,0.500000,1500.0000,0.005800,135.871173,extrusion,269,4846
-736.3100,-166.2370,-527.7000,0.500000,-0.500000,-0.500000,0.500000,1500.0000,0.005770,136.000204,extrusion,269,4847
-736.2520,-166.4420,-527.7000,0.500000,-0.500000,-0.500000,0.500000,1500.0000,0.021080,148.417994,extrusion,269,4849
-736.1950,-166.6480,-527.7000,0.500000,-0.500000,-0.500000,0.500000,1500.0000,0.022920,160.849256,extrusion,269,4851
-699.0070,-203.8360,-527.7000,0.500000,-0.500000,-0.500000,0.500000,1500.0000,5.640450,160.874494,extrusion,269,4852
-699.0070,-202.9820,-527.7000,0.500000,-0.500000,-0.500000,0.500000,1500.0000,0.091590,160.872365,extrusion,269,4853
-720.4120,-181.5770,-527.7000,0.500000,-0.500000,-0.500000,0.500000,1500.0000,3.246580,160.874473,extrusion,269,4854
-720.6250,-181.4220,-527.7000,0.500000,-0.500000,-0.500000,0.500000,1500.0000,0.028250,160.860254,extrusion,269,4855
-720.8390,-181.2670,-527.7000,0.500000,-0.500000,-0.500000,0.500000,1500.0000,0.026150,148.446485,extrusion,269,4857
-721.6000,-180.6270,-527.7000,0.500000,-0.500000,-0.500000,0.500000,1500.0000,0.090130,135.963943,extrusion,269,4859
-722.3020,-179.9290,-527.7000,0.500000,-0.500000,-0.500000,0.500000,1500.0000,0.089730,135.960927,extrusion,269,4860
-723.0170,-179.0880,-527.7000,0.500000,-0.500000,-0.500000,0.500000,1500.0000,0.100060,135.968380,extrusion,269,4861
-723.3270,-178.6620,-527.7000,0.500000,-0.500000,-0.500000,0.500000,1500.0000,0.056510,160.888725,extrusion,269,4863
-736.1950,-165.7940,-527.7000,0.500000,-0.500000,-0.500000,0.500000,1500.0000,1.951740,160.874486,extrusion,269,4864
-736.1950,-164.9410,-527.7000,0.500000,-0.500000,-0.500000,0.500000,1500.0000,0.091480,160.867526,extrusion,269,4865
-723.8110,-177.3250,-527.7000,0.500000,-0.500000,-0.500000,0.500000,1500.0000,1.878330,160.874501,extrusion,269,4866
-723.6660,-177.4260,-527.7000,0.500000,-0.500000,-0.500000,0.500000,1500.0000,0.018950,160.857863,extrusion,269,4867
-723.5220,-177.5270,-527.7000,0.500000,-0.500000,-0.500000,0.500000,1500.0000,0.017400,148.388898,extrusion,269,4869
-723.5640,-177.7520,-527.7000,0.500000,-0.500000,-0.500000,0.500000,1500.0000,0.020750,135.984468,extrusion,269,4871
-723.9660,-176.3160,-527.7000,0.500000,-0.500000,-0.500000,0.500000,900.0000,0.000000,0.000000,travel,270,4873
-736.1950,-164.0870,-527.7000,0.500000,-0.500000,-0.500000,0.500000,1500.0000,1.854820,160.874454,extrusion,271,4876
-736.1950,-163.2340,-527.7000,0.500000,-0.500000,-0.500000,0.500000,1500.0000,0.091480,160.867526,extrusion,271,4877
-723.9740,-175.4550,-527.7000,0.500000,-0.500000,-0.500000,0.500000,1500.0000,1.853610,160.874748,extrusion,271,4878
-723.8970,-174.6780,-527.7000,0.500000,-0.500000,-0.500000,0.500000,1500.0000,0.083740,160.872228,extrusion,271,4879
-736.1950,-162.3810,-527.7000,0.500000,-0.500000,-0.500000,0.500000,1500.0000,1.865210,160.874483,extrusion,271,4880
-736.2610,-162.2250,-527.7000,0.500000,-0.500000,-0.500000,0.500000,1500.0000,0.018170,160.903605,extrusion,271,4881
-736.3260,-162.0700,-527.7000,0.500000,-0.500000,-0.500000,0.500000,1500.0000,0.016630,148.413799,extrusion,271,4883
-736.3720,-162.1150,-527.7000,0.500000,-0.500000,-0.500000,0.500000,1500.0000,0.005830,135.896164,extrusion,271,4885
-736.4330,-162.0980,-527.7000,0.500000,-0.500000,-0.500000,0.500000,1500.0000,0.005740,135.966202,extrusion,271,4886
-736.4500,-162.0370,-527.7000,0.500000,-0.500000,-0.500000,0.500000,1500.0000,0.005740,135.966202,extrusion,271,4887
-736.4050,-161.9920,-527.7000,0.500000,-0.500000,-0.500000,0.500000,1500.0000,0.005770,136.000204,extrusion,271,4888
-736.3430,-162.0080,-527.7000,0.500000,-0.500000,-0.500000,0.500000,1500.0000,0.005800,135.871173,extrusion,271,4889
-735.4760,-162.2470,-527.7000,0.500000,-0.500000,-0.500000,0.500000,1500.0000,0.096450,160.868212,extrusion,271,4891
-723.7190,-174.0030,-527.7000,0.500000,-0.500000,-0.500000,0.500000,1500.0000,1.783160,160.874987,extrusion,271,4892
-723.4970,-173.3720,-527.7000,0.500000,-0.500000,-0.500000,0.500000,1500.0000,0.071740,160.872867,extrusion,271,4893
-734.6220,-162.2470,-527.7000,0.500000,-0.500000,-0.500000,0.500000,1500.0000,1.687370,160.874261,extrusion,271,4894
-733.7690,-162.2470,-527.7000,0.500000,-0.500000,-0.500000,0.500000,1500.0000,0.091480,160.867526,extrusion,271,4895
-723.2250,-172.7900,-527.7000,0.500000,-0.500000,-0.500000,0.500000,1500.0000,1.599180,160.875092,extrusion,271,4896
-722.8940,-172.2680,-527.7000,0.500000,-0.500000,-0.500000,0.500000,1500.0000,0.066290,160.872577,extrusion,271,4897
-732.9150,-162.2470,-527.7000,0.500000,-0.500000,-0.500000,0.500000,1500.0000,1.519930,160.875084,extrusion,271,4898
-732.0620,-162.2470,-527.7000,0.500000,-0.500000,-0.500000,0.500000,1500.0000,0.091480,160.867526,extrusion,271,4899
-722.5410,-171.7680,-527.7000,0.500000,-0.500000,-0.500000,0.500000,1500.0000,1.444090,160.874777,extrusion,271,4900
-722.1220,-171.3330,-527.7000,0.500000,-0.500000,-0.500000,0.500000,1500.0000,0.064780,160.884099,extrusion,271,4901
-731.2090,-162.2470,-527.7000,0.500000,-0.500000,-0.500000,0.500000,1500.0000,1.378190,160.875061,extrusion,271,4902
-730.3550,-162.2470,-527.7000,0.500000,-0.500000,-0.500000,0.500000,1500.0000,0.091590,160.872365,extrusion,271,4903
-721.6880,-170.9140,-527.7000,0.500000,-0.500000,-0.500000,0.500000,1500.0000,1.314560,160.874747,extrusion,271,4904
-721.1910,-170.5570,-527.7000,0.500000,-0.500000,-0.500000,0.500000,1500.0000,0.065630,160.876314,extrusion,271,4905
-729.5020,-162.2470,-527.7000,0.500000,-0.500000,-0.500000,0.500000,1500.0000,1.260490,160.874982,extrusion,271,4906
-728.6490,-162.2470,-527.7000,0.500000,-0.500000,-0.500000,0.500000,1500.0000,0.091480,160.867526,extrusion,271,4907
-720.6700,-170.2250,-527.7000,0.500000,-0.500000,-0.500000,0.500000,1500.0000,1.210130,160.874436,extrusion,271,4908
-720.0880,-169.9530,-527.7000,0.500000,-0.500000,-0.500000,0.500000,1500.0000,0.068900,160.875177,extrusion,271,4909
-727.7950,-162.2470,-527.7000,0.500000,-0.500000,-0.500000,0.500000,1500.0000,1.168880,160.875165,extrusion,271,4910
-726.9420,-162.2470,-527.7000,0.500000,-0.500000,-0.500000,0.500000,1500.0000,0.091480,160.867526,extrusion,271,4911
-719.4610,-169.7270,-527.7000,0.500000,-0.500000,-0.500000,0.500000,1500.0000,1.134600,160.874945,extrusion,271,4912
-718.7860,-169.5490,-527.7000,0.500000,-0.500000,-0.500000,0.500000,1500.0000,0.074870,160.878081,extrusion,271,4913
-726.0880,-162.2470,-527.7000,0.500000,-0.500000,-0.500000,0.500000,1500.0000,1.107520,160.874056,extrusion,271,4914
-725.2350,-162.2470,-527.7000,0.500000,-0.500000,-0.500000,0.500000,1500.0000,0.091480,160.867526,extrusion,271,4915
-718.0130,-169.4680,-527.7000,0.500000,-0.500000,-0.500000,0.500000,1500.0000,1.095310,160.874014,extrusion,271,4916
-717.1550,-169.4730,-527.7000,0.500000,-0.500000,-0.500000,0.500000,1500.0000,0.092020,160.871394,extrusion,271,4917
-724.3820,-162.2470,-527.7000,0.500000,-0.500000,-0.500000,0.500000,1500.0000,1.096070,160.874253,extrusion,271,4918
-723.5280,-162.2470,-527.7000,0.500000,-0.500000,-0.500000,0.500000,1500.0000,0.091590,160.872365,extrusion,271,4919
-716.1560,-169.6190,-527.7000,0.500000,-0.500000,-0.500000,0.500000,1500.0000,1.118140,160.874466,extrusion,271,4920
-715.9440,-169.7410,-527.7000,0.500000,-0.500000,-0.500000,0.500000,1500.0000,0.026230,160.856016,extrusion,271,4921
-715.7320,-169.8640,-527.7000,0.500000,-0.500000,-0.500000,0.500000,1500.0000,0.024250,148.410060,extrusion,271,4923
-715.8730,-169.9020,-527.7000,0.500000,-0.500000,-0.500000,0.500000,1500.0000,0.013240,135.998690,extrusion,271,4925
-714.8410,-170.0800,-527.7000,0.500000,-0.500000,-0.500000,0.500000,1500.0000,0.112320,160.880293,extrusion,271,4927
-722.6750,-162.2470,-527.7000,0.500000,-0.500000,-0.500000,0.500000,1500.0000,1.188140,160.874804,extrusion,271,4928
-722.7600,-162.1260,-527.7000,0.500000,-0.500000,-0.500000,0.500000,1500.0000,0.015860,160.882857,extrusion,271,4929
-722.8450,-162.0060,-527.7000,0.500000,-0.500000,-0.500000,0.500000,1500.0000,0.014550,148.414453,extrusion,271,4931
-722.8900,-162.0510,-527.7000,0.500000,-0.500000,-0.500000,0.500000,1500.0000,0.005770,136.000204,extrusion,271,4933
-722.9520,-162.0340,-527.7000,0.500000,-0.500000,-0.500000,0.500000,1500.0000,0.005830,136.027624,extrusion,271,4934
-722.9680,-161.9730,-527.7000,0.500000,-0.500000,-0.500000,0.500000,1500.0000,0.005720,136.053429,extrusion,271,4935
-722.9230,-161.9270,-527.7000,0.500000,-0.500000,-0.500000,0.500000,1500.0000,0.005830,135.896164,extrusion,271,4936
-722.8610,-161.9440,-527.7000,0.500000,-0.500000,-0.500000,0.500000,1500.0000,0.005830,136.027624,extrusion,271,4937
-719.4620,-181.7620,-527.7000,0.500000,-0.500000,-0.500000,0.500000,900.0000,0.000000,0.000000,travel,272,4940
-719.5240,-181.7450,-527.7000,0.500000,-0.500000,-0.500000,0.500000,1500.0000,0.005830,136.027624,extrusion,273,4942
-719.5690,-181.7900,-527.7000,0.500000,-0.500000,-0.500000,0.500000,1500.0000,0.005770,136.000204,extrusion,273,4943
-719.5520,-181.8520,-527.7000,0.500000,-0.500000,-0.500000,0.500000,1500.0000,0.005830,136.027624,extrusion,273,4944
-719.4910,-181.8680,-527.7000,0.500000,-0.500000,-0.500000,0.500000,1500.0000,0.005720,136.053429,extrusion,273,4945
-719.4460,-181.8230,-527.7000,0.500000,-0.500000,-0.500000,0.500000,1500.0000,0.005770,136.000204,extrusion,273,4946
-719.2640,-181.9380,-527.7000,0.500000,-0.500000,-0.500000,0.500000,1500.0000,0.021300,148.405733,extrusion,273,4948
-719.0830,-182.0520,-527.7000,0.500000,-0.500000,-0.500000,0.500000,1500.0000,0.022940,160.862903,extrusion,273,4950
-699.0070,-202.1290,-527.7000,0.500000,-0.500000,-0.500000,0.500000,1500.0000,3.045080,160.874409,extrusion,273,4951
-699.0070,-201.2750,-527.7000,0.500000,-0.500000,-0.500000,0.500000,1500.0000,0.091590,160.872365,extrusion,273,4952
-718.0760,-182.2060,-527.7000,0.500000,-0.500000,-0.500000,0.500000,1500.0000,2.892270,160.874487,extrusion,273,4953
-717.2150,-182.2140,-527.7000,0.500000,-0.500000,-0.500000,0.500000,1500.0000,0.092350,160.881557,extrusion,273,4954
-699.0070,-200.4220,-527.7000,0.500000,-0.500000,-0.500000,0.500000,1500.0000,2.761680,160.874560,extrusion,273,4955
-699.0070,-199.5690,-527.7000,0.500000,-0.500000,-0.500000,0.500000,1500.0000,0.091480,160.867526,extrusion,273,4956
-716.4390,-182.1370,-527.7000,0.500000,-0.500000,-0.500000,0.500000,1500.0000,2.643980,160.874500,extrusion,273,4957
-715.7630,-181.9590,-527.7000,0.500000,-0.500000,-0.500000,0.500000,1500.0000,0.074970,160.870116,extrusion,273,4958
-699.0070,-198.7150,-527.7000,0.500000,-0.500000,-0.500000,0.500000,1500.0000,2.541450,160.874600,extrusion,273,4959
-699.0070,-197.8620,-527.7000,0.500000,-0.500000,-0.500000,0.500000,1500.0000,0.091480,160.867526,extrusion,273,4960
-715.1320,-181.7370,-527.7000,0.500000,-0.500000,-0.500000,0.500000,1500.0000,2.445740,160.874357,extrusion,273,4961
-714.5500,-181.4650,-527.7000,0.500000,-0.500000,-0.500000,0.500000,1500.0000,0.068900,160.875177,extrusion,273,4962
-699.0070,-197.0090,-527.7000,0.500000,-0.500000,-0.500000,0.500000,1500.0000,2.357550,160.874924,extrusion,273,4963
-699.0070,-196.1550,-527.7000,0.500000,-0.500000,-0.500000,0.500000,1500.0000,0.091590,160.872365,extrusion,273,4964
-714.0280,-181.1340,-527.7000,0.500000,-0.500000,-0.500000,0.500000,1500.0000,2.278300,160.874913,extrusion,273,4965
-713.5280,-180.7810,-527.7000,0.500000,-0.500000,-0.500000,0.500000,1500.0000,0.065640,160.868395,extrusion,273,4966
-699.0070,-195.3020,-527.7000,0.500000,-0.500000,-0.500000,0.500000,1500.0000,2.202460,160.874706,extrusion,273,4967
-699.0070,-194.4480,-527.7000,0.500000,-0.500000,-0.500000,0.500000,1500.0000,0.091590,160.872365,extrusion,273,4968
-713.0930,-180.3620,-527.7000,0.500000,-0.500000,-0.500000,0.500000,1500.0000,2.136480,160.874574,extrusion,273,4969
-712.6740,-179.9280,-527.7000,0.500000,-0.500000,-0.500000,0.500000,1500.0000,0.064700,160.877151,extrusion,273,4970
-699.0070,-193.5950,-527.7000,0.500000,-0.500000,-0.500000,0.500000,1500.0000,2.072930,160.874683,extrusion,273,4971
-699.0070,-192.7420,-527.7000,0.500000,-0.500000,-0.500000,0.500000,1500.0000,0.091480,160.867526,extrusion,273,4972
-712.3190,-179.4290,-527.7000,0.500000,-0.500000,-0.500000,0.500000,1500.0000,2.019160,160.874561,extrusion,273,4973
-711.9880,-178.9070,-527.7000,0.500000,-0.500000,-0.500000,0.500000,1500.0000,0.066290,160.872577,extrusion,273,4974
-699.0070,-191.8880,-527.7000,0.500000,-0.500000,-0.500000,0.500000,1500.0000,1.968880,160.874555,extrusion,273,4975
-699.0070,-191.0350,-527.7000,0.500000,-0.500000,-0.500000,0.500000,1500.0000,0.091480,160.867526,extrusion,273,4976
-711.7170,-178.3250,-527.7000,0.500000,-0.500000,-0.500000,0.500000,1500.0000,1.927780,160.874860,extrusion,273,4977
-711.4910,-177.6970,-527.7000,0.500000,-0.500000,-0.500000,0.500000,1500.0000,0.071580,160.871309,extrusion,273,4978
-699.0070,-190.1820,-527.7000,0.500000,-0.500000,-0.500000,0.500000,1500.0000,1.893570,160.874226,extrusion,273,4979
-699.0070,-189.3280,-527.7000,0.500000,-0.500000,-0.500000,0.500000,1500.0000,0.091590,160.872365,extrusion,273,4980
-711.3100,-177.0240,-527.7000,0.500000,-0.500000,-0.500000,0.500000,1500.0000,1.866120,160.874479,extrusion,273,4981
-711.2300,-176.2520,-527.7000,0.500000,-0.500000,-0.500000,0.500000,1500.0000,0.083240,160.874280,extrusion,273,4982
-699.0070,-188.4750,-527.7000,0.500000,-0.500000,-0.500000,0.500000,1500.0000,1.853910,160.874458,extrusion,273,4983
-699.0070,-187.6210,-527.7000,0.500000,-0.500000,-0.500000,0.500000,1500.0000,0.091590,160.872365,extrusion,273,4984
-711.2330,-175.3950,-527.7000,0.500000,-0.500000,-0.500000,0.500000,1500.0000,1.854370,160.874890,extrusion,273,4985
-711.6240,-173.9690,-527.7000,0.500000,-0.500000,-0.500000,0.500000,900.0000,0.000000,0.000000,travel,274,4987
-711.6670,-174.1870,-527.7000,0.500000,-0.500000,-0.500000,0.500000,1500.0000,0.020140,135.958376,extrusion,275,4990
-711.5230,-174.2920,-527.7000,0.500000,-0.500000,-0.500000,0.500000,1500.0000,0.017630,148.387216,extrusion,275,4992
-711.3790,-174.3960,-527.7000,0.500000,-0.500000,-0.500000,0.500000,1500.0000,0.019050,160.869159,extrusion,275,4994
-699.0070,-186.7680,-527.7000,0.500000,-0.500000,-0.500000,0.500000,1500.0000,1.876510,160.874508,extrusion,275,4995
-699.0070,-185.9150,-527.7000,0.500000,-0.500000,-0.500000,0.500000,1500.0000,0.091480,160.867526,extrusion,275,4996
-711.8400,-173.0810,-527.7000,0.500000,-0.500000,-0.500000,0.500000,1500.0000,1.946510,160.874713,extrusion,275,4997
-711.9940,-172.8680,-527.7000,0.500000,-0.500000,-0.500000,0.500000,1500.0000,0.028190,160.877183,extrusion,275,4998
-712.1480,-172.6540,-527.7000,0.500000,-0.500000,-0.500000,0.500000,1500.0000,0.026090,148.434702,extrusion,275,5000
-712.8370,-171.8320,-527.7000,0.500000,-0.500000,-0.500000,0.500000,1500.0000,0.097220,135.963237,extrusion,275,5002
-713.6650,-171.0120,-527.7000,0.500000,-0.500000,-0.500000,0.500000,1500.0000,0.105630,135.966279,extrusion,275,5003
-714.4150,-170.3880,-527.7000,0.500000,-0.500000,-0.500000,0.500000,1500.0000,0.088440,135.972100,extrusion,275,5004
-722.2030,-162.0250,-527.7000,0.500000,-0.500000,-0.500000,0.500000,900.0000,0.000000,0.000000,travel,276,5007
-722.2650,-162.0080,-527.7000,0.500000,-0.500000,-0.500000,0.500000,1500.0000,0.005830,136.027624,extrusion,277,5009
-722.3100,-162.0530,-527.7000,0.500000,-0.500000,-0.500000,0.500000,1500.0000,0.005770,136.000204,extrusion,277,5010
-722.2930,-162.1150,-527.7000,0.500000,-0.500000,-0.500000,0.500000,1500.0000,0.005830,136.027624,extrusion,277,5011
-722.2320,-162.1310,-527.7000,0.500000,-0.500000,-0.500000,0.500000,1500.0000,0.005720,136.053429,extrusion,277,5012
-722.1870,-162.0860,-527.7000,0.500000,-0.500000,-0.500000,0.500000,1500.0000,0.005770,136.000204,extrusion,277,5013
-722.0040,-162.1660,-527.7000,0.500000,-0.500000,-0.500000,0.500000,1500.0000,0.019760,148.406056,extrusion,277,5015
-721.8210,-162.2470,-527.7000,0.500000,-0.500000,-0.500000,0.500000,1500.0000,0.021460,160.849500,extrusion,277,5017
-699.0070,-185.0610,-527.7000,0.500000,-0.500000,-0.500000,0.500000,1500.0000,3.460290,160.874541,extrusion,277,5018
-699.0070,-184.2080,-527.7000,0.500000,-0.500000,-0.500000,0.500000,1500.0000,0.091480,160.867526,extrusion,277,5019
-720.9680,-162.2470,-527.7000,0.500000,-0.500000,-0.500000,0.500000,1500.0000,3.330910,160.874440,extrusion,277,5020
-720.1150,-162.2470,-527.7000,0.500000,-0.500000,-0.500000,0.500000,1500.0000,0.091480,160.867526,extrusion,277,5021
-699.0070,-183.3550,-527.7000,0.500000,-0.500000,-0.500000,0.500000,1500.0000,3.201540,160.874833,extrusion,277,5022
-699.0070,-182.5010,-527.7000,0.500000,-0.500000,-0.500000,0.500000,1500.0000,0.091590,160.872365,extrusion,277,5023
-719.2610,-162.2470,-527.7000,0.500000,-0.500000,-0.500000,0.500000,1500.0000,3.072010,160.874822,extrusion,277,5024
-718.4080,-162.2470,-527.7000,0.500000,-0.500000,-0.500000,0.500000,1500.0000,0.091480,160.867526,extrusion,277,5025
-699.0070,-181.6480,-527.7000,0.500000,-0.500000,-0.500000,0.500000,1500.0000,2.942630,160.874720,extrusion,277,5026
-699.0070,-180.7940,-527.7000,0.500000,-0.500000,-0.500000,0.500000,1500.0000,0.091590,160.872365,extrusion,277,5027
-717.5550,-162.2470,-527.7000,0.500000,-0.500000,-0.500000,0.500000,1500.0000,2.813170,160.874370,extrusion,277,5028
-716.7010,-162.2470,-527.7000,0.500000,-0.500000,-0.500000,0.500000,1500.0000,0.091590,160.872365,extrusion,277,5029
-699.0070,-179.9410,-527.7000,0.500000,-0.500000,-0.500000,0.500000,1500.0000,2.683720,160.874586,extrusion,277,5030
-699.0070,-179.0880,-527.7000,0.500000,-0.500000,-0.500000,0.500000,1500.0000,0.091480,160.867526,extrusion,277,5031
-715.8480,-162.2470,-527.7000,0.500000,-0.500000,-0.500000,0.500000,1500.0000,2.554340,160.874455,extrusion,277,5032
-714.9940,-162.2470,-527.7000,0.500000,-0.500000,-0.500000,0.500000,1500.0000,0.091590,160.872365,extrusion,277,5033
-699.0070,-178.2340,-527.7000,0.500000,-0.500000,-0.500000,0.500000,1500.0000,2.424810,160.874422,extrusion,277,5034
-699.0070,-177.3810,-527.7000,0.500000,-0.500000,-0.500000,0.500000,1500.0000,0.091480,160.867526,extrusion,277,5035
-714.1410,-162.2470,-527.7000,0.500000,-0.500000,-0.500000,0.500000,1500.0000,2.295440,160.874969,extrusion,277,5036
-713.2880,-162.2470,-527.7000,0.500000,-0.500000,-0.500000,0.500000,1500.0000,0.091480,160.867526,extrusion,277,5037
-699.0070,-176.5280,-527.7000,0.500000,-0.500000,-0.500000,0.500000,1500.0000,2.166060,160.874839,extrusion,277,5038
-699.0070,-175.6740,-527.7000,0.500000,-0.500000,-0.500000,0.500000,1500.0000,0.091590,160.872365,extrusion,277,5039
-712.4340,-162.2470,-527.7000,0.500000,-0.500000,-0.500000,0.500000,1500.0000,2.036530,160.874824,extrusion,277,5040
-711.5810,-162.2470,-527.7000,0.500000,-0.500000,-0.500000,0.500000,1500.0000,0.091480,160.867526,extrusion,277,5041
-699.0070,-174.8210,-527.7000,0.500000,-0.500000,-0.500000,0.500000,1500.0000,1.907150,160.874666,extrusion,277,5042
-699.0070,-173.9670,-527.7000,0.500000,-0.500000,-0.500000,0.500000,1500.0000,0.091590,160.872365,extrusion,277,5043
-710.7280,-162.2470,-527.7000,0.500000,-0.500000,-0.500000,0.500000,1500.0000,1.777700,160.875013,extrusion,277,5044
-709.8740,-162.2470,-527.7000,0.500000,-0.500000,-0.500000,0.500000,1500.0000,0.091590,160.872365,extrusion,277,5045
-699.0070,-173.1140,-527.7000,0.500000,-0.500000,-0.500000,0.500000,1500.0000,1.648240,160.874438,extrusion,277,5046
-699.0070,-172.2610,-527.7000,0.500000,-0.500000,-0.500000,0.500000,1500.0000,0.091480,160.867526,extrusion,277,5047
-709.0210,-162.2470,-527.7000,0.500000,-0.500000,-0.500000,0.500000,1500.0000,1.518860,160.874207,extrusion,277,5048
-708.1670,-162.2470,-527.7000,0.500000,-0.500000,-0.500000,0.500000,1500.0000,0.091590,160.872365,extrusion,277,5049
-699.0070,-171.4070,-527.7000,0.500000,-0.500000,-0.500000,0.500000,1500.0000,1.389330,160.874126,extrusion,277,5050
-699.0070,-170.5540,-527.7000,0.500000,-0.500000,-0.500000,0.500000,1500.0000,0.091480,160.867526,extrusion,277,5051
-707.3140,-162.2470,-527.7000,0.500000,-0.500000,-0.500000,0.500000,1500.0000,1.259960,160.875092,extrusion,277,5052
-706.4610,-162.2470,-527.7000,0.500000,-0.500000,-0.500000,0.500000,1500.0000,0.091480,160.867526,extrusion,277,5053
-699.0070,-169.7010,-527.7000,0.500000,-0.500000,-0.500000,0.500000,1500.0000,1.130580,160.874856,extrusion,277,5054
-699.0070,-168.8470,-527.7000,0.500000,-0.500000,-0.500000,0.500000,1500.0000,0.091590,160.872365,extrusion,277,5055
-705.6070,-162.2470,-527.7000,0.500000,-0.500000,-0.500000,0.500000,1500.0000,1.001050,160.874828,extrusion,277,5056
-704.7540,-162.2470,-527.7000,0.500000,-0.500000,-0.500000,0.500000,1500.0000,0.091480,160.867526,extrusion,277,5057
-699.0070,-167.9940,-527.7000,0.500000,-0.500000,-0.500000,0.500000,1500.0000,0.871670,160.874483,extrusion,277,5058
-699.0070,-167.1400,-527.7000,0.500000,-0.500000,-0.500000,0.500000,1500.0000,0.091590,160.872365,extrusion,277,5059
-703.9010,-162.2470,-527.7000,0.500000,-0.500000,-0.500000,0.500000,1500.0000,0.742220,160.875281,extrusion,277,5060
-703.0470,-162.2470,-527.7000,0.500000,-0.500000,-0.500000,0.500000,1500.0000,0.091590,160.872365,extrusion,277,5061
-699.0070,-166.2870,-527.7000,0.500000,-0.500000,-0.500000,0.500000,1500.0000,0.612760,160.873794,extrusion,277,5062
-699.0070,-165.4340,-527.7000,0.500000,-0.500000,-0.500000,0.500000,1500.0000,0.091480,160.867526,extrusion,277,5063
-702.1940,-162.2470,-527.7000,0.500000,-0.500000,-0.500000,0.500000,1500.0000,0.483390,160.876222,extrusion,277,5064
-701.3400,-162.2470,-527.7000,0.500000,-0.500000,-0.500000,0.500000,1500.0000,0.091590,160.872365,extrusion,277,5065
-699.0070,-164.5800,-527.7000,0.500000,-0.500000,-0.500000,0.500000,1500.0000,0.353860,160.876643,extrusion,277,5066
-698.6880,-163.9750,-527.7000,0.500000,-0.500000,-0.500000,0.500000,1500.0000,0.073350,160.867298,extrusion,277,5067
-698.7330,-164.0200,-527.7000,0.500000,-0.500000,-0.500000,0.500000,1500.0000,0.005770,136.000204,extrusion,277,5069
-698.7940,-164.0040,-527.7000,0.500000,-0.500000,-0.500000,0.500000,1500.0000,0.005720,136.053429,extrusion,277,5070
-698.8110,-163.9420,-527.7000,0.500000,-0.500000,-0.500000,0.500000,1500.0000,0.005830,136.027624,extrusion,277,5071
-698.7660,-163.8970,-527.7000,0.500000,-0.500000,-0.500000,0.500000,1500.0000,0.005770,136.000204,extrusion,277,5072
-698.7040,-163.9130,-527.7000,0.500000,-0.500000,-0.500000,0.500000,1500.0000,0.005800,135.871173,extrusion,277,5073
-698.8550,-163.8200,-527.7000,0.500000,-0.500000,-0.500000,0.500000,1500.0000,0.017550,148.442430,extrusion,277,5075
-699.0070,-163.7270,-527.7000,0.500000,-0.500000,-0.500000,0.500000,1500.0000,0.019110,160.864260,extrusion,277,5077
-700.4870,-162.2470,-527.7000,0.500000,-0.500000,-0.500000,0.500000,1500.0000,0.224480,160.876348,extrusion,277,5078
-700.5800,-162.0950,-527.7000,0.500000,-0.500000,-0.500000,0.500000,1500.0000,0.019110,160.864260,extrusion,277,5079
-700.6740,-161.9440,-527.7000,0.500000,-0.500000,-0.500000,0.500000,1500.0000,0.017600,148.424734,extrusion,277,5081
-700.7350,-161.9270,-527.7000,0.500000,-0.500000,-0.500000,0.500000,1500.0000,0.005740,135.966202,extrusion,277,5083
-700.7800,-161.9730,-527.7000,0.500000,-0.500000,-0.500000,0.500000,1500.0000,0.005830,135.896164,extrusion,277,5084
-700.7640,-162.0340,-527.7000,0.500000,-0.500000,-0.500000,0.500000,1500.0000,0.005720,136.053429,extrusion,277,5085
-700.7020,-162.0510,-527.7000,0.500000,-0.500000,-0.500000,0.500000,1500.0000,0.005830,136.027624,extrusion,277,5086
-700.6570,-162.0060,-527.7000,0.500000,-0.500000,-0.500000,0.500000,1500.0000,0.005770,136.000204,extrusion,277,5087
-699.1610,-162.8030,-527.7000,0.500000,-0.500000,-0.500000,0.500000,900.0000,0.000000,0.000000,travel,278,5089
-699.7760,-162.1880,-527.7000,0.500000,-0.500000,-0.500000,0.500000,1500.0000,0.075020,129.383294,extrusion,279,5092
-698.9480,-162.1880,-527.7000,0.500000,-0.500000,-0.500000,0.500000,1500.0000,0.071420,129.384058,extrusion,279,5093
-698.9480,-163.0160,-527.7000,0.500000,-0.500000,-0.500000,0.500000,1500.0000,0.071420,129.384058,extrusion,279,5094
-722.8240,-228.6800,-527.2500,0.500000,-0.500000,-0.500000,0.500000,900.0000,0.000000,0.000000,travel,280,5100
-722.7930,-228.7470,-527.2500,0.500000,-0.500000,-0.500000,0.500000,900.0000,0.007920,96.553815,extrusion,281,5103
-722.2100,-229.6050,-527.2500,0.500000,-0.500000,-0.500000,0.500000,900.0000,0.111250,96.521863,extrusion,281,5104
-721.4860,-230.3480,-527.2500,0.500000,-0.500000,-0.500000,0.500000,900.0000,0.111260,96.522826,extrusion,281,5105
-720.6440,-230.9540,-527.2500,0.500000,-0.500000,-0.500000,0.500000,900.0000,0.111260,96.523947,extrusion,281,5106
-719.7100,-231.4050,-527.2500,0.500000,-0.500000,-0.500000,0.500000,900.0000,0.111240,96.526464,extrusion,281,5107
-718.6560,-231.6930,-527.2500,0.500000,-0.500000,-0.500000,0.500000,900.0000,0.117190,96.528679,extrusion,281,5108
-717.6800,-231.7910,-527.2500,0.500000,-0.500000,-0.500000,0.500000,900.0000,0.105200,96.522839,extrusion,281,5109
-716.6450,-231.7140,-527.2500,0.500000,-0.500000,-0.500000,0.500000,900.0000,0.111310,96.524552,extrusion,281,5110
-715.6400,-231.4590,-527.2500,0.500000,-0.500000,-0.500000,0.500000,900.0000,0.111200,96.523479,extrusion,281,5111
-714.6940,-231.0330,-527.2500,0.500000,-0.500000,-0.500000,0.500000,900.0000,0.111270,96.524012,extrusion,281,5112
-713.8370,-230.4490,-527.2500,0.500000,-0.500000,-0.500000,0.500000,900.0000,0.111230,96.529094,extrusion,281,5113
-713.0930,-229.7260,-527.2500,0.500000,-0.500000,-0.500000,0.500000,900.0000,0.111260,96.521032,extrusion,281,5114
-712.4870,-228.8840,-527.2500,0.500000,-0.500000,-0.500000,0.500000,900.0000,0.111260,96.523947,extrusion,281,5115
-712.0360,-227.9500,-527.2500,0.500000,-0.500000,-0.500000,0.500000,900.0000,0.111240,96.526464,extrusion,281,5116
-711.7550,-226.9510,-527.2500,0.500000,-0.500000,-0.500000,0.500000,900.0000,0.111300,96.524483,extrusion,281,5117
-711.6540,-225.8630,-527.2500,0.500000,-0.500000,-0.500000,0.500000,900.0000,0.117190,96.525243,extrusion,281,5118
-711.7270,-224.8850,-527.2500,0.500000,-0.500000,-0.500000,0.500000,900.0000,0.105180,96.522898,extrusion,281,5119
-711.9820,-223.8800,-527.2500,0.500000,-0.500000,-0.500000,0.500000,900.0000,0.111200,96.523479,extrusion,281,5120
-712.4080,-222.9340,-527.2500,0.500000,-0.500000,-0.500000,0.500000,900.0000,0.111270,96.524012,extrusion,281,5121
-712.9920,-222.0760,-527.2500,0.500000,-0.500000,-0.500000,0.500000,900.0000,0.111310,96.521595,extrusion,281,5122
-713.7160,-221.3330,-527.2500,0.500000,-0.500000,-0.500000,0.500000,900.0000,0.111260,96.522826,extrusion,281,5123
-714.5570,-220.7270,-527.2500,0.500000,-0.500000,-0.500000,0.500000,900.0000,0.111170,96.521368,extrusion,281,5124
-715.4920,-220.2760,-527.2500,0.500000,-0.500000,-0.500000,0.500000,900.0000,0.111330,96.520750,extrusion,281,5125
-716.4900,-219.9950,-527.2500,0.500000,-0.500000,-0.500000,0.500000,900.0000,0.111200,96.527295,extrusion,281,5126
-717.5220,-219.8900,-527.2500,0.500000,-0.500000,-0.500000,0.500000,900.0000,0.111250,96.522043,extrusion,281,5127
-718.5560,-219.9670,-527.2500,0.500000,-0.500000,-0.500000,0.500000,900.0000,0.111200,96.521907,extrusion,281,5128
-719.5620,-220.2220,-527.2500,0.500000,-0.500000,-0.500000,0.500000,900.0000,0.111310,96.528719,extrusion,281,5129
-720.5540,-220.6790,-527.2500,0.500000,-0.500000,-0.500000,0.500000,900.0000,0.117140,96.525785,extrusion,281,5130
-721.3650,-221.2320,-527.2500,0.500000,-0.500000,-0.500000,0.500000,900.0000,0.105280,96.528546,extrusion,281,5131
-722.1080,-221.9550,-527.2500,0.500000,-0.500000,-0.500000,0.500000,900.0000,0.111190,96.527010,extrusion,281,5132
-722.7140,-222.7970,-527.2500,0.500000,-0.500000,-0.500000,0.500000,900.0000,0.111260,96.523947,extrusion,281,5133
-723.1650,-223.7310,-527.2500,0.500000,-0.500000,-0.500000,0.500000,900.0000,0.111240,96.526464,extrusion,281,5134
-723.4470,-224.7300,-527.2500,0.500000,-0.500000,-0.500000,0.500000,900.0000,0.111330,96.525274,extrusion,281,5135
-723.5510,-225.7620,-527.2500,0.500000,-0.500000,-0.500000,0.500000,900.0000,0.111240,96.522741,extrusion,281,5136
-723.4610,-226.8510,-527.2500,0.500000,-0.500000,-0.500000,0.500000,900.0000,0.117190,96.522171,extrusion,281,5137
-723.2190,-227.8020,-527.2500,0.500000,-0.500000,-0.500000,0.500000,900.0000,0.105250,96.529346,extrusion,281,5138
-722.8240,-228.6800,-527.2500,0.500000,-0.500000,-0.500000,0.500000,900.0000,0.103260,96.528616,extrusion,281,5139
-722.2760,-228.4270,-527.2500,0.500000,-0.500000,-0.500000,0.500000,900.0000,0.000000,0.000000,travel,282,5140
-722.2460,-228.4920,-527.2500,0.500000,-0.500000,-0.500000,0.500000,900.0000,0.007680,96.551004,extrusion,283,5142
-721.7150,-229.2590,-527.2500,0.500000,-0.500000,-0.500000,0.500000,900.0000,0.100050,96.524506,extrusion,283,5143
-721.0590,-229.9210,-527.2500,0.500000,-0.500000,-0.500000,0.500000,900.0000,0.099950,96.520685,extrusion,283,5144
-720.2980,-230.4600,-527.2500,0.500000,-0.500000,-0.500000,0.500000,900.0000,0.100020,96.529289,extrusion,283,5145
-719.4550,-230.8580,-527.2500,0.500000,-0.500000,-0.500000,0.500000,900.0000,0.099980,96.523378,extrusion,283,5146
-718.5050,-231.1090,-527.2500,0.500000,-0.500000,-0.500000,0.500000,900.0000,0.105380,96.521562,extrusion,283,5147
-717.6270,-231.1900,-527.2500,0.500000,-0.500000,-0.500000,0.500000,900.0000,0.094570,96.529723,extrusion,283,5148
-716.6980,-231.1130,-527.2500,0.500000,-0.500000,-0.500000,0.500000,900.0000,0.099980,96.527987,extrusion,283,5149
-715.7960,-230.8760,-527.2500,0.500000,-0.500000,-0.500000,0.500000,900.0000,0.100020,96.522019,extrusion,283,5150
-714.9490,-230.4860,-527.2500,0.500000,-0.500000,-0.500000,0.500000,900.0000,0.100010,96.527019,extrusion,283,5151
-714.1830,-229.9550,-527.2500,0.500000,-0.500000,-0.500000,0.500000,900.0000,0.099960,96.522730,extrusion,283,5152
-713.5200,-229.2990,-527.2500,0.500000,-0.500000,-0.500000,0.500000,900.0000,0.100030,96.524345,extrusion,283,5153
-712.9820,-228.5380,-527.2500,0.500000,-0.500000,-0.500000,0.500000,900.0000,0.099950,96.521518,extrusion,283,5154
-712.5830,-227.6950,-527.2500,0.500000,-0.500000,-0.500000,0.500000,900.0000,0.100030,96.527397,extrusion,283,5155
-712.3380,-226.7950,-527.2500,0.500000,-0.500000,-0.500000,0.500000,900.0000,0.100040,96.527337,extrusion,283,5156
-712.2560,-225.8160,-527.2500,0.500000,-0.500000,-0.500000,0.500000,900.0000,0.105370,96.529200,extrusion,283,5157
-712.3280,-224.9380,-527.2500,0.500000,-0.500000,-0.500000,0.500000,900.0000,0.094480,96.523377,extrusion,283,5158
-712.5650,-224.0360,-527.2500,0.500000,-0.500000,-0.500000,0.500000,900.0000,0.100020,96.522019,extrusion,283,5159
-712.9550,-223.1890,-527.2500,0.500000,-0.500000,-0.500000,0.500000,900.0000,0.100010,96.527019,extrusion,283,5160
-713.4860,-222.4220,-527.2500,0.500000,-0.500000,-0.500000,0.500000,900.0000,0.100050,96.524506,extrusion,283,5161
-714.1420,-221.7600,-527.2500,0.500000,-0.500000,-0.500000,0.500000,900.0000,0.099950,96.520685,extrusion,283,5162
-714.9030,-221.2210,-527.2500,0.500000,-0.500000,-0.500000,0.500000,900.0000,0.100020,96.529289,extrusion,283,5163
-715.7470,-220.8230,-527.2500,0.500000,-0.500000,-0.500000,0.500000,900.0000,0.100080,96.526278,extrusion,283,5164
-716.6460,-220.5770,-527.2500,0.500000,-0.500000,-0.500000,0.500000,900.0000,0.099960,96.522730,extrusion,283,5165
-717.5740,-220.4920,-527.2500,0.500000,-0.500000,-0.500000,0.500000,900.0000,0.099940,96.520530,extrusion,283,5166
-718.5040,-220.5680,-527.2500,0.500000,-0.500000,-0.500000,0.500000,900.0000,0.100070,96.520180,extrusion,283,5167
-719.4060,-220.8050,-527.2500,0.500000,-0.500000,-0.500000,0.500000,900.0000,0.100020,96.522019,extrusion,283,5168
-720.2940,-221.2240,-527.2500,0.500000,-0.500000,-0.500000,0.500000,900.0000,0.105310,96.527255,extrusion,283,5169
-721.0190,-221.7260,-527.2500,0.500000,-0.500000,-0.500000,0.500000,900.0000,0.094580,96.528508,extrusion,283,5170
-721.6810,-222.3820,-527.2500,0.500000,-0.500000,-0.500000,0.500000,900.0000,0.099950,96.520685,extrusion,283,5171
-722.2200,-223.1430,-527.2500,0.500000,-0.500000,-0.500000,0.500000,900.0000,0.100020,96.529289,extrusion,283,5172
-722.6180,-223.9860,-527.2500,0.500000,-0.500000,-0.500000,0.500000,900.0000,0.099980,96.523378,extrusion,283,5173
-722.8640,-224.8860,-527.2500,0.500000,-0.500000,-0.500000,0.500000,900.0000,0.100070,96.529050,extrusion,283,5174
-722.9500,-225.8150,-527.2500,0.500000,-0.500000,-0.500000,0.500000,900.0000,0.100060,96.523783,extrusion,283,5175
-722.8600,-226.7930,-527.2500,0.500000,-0.500000,-0.500000,0.500000,900.0000,0.105330,96.521612,extrusion,283,5176
-722.6360,-227.6450,-527.2500,0.500000,-0.500000,-0.500000,0.500000,900.0000,0.094480,96.522630,extrusion,283,5177
-722.2760,-228.4270,-527.2500,0.500000,-0.500000,-0.500000,0.500000,900.0000,0.092330,96.525021,extrusion,283,5178
-711.7570,-174.7680,-527.2500,0.500000,-0.500000,-0.500000,0.500000,900.0000,0.000000,0.000000,travel,284,5180
-711.9820,-173.8800,-527.2500,0.500000,-0.500000,-0.500000,0.500000,900.0000,0.098250,96.527343,extrusion,285,5182
-712.4080,-172.9340,-527.2500,0.500000,-0.500000,-0.500000,0.500000,900.0000,0.111270,96.524012,extrusion,285,5183
-712.9920,-172.0760,-527.2500,0.500000,-0.500000,-0.500000,0.500000,900.0000,0.111310,96.521595,extrusion,285,5184
-713.7610,-171.3000,-527.2500,0.500000,-0.500000,-0.500000,0.500000,900.0000,0.117170,96.525264,extrusion,285,5185
-714.5570,-170.7270,-527.2500,0.500000,-0.500000,-0.500000,0.500000,900.0000,0.105190,96.525452,extrusion,285,5186
-715.4920,-170.2760,-527.2500,0.500000,-0.500000,-0.500000,0.500000,900.0000,0.111330,96.520750,extrusion,285,5187
-716.4900,-169.9950,-527.2500,0.500000,-0.500000,-0.500000,0.500000,900.0000,0.111200,96.527295,extrusion,285,5188
-716.6450,-169.9670,-527.2500,0.500000,-0.500000,-0.500000,0.500000,900.0000,0.016890,96.508936,extrusion,285,5189
-717.5220,-169.8900,-527.2500,0.500000,-0.500000,-0.500000,0.500000,900.0000,0.094420,96.524910,extrusion,285,5190
-718.5560,-169.9670,-527.2500,0.500000,-0.500000,-0.500000,0.500000,900.0000,0.111200,96.521907,extrusion,285,5191
-719.5620,-170.2220,-527.2500,0.500000,-0.500000,-0.500000,0.500000,900.0000,0.111310,96.528719,extrusion,285,5192
-720.5080,-170.6480,-527.2500,0.500000,-0.500000,-0.500000,0.500000,900.0000,0.111270,96.524012,extrusion,285,5193
-721.3650,-171.2320,-527.2500,0.500000,-0.500000,-0.500000,0.500000,900.0000,0.111230,96.529094,extrusion,285,5194
-722.1080,-171.9550,-527.2500,0.500000,-0.500000,-0.500000,0.500000,900.0000,0.111190,96.527010,extrusion,285,5195
-722.7140,-172.7970,-527.2500,0.500000,-0.500000,-0.500000,0.500000,900.0000,0.111260,96.523947,extrusion,285,5196
-723.1650,-173.7310,-527.2500,0.500000,-0.500000,-0.500000,0.500000,900.0000,0.111240,96.526464,extrusion,285,5197
-723.4470,-174.7300,-527.2500,0.500000,-0.500000,-0.500000,0.500000,900.0000,0.111330,96.525274,extrusion,285,5198
-723.5510,-175.7620,-527.2500,0.500000,-0.500000,-0.500000,0.500000,900.0000,0.111240,96.522741,extrusion,285,5199
-723.4610,-176.8510,-527.2500,0.500000,-0.500000,-0.500000,0.500000,900.0000,0.117190,96.522171,extrusion,285,5200
-723.2190,-177.8020,-527.2500,0.500000,-0.500000,-0.500000,0.500000,900.0000,0.105250,96.529346,extrusion,285,5201
-722.7930,-178.7470,-527.2500,0.500000,-0.500000,-0.500000,0.500000,900.0000,0.111170,96.522087,extrusion,285,5202
-722.2100,-179.6050,-527.2500,0.500000,-0.500000,-0.500000,0.500000,900.0000,0.111250,96.521863,extrusion,285,5203
-721.4860,-180.3480,-527.2500,0.500000,-0.500000,-0.500000,0.500000,900.0000,0.111260,96.522826,extrusion,285,5204
-720.6440,-180.9540,-527.2500,0.500000,-0.500000,-0.500000,0.500000,900.0000,0.111260,96.523947,extrusion,285,5205
-719.7100,-181.4050,-527.2500,0.500000,-0.500000,-0.500000,0.500000,900.0000,0.111240,96.526464,extrusion,285,5206
-718.6560,-181.6930,-527.2500,0.500000,-0.500000,-0.500000,0.500000,900.0000,0.117190,96.528679,extrusion,285,5207
-717.6800,-181.7910,-527.2500,0.500000,-0.500000,-0.500000,0.500000,900.0000,0.105200,96.522839,extrusion,285,5208
-716.6450,-181.7140,-527.2500,0.500000,-0.500000,-0.500000,0.500000,900.0000,0.111310,96.524552,extrusion,285,5209
-715.6400,-181.4590,-527.2500,0.500000,-0.500000,-0.500000,0.500000,900.0000,0.111200,96.523479,extrusion,285,5210
-714.6940,-181.0330,-527.2500,0.500000,-0.500000,-0.500000,0.500000,900.0000,0.111270,96.524012,extrusion,285,5211
-713.8370,-180.4490,-527.2500,0.500000,-0.500000,-0.500000,0.500000,900.0000,0.111230,96.529094,extrusion,285,5212
-713.0930,-179.7260,-527.2500,0.500000,-0.500000,-0.500000,0.500000,900.0000,0.111260,96.521032,extrusion,285,5213
-712.4870,-178.8840,-527.2500,0.500000,-0.500000,-0.500000,0.500000,900.0000,0.111260,96.523947,extrusion,285,5214
-712.0360,-177.9500,-527.2500,0.500000,-0.500000,-0.500000,0.500000,900.0000,0.111240,96.526464,extrusion,285,5215
-711.7550,-176.9520,-527.2500,0.500000,-0.500000,-0.500000,0.500000,900.0000,0.111200,96.527295,extrusion,285,5216
-711.6510,-175.9190,-527.2500,0.500000,-0.500000,-0.500000,0.500000,900.0000,0.111350,96.525595,extrusion,285,5217
-711.7270,-174.8850,-527.2500,0.500000,-0.500000,-0.500000,0.500000,900.0000,0.111200,96.528776,extrusion,285,5218
-711.7570,-174.7680,-527.2500,0.500000,-0.500000,-0.500000,0.500000,900.0000,0.012950,96.493824,extrusion,285,5219
-712.3330,-174.9200,-527.2500,0.500000,-0.500000,-0.500000,0.500000,900.0000,0.000000,0.000000,travel,286,5220
-712.5650,-174.0360,-527.2500,0.500000,-0.500000,-0.500000,0.500000,900.0000,0.098020,96.525301,extrusion,287,5222
-712.9550,-173.1890,-527.2500,0.500000,-0.500000,-0.500000,0.500000,900.0000,0.100010,96.527019,extrusion,287,5223
-713.4860,-172.4220,-527.2500,0.500000,-0.500000,-0.500000,0.500000,900.0000,0.100050,96.524506,extrusion,287,5224
-714.1840,-171.7300,-527.2500,0.500000,-0.500000,-0.500000,0.500000,900.0000,0.105410,96.520703,extrusion,287,5225
-714.9030,-171.2210,-527.2500,0.500000,-0.500000,-0.500000,0.500000,900.0000,0.094480,96.524993,extrusion,287,5226
-715.7470,-170.8230,-527.2500,0.500000,-0.500000,-0.500000,0.500000,900.0000,0.100080,96.526278,extrusion,287,5227
-716.6980,-170.5680,-527.2500,0.500000,-0.500000,-0.500000,0.500000,900.0000,0.105600,96.527064,extrusion,287,5228
-717.5740,-170.4920,-527.2500,0.500000,-0.500000,-0.500000,0.500000,900.0000,0.094300,96.520988,extrusion,287,5229
-718.5040,-170.5680,-527.2500,0.500000,-0.500000,-0.500000,0.500000,900.0000,0.100070,96.520180,extrusion,287,5230
-719.4060,-170.8050,-527.2500,0.500000,-0.500000,-0.500000,0.500000,900.0000,0.100020,96.522019,extrusion,287,5231
-720.2530,-171.1950,-527.2500,0.500000,-0.500000,-0.500000,0.500000,900.0000,0.100010,96.527019,extrusion,287,5232
-721.0190,-171.7260,-527.2500,0.500000,-0.500000,-0.500000,0.500000,900.0000,0.099960,96.522730,extrusion,287,5233
-721.6810,-172.3820,-527.2500,0.500000,-0.500000,-0.500000,0.500000,900.0000,0.099950,96.520685,extrusion,287,5234
-722.2200,-173.1430,-527.2500,0.500000,-0.500000,-0.500000,0.500000,900.0000,0.100020,96.529289,extrusion,287,5235
-722.6180,-173.9860,-527.2500,0.500000,-0.500000,-0.500000,0.500000,900.0000,0.099980,96.523378,extrusion,287,5236
-722.8640,-174.8860,-527.2500,0.500000,-0.500000,-0.500000,0.500000,900.0000,0.100070,96.529050,extrusion,287,5237
-722.9500,-175.8150,-527.2500,0.500000,-0.500000,-0.500000,0.500000,900.0000,0.100060,96.523783,extrusion,287,5238
-722.8600,-176.7930,-527.2500,0.500000,-0.500000,-0.500000,0.500000,900.0000,0.105330,96.521612,extrusion,287,5239
-722.6360,-177.6450,-527.2500,0.500000,-0.500000,-0.500000,0.500000,900.0000,0.094480,96.522630,extrusion,287,5240
-722.2460,-178.4920,-527.2500,0.500000,-0.500000,-0.500000,0.500000,900.0000,0.100010,96.527019,extrusion,287,5241
-721.7150,-179.2590,-527.2500,0.500000,-0.500000,-0.500000,0.500000,900.0000,0.100050,96.524506,extrusion,287,5242
-721.0590,-179.9210,-527.2500,0.500000,-0.500000,-0.500000,0.500000,900.0000,0.099950,96.520685,extrusion,287,5243
-720.2980,-180.4600,-527.2500,0.500000,-0.500000,-0.500000,0.500000,900.0000,0.100020,96.529289,extrusion,287,5244
-719.4550,-180.8580,-527.2500,0.500000,-0.500000,-0.500000,0.500000,900.0000,0.099980,96.523378,extrusion,287,5245
-718.5050,-181.1090,-527.2500,0.500000,-0.500000,-0.500000,0.500000,900.0000,0.105380,96.521562,extrusion,287,5246
-717.6270,-181.1900,-527.2500,0.500000,-0.500000,-0.500000,0.500000,900.0000,0.094570,96.529723,extrusion,287,5247
-716.6980,-181.1130,-527.2500,0.500000,-0.500000,-0.500000,0.500000,900.0000,0.099980,96.527987,extrusion,287,5248
-715.7960,-180.8760,-527.2500,0.500000,-0.500000,-0.500000,0.500000,900.0000,0.100020,96.522019,extrusion,287,5249
-714.9490,-180.4860,-527.2500,0.500000,-0.500000,-0.500000,0.500000,900.0000,0.100010,96.527019,extrusion,287,5250
-714.1830,-179.9550,-527.2500,0.500000,-0.500000,-0.500000,0.500000,900.0000,0.099960,96.522730,extrusion,287,5251
-713.5200,-179.2990,-527.2500,0.500000,-0.500000,-0.500000,0.500000,900.0000,0.100030,96.524345,extrusion,287,5252
-712.9820,-178.5380,-527.2500,0.500000,-0.500000,-0.500000,0.500000,900.0000,0.099950,96.521518,extrusion,287,5253
-712.5830,-177.6950,-527.2500,0.500000,-0.500000,-0.500000,0.500000,900.0000,0.100030,96.527397,extrusion,287,5254
-712.3380,-176.7950,-527.2500,0.500000,-0.500000,-0.500000,0.500000,900.0000,0.100040,96.527337,extrusion,287,5255
-712.2520,-175.8670,-527.2500,0.500000,-0.500000,-0.500000,0.500000,900.0000,0.099950,96.520685,extrusion,287,5256
-712.3280,-174.9380,-527.2500,0.500000,-0.500000,-0.500000,0.500000,900.0000,0.099970,96.526831,extrusion,287,5257
-712.3330,-174.9200,-527.2500,0.500000,-0.500000,-0.500000,0.500000,900.0000,0.002000,96.351791,extrusion,287,5258
-722.4190,-161.7940,-527.2500,0.500000,-0.500000,-0.500000,0.500000,900.0000,0.000000,0.000000,travel,288,5260
-736.6470,-161.7940,-527.2500,0.500000,-0.500000,-0.500000,0.500000,900.0000,1.525950,96.524810,extrusion,289,5262
-736.6470,-239.8870,-527.2500,0.500000,-0.500000,-0.500000,0.500000,900.0000,8.375450,96.524721,extrusion,289,5263
-698.5540,-239.8870,-527.2500,0.500000,-0.500000,-0.500000,0.500000,900.0000,4.085460,96.524663,extrusion,289,5264
-698.5540,-232.4630,-527.2500,0.500000,-0.500000,-0.500000,0.500000,900.0000,0.796220,96.524515,extrusion,289,5265
-698.5540,-161.7940,-527.2500,0.500000,-0.500000,-0.500000,0.500000,900.0000,7.579230,96.524742,extrusion,289,5266
-722.4190,-161.7940,-527.2500,0.500000,-0.500000,-0.500000,0.500000,900.0000,2.559520,96.524953,extrusion,289,5267
-722.4190,-161.1910,-527.2500,0.500000,-0.500000,-0.500000,0.500000,900.0000,0.000000,0.000000,travel,290,5268
-737.2510,-161.1910,-527.2500,0.500000,-0.500000,-0.500000,0.500000,900.0000,1.590730,96.524879,extrusion,291,5270
-737.2510,-240.4910,-527.2500,0.500000,-0.500000,-0.500000,0.500000,900.0000,8.504910,96.524830,extrusion,291,5271
-697.9510,-240.4910,-527.2500,0.500000,-0.500000,-0.500000,0.500000,900.0000,4.214920,96.524885,extrusion,291,5272
-697.9510,-232.4630,-527.2500,0.500000,-0.500000,-0.500000,0.500000,900.0000,0.861000,96.524664,extrusion,291,5273
-697.9510,-161.1910,-527.2500,0.500000,-0.500000,-0.500000,0.500000,900.0000,7.643900,96.524722,extrusion,291,5274
-722.4190,-161.1910,-527.2500,0.500000,-0.500000,-0.500000,0.500000,900.0000,2.624190,96.524890,extrusion,291,5275
-726.9670,-201.6730,-527.2500,0.500000,-0.500000,-0.500000,0.500000,900.0000,0.000000,0.000000,travel,292,5277
-723.0400,-197.7460,-527.2500,0.500000,-0.500000,-0.500000,0.500000,900.0000,0.595620,96.524127,extrusion,293,5280
-714.5060,-197.7460,-527.2500,0.500000,-0.500000,-0.500000,0.500000,900.0000,0.915270,96.524842,extrusion,293,5281
-720.6960,-203.9350,-527.2500,0.500000,-0.500000,-0.500000,0.500000,900.0000,0.938790,96.525131,extrusion,293,5282
-712.1620,-203.9350,-527.2500,0.500000,-0.500000,-0.500000,0.500000,900.0000,0.915270,96.524842,extrusion,293,5283
-708.2340,-200.0080,-527.2500,0.500000,-0.500000,-0.500000,0.500000,900.0000,0.595700,96.524801,extrusion,293,5284
-698.7350,-238.4820,-527.2500,0.500000,-0.500000,-0.500000,0.500000,900.0000,0.000000,0.000000,travel,294,5286
-699.6880,-239.4350,-527.2500,0.500000,-0.500000,-0.500000,0.500000,900.0000,0.145020,96.841724,extrusion,295,5289
-700.5440,-239.4350,-527.2500,0.500000,-0.500000,-0.500000,0.500000,900.0000,0.092110,96.844626,extrusion,295,5290
-699.0070,-237.8980,-527.2500,0.500000,-0.500000,-0.500000,0.500000,900.0000,0.233890,96.842345,extrusion,295,5291
-699.0070,-237.0410,-527.2500,0.500000,-0.500000,-0.500000,0.500000,900.0000,0.092210,96.836639,extrusion,295,5292
-701.4000,-239.4350,-527.2500,0.500000,-0.500000,-0.500000,0.500000,900.0000,0.364220,96.840687,extrusion,295,5293
-702.2560,-239.4350,-527.2500,0.500000,-0.500000,-0.500000,0.500000,900.0000,0.092110,96.844626,extrusion,295,5294
-699.0070,-236.1850,-527.2500,0.500000,-0.500000,-0.500000,0.500000,900.0000,0.494480,96.841096,extrusion,295,5295
-699.0070,-235.3290,-527.2500,0.500000,-0.500000,-0.500000,0.500000,900.0000,0.092110,96.844626,extrusion,295,5296
-703.1120,-239.4350,-527.2500,0.500000,-0.500000,-0.500000,0.500000,900.0000,0.624730,96.839784,extrusion,295,5297
-703.9690,-239.4350,-527.2500,0.500000,-0.500000,-0.500000,0.500000,900.0000,0.092210,96.836639,extrusion,295,5298
-699.0070,-234.4730,-527.2500,0.500000,-0.500000,-0.500000,0.500000,900.0000,0.755070,96.840711,extrusion,295,5299
-699.0070,-233.6170,-527.2500,0.500000,-0.500000,-0.500000,0.500000,900.0000,0.092110,96.844626,extrusion,295,5300
-704.8250,-239.4350,-527.2500,0.500000,-0.500000,-0.500000,0.500000,900.0000,0.885330,96.840935,extrusion,295,5301
-705.6810,-239.4350,-527.2500,0.500000,-0.500000,-0.500000,0.500000,900.0000,0.092110,96.844626,extrusion,295,5302
-699.0070,-232.7610,-527.2500,0.500000,-0.500000,-0.500000,0.500000,900.0000,1.015580,96.840149,extrusion,295,5303
-699.0070,-231.9040,-527.2500,0.500000,-0.500000,-0.500000,0.500000,900.0000,0.092210,96.836639,extrusion,295,5304
-706.5370,-239.4350,-527.2500,0.500000,-0.500000,-0.500000,0.500000,900.0000,1.145920,96.840717,extrusion,295,5305
-707.3930,-239.4350,-527.2500,0.500000,-0.500000,-0.500000,0.500000,900.0000,0.092110,96.844626,extrusion,295,5306
-699.0070,-231.0480,-527.2500,0.500000,-0.500000,-0.500000,0.500000,900.0000,1.276180,96.840873,extrusion,295,5307
-699.0070,-230.1920,-527.2500,0.500000,-0.500000,-0.500000,0.500000,900.0000,0.092110,96.844626,extrusion,295,5308
-708.2490,-239.4350,-527.2500,0.500000,-0.500000,-0.500000,0.500000,900.0000,1.406430,96.840311,extrusion,295,5309
-709.1060,-239.4350,-527.2500,0.500000,-0.500000,-0.500000,0.500000,900.0000,0.092210,96.836639,extrusion,295,5310
-699.0070,-229.3360,-527.2500,0.500000,-0.500000,-0.500000,0.500000,900.0000,1.536770,96.840721,extrusion,295,5311
-699.0070,-228.4800,-527.2500,0.500000,-0.500000,-0.500000,0.500000,900.0000,0.092110,96.844626,extrusion,295,5312
-709.9620,-239.4350,-527.2500,0.500000,-0.500000,-0.500000,0.500000,900.0000,1.667020,96.840258,extrusion,295,5313
-710.8180,-239.4350,-527.2500,0.500000,-0.500000,-0.500000,0.500000,900.0000,0.092110,96.844626,extrusion,295,5314
-699.0070,-227.6240,-527.2500,0.500000,-0.500000,-0.500000,0.500000,900.0000,1.797280,96.840402,extrusion,295,5315
-699.0070,-226.7670,-527.2500,0.500000,-0.500000,-0.500000,0.500000,900.0000,0.092210,96.836639,extrusion,295,5316
-711.6740,-239.4350,-527.2500,0.500000,-0.500000,-0.500000,0.500000,900.0000,1.927620,96.840723,extrusion,295,5317
-712.5300,-239.4350,-527.2500,0.500000,-0.500000,-0.500000,0.500000,900.0000,0.092110,96.844626,extrusion,295,5318
-699.0070,-225.9110,-527.2500,0.500000,-0.500000,-0.500000,0.500000,900.0000,2.057870,96.840348,extrusion,295,5319
-699.0070,-225.0550,-527.2500,0.500000,-0.500000,-0.500000,0.500000,900.0000,0.092110,96.844626,extrusion,295,5320
-713.3860,-239.4350,-527.2500,0.500000,-0.500000,-0.500000,0.500000,900.0000,2.188130,96.840461,extrusion,295,5321
-714.2430,-239.4350,-527.2500,0.500000,-0.500000,-0.500000,0.500000,900.0000,0.092210,96.836639,extrusion,295,5322
-699.0070,-224.1990,-527.2500,0.500000,-0.500000,-0.500000,0.500000,900.0000,2.318470,96.840724,extrusion,295,5323
-699.0070,-223.3430,-527.2500,0.500000,-0.500000,-0.500000,0.500000,900.0000,0.092110,96.844626,extrusion,295,5324
-715.0990,-239.4350,-527.2500,0.500000,-0.500000,-0.500000,0.500000,900.0000,2.448720,96.840409,extrusion,295,5325
-715.9550,-239.4350,-527.2500,0.500000,-0.500000,-0.500000,0.500000,900.0000,0.092110,96.844626,extrusion,295,5326
-699.0070,-222.4860,-527.2500,0.500000,-0.500000,-0.500000,0.500000,900.0000,2.579060,96.840649,extrusion,295,5327
-699.0070,-221.6300,-527.2500,0.500000,-0.500000,-0.500000,0.500000,900.0000,0.092110,96.844626,extrusion,295,5328
-716.8110,-239.4350,-527.2500,0.500000,-0.500000,-0.500000,0.500000,900.0000,2.709310,96.840368,extrusion,295,5329
-717.6670,-239.4350,-527.2500,0.500000,-0.500000,-0.500000,0.500000,900.0000,0.092110,96.844626,extrusion,295,5330
-699.0070,-220.7740,-527.2500,0.500000,-0.500000,-0.500000,0.500000,900.0000,2.839570,96.840453,extrusion,295,5331
-699.0070,-219.9180,-527.2500,0.500000,-0.500000,-0.500000,0.500000,900.0000,0.092110,96.844626,extrusion,295,5332
-718.5230,-239.4350,-527.2500,0.500000,-0.500000,-0.500000,0.500000,900.0000,2.969830,96.840532,extrusion,295,5333
-719.3800,-239.4350,-527.2500,0.500000,-0.500000,-0.500000,0.500000,900.0000,0.092210,96.836639,extrusion,295,5334
-699.0070,-219.0620,-527.2500,0.500000,-0.500000,-0.500000,0.500000,900.0000,3.100160,96.840413,extrusion,295,5335
-699.0070,-218.2060,-527.2500,0.500000,-0.500000,-0.500000,0.500000,900.0000,0.092110,96.844626,extrusion,295,5336
-720.2360,-239.4350,-527.2500,0.500000,-0.500000,-0.500000,0.500000,900.0000,3.230420,96.840487,extrusion,295,5337
-721.0920,-239.4350,-527.2500,0.500000,-0.500000,-0.500000,0.500000,900.0000,0.092110,96.844626,extrusion,295,5338
-699.0070,-217.3490,-527.2500,0.500000,-0.500000,-0.500000,0.500000,900.0000,3.360760,96.840668,extrusion,295,5339
-699.0070,-216.4930,-527.2500,0.500000,-0.500000,-0.500000,0.500000,900.0000,0.092110,96.844626,extrusion,295,5340
-721.9480,-239.4350,-527.2500,0.500000,-0.500000,-0.500000,0.500000,900.0000,3.491010,96.840449,extrusion,295,5341
-722.8040,-239.4350,-527.2500,0.500000,-0.500000,-0.500000,0.500000,900.0000,0.092110,96.844626,extrusion,295,5342
-715.0840,-231.7140,-527.2500,0.500000,-0.500000,-0.500000,0.500000,900.0000,1.174830,96.840520,extrusion,295,5343
-714.4970,-231.4400,-527.2500,0.500000,-0.500000,-0.500000,0.500000,900.0000,0.069700,96.835425,extrusion,295,5344
-714.3030,-231.3290,-527.2500,0.500000,-0.500000,-0.500000,0.500000,900.0000,0.024050,96.841033,extrusion,295,5345
-713.5720,-230.8160,-527.2500,0.500000,-0.500000,-0.500000,0.500000,900.0000,0.096090,96.838307,extrusion,295,5346
-713.4000,-230.6730,-527.2500,0.500000,-0.500000,-0.500000,0.500000,900.0000,0.024070,96.847927,extrusion,295,5347
-712.7690,-230.0410,-527.2500,0.500000,-0.500000,-0.500000,0.500000,900.0000,0.096100,96.845046,extrusion,295,5348
-712.6250,-229.8700,-527.2500,0.500000,-0.500000,-0.500000,0.500000,900.0000,0.024050,96.821654,extrusion,295,5349
-712.0470,-229.0340,-527.2500,0.500000,-0.500000,-0.500000,0.500000,900.0000,0.109360,96.840061,extrusion,295,5350
-711.7290,-228.3600,-527.2500,0.500000,-0.500000,-0.500000,0.500000,900.0000,0.080190,96.841116,extrusion,295,5351
-699.0070,-215.6370,-527.2500,0.500000,-0.500000,-0.500000,0.500000,900.0000,1.935990,96.840754,extrusion,295,5352
-699.0070,-214.7810,-527.2500,0.500000,-0.500000,-0.500000,0.500000,900.0000,0.092110,96.844626,extrusion,295,5353
-711.3320,-227.1060,-527.2500,0.500000,-0.500000,-0.500000,0.500000,900.0000,1.875500,96.840640,extrusion,295,5354
-711.2910,-226.9510,-527.2500,0.500000,-0.500000,-0.500000,0.500000,900.0000,0.017250,96.830987,extrusion,295,5355
-711.2260,-226.1440,-527.2500,0.500000,-0.500000,-0.500000,0.500000,900.0000,0.087110,96.835096,extrusion,295,5356
-699.0070,-213.9250,-527.2500,0.500000,-0.500000,-0.500000,0.500000,900.0000,1.859370,96.840643,extrusion,295,5357
-699.0070,-213.0690,-527.2500,0.500000,-0.500000,-0.500000,0.500000,900.0000,0.092110,96.844626,extrusion,295,5358
-711.2410,-225.3030,-527.2500,0.500000,-0.500000,-0.500000,0.500000,900.0000,1.861650,96.840510,extrusion,295,5359
-711.2910,-224.7280,-527.2500,0.500000,-0.500000,-0.500000,0.500000,900.0000,0.062100,96.834585,extrusion,295,5360
-711.3390,-224.5450,-527.2500,0.500000,-0.500000,-0.500000,0.500000,900.0000,0.020360,96.854819,extrusion,295,5361
-699.0070,-212.2120,-527.2500,0.500000,-0.500000,-0.500000,0.500000,900.0000,1.876640,96.840574,extrusion,295,5362
-699.0070,-211.3560,-527.2500,0.500000,-0.500000,-0.500000,0.500000,900.0000,0.092110,96.844626,extrusion,295,5363
-711.5180,-223.8670,-527.2500,0.500000,-0.500000,-0.500000,0.500000,900.0000,1.903800,96.840452,extrusion,295,5364
-711.6240,-223.5460,-527.2500,0.500000,-0.500000,-0.500000,0.500000,900.0000,0.036370,96.829211,extrusion,295,5365
-711.7610,-223.2540,-527.2500,0.500000,-0.500000,-0.500000,0.500000,900.0000,0.034710,96.852662,extrusion,295,5366
-699.0070,-210.5000,-527.2500,0.500000,-0.500000,-0.500000,0.500000,900.0000,1.940780,96.840586,extrusion,295,5367
-699.0070,-209.6440,-527.2500,0.500000,-0.500000,-0.500000,0.500000,900.0000,0.092110,96.844626,extrusion,295,5368
-712.0360,-222.6730,-527.2500,0.500000,-0.500000,-0.500000,0.500000,900.0000,1.982630,96.840740,extrusion,295,5369
-712.3810,-222.1630,-527.2500,0.500000,-0.500000,-0.500000,0.500000,900.0000,0.066250,96.836076,extrusion,295,5370
-699.0070,-208.7880,-527.2500,0.500000,-0.500000,-0.500000,0.500000,900.0000,2.035200,96.840506,extrusion,295,5371
-699.0070,-207.9320,-527.2500,0.500000,-0.500000,-0.500000,0.500000,900.0000,0.092110,96.844626,extrusion,295,5372
-712.7440,-221.6690,-527.2500,0.500000,-0.500000,-0.500000,0.500000,900.0000,2.090360,96.840428,extrusion,295,5373
-713.1700,-221.2390,-527.2500,0.500000,-0.500000,-0.500000,0.500000,900.0000,0.065130,96.841181,extrusion,295,5374
-699.0070,-207.0750,-527.2500,0.500000,-0.500000,-0.500000,0.500000,900.0000,2.155260,96.840404,extrusion,295,5375
-699.0070,-206.2190,-527.2500,0.500000,-0.500000,-0.500000,0.500000,900.0000,0.092110,96.844626,extrusion,295,5376
-713.6190,-220.8320,-527.2500,0.500000,-0.500000,-0.500000,0.500000,900.0000,2.223590,96.840651,extrusion,295,5377
-714.1240,-220.4800,-527.2500,0.500000,-0.500000,-0.500000,0.500000,900.0000,0.066240,96.846496,extrusion,295,5378
-699.0070,-205.3630,-527.2500,0.500000,-0.500000,-0.500000,0.500000,900.0000,2.300360,96.840652,extrusion,295,5379
-699.0070,-204.5070,-527.2500,0.500000,-0.500000,-0.500000,0.500000,900.0000,0.092110,96.844626,extrusion,295,5380
-714.6680,-220.1680,-527.2500,0.500000,-0.500000,-0.500000,0.500000,900.0000,2.383140,96.840624,extrusion,295,5381
-715.2490,-219.8930,-527.2500,0.500000,-0.500000,-0.500000,0.500000,900.0000,0.069170,96.847293,extrusion,295,5382
-699.0070,-203.6510,-527.2500,0.500000,-0.500000,-0.500000,0.500000,900.0000,2.471550,96.840585,extrusion,295,5383
-699.0070,-202.7950,-527.2500,0.500000,-0.500000,-0.500000,0.500000,900.0000,0.092110,96.844626,extrusion,295,5384
-715.9020,-219.6900,-527.2500,0.500000,-0.500000,-0.500000,0.500000,900.0000,2.570920,96.840691,extrusion,295,5385
-716.4920,-219.5310,-527.2500,0.500000,-0.500000,-0.500000,0.500000,900.0000,0.065750,96.841645,extrusion,295,5386
-716.5900,-219.5220,-527.2500,0.500000,-0.500000,-0.500000,0.500000,900.0000,0.010590,96.847554,extrusion,295,5387
-699.0070,-201.9380,-527.2500,0.500000,-0.500000,-0.500000,0.500000,900.0000,2.675690,96.840714,extrusion,295,5388
-699.0070,-201.0820,-527.2500,0.500000,-0.500000,-0.500000,0.500000,900.0000,0.092110,96.844626,extrusion,295,5389
-717.3780,-219.4530,-527.2500,0.500000,-0.500000,-0.500000,0.500000,900.0000,2.795520,96.840566,extrusion,295,5390
-717.6010,-219.4340,-527.2500,0.500000,-0.500000,-0.500000,0.500000,900.0000,0.024080,96.833020,extrusion,295,5391
-718.2730,-219.4920,-527.2500,0.500000,-0.500000,-0.500000,0.500000,900.0000,0.072580,96.845310,extrusion,295,5392
-699.0070,-200.2260,-527.2500,0.500000,-0.500000,-0.500000,0.500000,900.0000,2.931710,96.840487,extrusion,295,5393
-699.0070,-199.3700,-527.2500,0.500000,-0.500000,-0.500000,0.500000,900.0000,0.092110,96.844626,extrusion,295,5394
-719.7290,-220.0930,-527.2500,0.500000,-0.500000,-0.500000,0.500000,900.0000,3.153350,96.840615,extrusion,295,5395
-715.9570,-231.7310,-527.2500,0.500000,-0.500000,-0.500000,0.500000,900.0000,0.000000,0.000000,travel,296,5397
-723.6600,-239.4350,-527.2500,0.500000,-0.500000,-0.500000,0.500000,900.0000,1.172240,96.840263,extrusion,297,5398
-724.5170,-239.4350,-527.2500,0.500000,-0.500000,-0.500000,0.500000,900.0000,0.092210,96.836639,extrusion,297,5399
-717.3080,-232.2260,-527.2500,0.500000,-0.500000,-0.500000,0.500000,900.0000,1.097000,96.840966,extrusion,297,5400
-717.7130,-232.2420,-527.2500,0.500000,-0.500000,-0.500000,0.500000,900.0000,0.043610,96.835573,extrusion,297,5401
-718.1410,-232.2030,-527.2500,0.500000,-0.500000,-0.500000,0.500000,900.0000,0.046240,96.832470,extrusion,297,5402
-725.3730,-239.4350,-527.2500,0.500000,-0.500000,-0.500000,0.500000,900.0000,1.100500,96.840972,extrusion,297,5403
-726.2290,-239.4350,-527.2500,0.500000,-0.500000,-0.500000,0.500000,900.0000,0.092110,96.844626,extrusion,297,5404
-718.8910,-232.0970,-527.2500,0.500000,-0.500000,-0.500000,0.500000,900.0000,1.116630,96.840962,extrusion,297,5405
-719.5730,-231.9230,-527.2500,0.500000,-0.500000,-0.500000,0.500000,900.0000,0.075730,96.835024,extrusion,297,5406
-727.0850,-239.4350,-527.2500,0.500000,-0.500000,-0.500000,0.500000,900.0000,1.143100,96.840307,extrusion,297,5407
-727.9410,-239.4350,-527.2500,0.500000,-0.500000,-0.500000,0.500000,900.0000,0.092110,96.844626,extrusion,297,5408
-720.1880,-231.6810,-527.2500,0.500000,-0.500000,-0.500000,0.500000,900.0000,1.179850,96.840387,extrusion,297,5409
-720.7670,-231.4040,-527.2500,0.500000,-0.500000,-0.500000,0.500000,900.0000,0.069060,96.835876,extrusion,297,5410
-728.7970,-239.4350,-527.2500,0.500000,-0.500000,-0.500000,0.500000,900.0000,1.222000,96.840301,extrusion,297,5411
-729.6540,-239.4350,-527.2500,0.500000,-0.500000,-0.500000,0.500000,900.0000,0.092210,96.836639,extrusion,297,5412
-721.2800,-231.0610,-527.2500,0.500000,-0.500000,-0.500000,0.500000,900.0000,1.274270,96.840275,extrusion,297,5413
-721.7720,-230.6970,-527.2500,0.500000,-0.500000,-0.500000,0.500000,900.0000,0.065850,96.836167,extrusion,297,5414
-730.5100,-239.4350,-527.2500,0.500000,-0.500000,-0.500000,0.500000,900.0000,1.329660,96.840289,extrusion,297,5415
-731.3660,-239.4350,-527.2500,0.500000,-0.500000,-0.500000,0.500000,900.0000,0.092110,96.844626,extrusion,297,5416
-722.2030,-230.2710,-527.2500,0.500000,-0.500000,-0.500000,0.500000,900.0000,1.394410,96.840409,extrusion,297,5417
-722.4330,-230.0410,-527.2500,0.500000,-0.500000,-0.500000,0.500000,900.0000,0.035000,96.842885,extrusion,297,5418
-722.6100,-229.8220,-527.2500,0.500000,-0.500000,-0.500000,0.500000,900.0000,0.030300,96.844716,extrusion,297,5419
-732.2220,-239.4350,-527.2500,0.500000,-0.500000,-0.500000,0.500000,900.0000,1.462740,96.840784,extrusion,297,5420
-733.0780,-239.4350,-527.2500,0.500000,-0.500000,-0.500000,0.500000,900.0000,0.092110,96.844626,extrusion,297,5421
-722.9600,-229.3160,-527.2500,0.500000,-0.500000,-0.500000,0.500000,900.0000,1.539730,96.840260,extrusion,297,5422
-723.1550,-229.0340,-527.2500,0.500000,-0.500000,-0.500000,0.500000,900.0000,0.036890,96.837082,extrusion,297,5423
-723.2750,-228.7750,-527.2500,0.500000,-0.500000,-0.500000,0.500000,900.0000,0.030710,96.826482,extrusion,297,5424
-733.9340,-239.4350,-527.2500,0.500000,-0.500000,-0.500000,0.500000,900.0000,1.622060,96.840627,extrusion,297,5425
-734.7910,-239.4350,-527.2500,0.500000,-0.500000,-0.500000,0.500000,900.0000,0.092210,96.836639,extrusion,297,5426
-723.5470,-228.1910,-527.2500,0.500000,-0.500000,-0.500000,0.500000,900.0000,1.711000,96.840424,extrusion,297,5427
-723.6210,-228.0330,-527.2500,0.500000,-0.500000,-0.500000,0.500000,900.0000,0.018770,96.824321,extrusion,297,5428
-723.7530,-227.5410,-527.2500,0.500000,-0.500000,-0.500000,0.500000,900.0000,0.054810,96.837523,extrusion,297,5429
-735.6470,-239.4350,-527.2500,0.500000,-0.500000,-0.500000,0.500000,900.0000,1.809910,96.840396,extrusion,297,5430
-736.1950,-239.4350,-527.2500,0.500000,-0.500000,-0.500000,0.500000,900.0000,0.058970,96.848540,extrusion,297,5431
-736.1950,-239.1260,-527.2500,0.500000,-0.500000,-0.500000,0.500000,900.0000,0.033250,96.844660,extrusion,297,5432
-723.9120,-226.8440,-527.2500,0.500000,-0.500000,-0.500000,0.500000,900.0000,1.869030,96.840497,extrusion,297,5433
-723.9870,-226.0620,-527.2500,0.500000,-0.500000,-0.500000,0.500000,900.0000,0.084530,96.840799,extrusion,297,5434
-736.1950,-238.2700,-527.2500,0.500000,-0.500000,-0.500000,0.500000,900.0000,1.857690,96.840324,extrusion,297,5435
-736.1950,-237.4140,-527.2500,0.500000,-0.500000,-0.500000,0.500000,900.0000,0.092110,96.844626,extrusion,297,5436
-723.9490,-225.1680,-527.2500,0.500000,-0.500000,-0.500000,0.500000,900.0000,1.863480,96.840716,extrusion,297,5437
-723.9100,-224.7280,-527.2500,0.500000,-0.500000,-0.500000,0.500000,900.0000,0.047530,96.840789,extrusion,297,5438
-723.7440,-224.1070,-527.2500,0.500000,-0.500000,-0.500000,0.500000,900.0000,0.069170,96.846004,extrusion,297,5439
-736.1950,-236.5580,-527.2500,0.500000,-0.500000,-0.500000,0.500000,900.0000,1.894670,96.840463,extrusion,297,5440
-736.1950,-235.7020,-527.2500,0.500000,-0.500000,-0.500000,0.500000,900.0000,0.092110,96.844626,extrusion,297,5441
-699.0070,-198.5140,-527.2500,0.500000,-0.500000,-0.500000,0.500000,900.0000,5.658910,96.840601,extrusion,297,5442
-699.0070,-197.6580,-527.2500,0.500000,-0.500000,-0.500000,0.500000,900.0000,0.092110,96.844626,extrusion,297,5443
-736.1950,-234.8460,-527.2500,0.500000,-0.500000,-0.500000,0.500000,900.0000,5.658910,96.840601,extrusion,297,5444
-736.1950,-233.9890,-527.2500,0.500000,-0.500000,-0.500000,0.500000,900.0000,0.092210,96.836639,extrusion,297,5445
-699.0070,-196.8010,-527.2500,0.500000,-0.500000,-0.500000,0.500000,900.0000,5.658910,96.840601,extrusion,297,5446
-699.0070,-195.9450,-527.2500,0.500000,-0.500000,-0.500000,0.500000,900.0000,0.092110,96.844626,extrusion,297,5447
-736.1950,-233.1330,-527.2500,0.500000,-0.500000,-0.500000,0.500000,900.0000,5.658910,96.840601,extrusion,297,5448
-736.1950,-232.2770,-527.2500,0.500000,-0.500000,-0.500000,0.500000,900.0000,0.092110,96.844626,extrusion,297,5449
-708.4570,-204.5390,-527.2500,0.500000,-0.500000,-0.500000,0.500000,900.0000,4.220900,96.840591,extrusion,297,5450
-707.9020,-204.5390,-527.2500,0.500000,-0.500000,-0.500000,0.500000,900.0000,0.059720,96.843243,extrusion,297,5451
-707.9020,-203.9850,-527.2500,0.500000,-0.500000,-0.500000,0.500000,900.0000,0.059610,96.839350,extrusion,297,5452
-699.0070,-195.0890,-527.2500,0.500000,-0.500000,-0.500000,0.500000,900.0000,1.353630,96.840521,extrusion,297,5453
-699.0070,-194.2330,-527.2500,0.500000,-0.500000,-0.500000,0.500000,900.0000,0.092110,96.844626,extrusion,297,5454
-707.9020,-203.1290,-527.2500,0.500000,-0.500000,-0.500000,0.500000,900.0000,1.353630,96.840521,extrusion,297,5455
-707.9020,-202.2720,-527.2500,0.500000,-0.500000,-0.500000,0.500000,900.0000,0.092210,96.836639,extrusion,297,5456
-699.0070,-193.3770,-527.2500,0.500000,-0.500000,-0.500000,0.500000,900.0000,1.353550,96.840241,extrusion,297,5457
-699.0070,-192.5210,-527.2500,0.500000,-0.500000,-0.500000,0.500000,900.0000,0.092110,96.844626,extrusion,297,5458
-707.9020,-201.4160,-527.2500,0.500000,-0.500000,-0.500000,0.500000,900.0000,1.353550,96.840241,extrusion,297,5459
-707.9020,-200.5600,-527.2500,0.500000,-0.500000,-0.500000,0.500000,900.0000,0.092110,96.844626,extrusion,297,5460
-699.0070,-191.6640,-527.2500,0.500000,-0.500000,-0.500000,0.500000,900.0000,1.353630,96.840521,extrusion,297,5461
-699.0070,-190.8080,-527.2500,0.500000,-0.500000,-0.500000,0.500000,900.0000,0.092110,96.844626,extrusion,297,5462
-707.9020,-199.7040,-527.2500,0.500000,-0.500000,-0.500000,0.500000,900.0000,1.353630,96.840521,extrusion,297,5463
-707.9020,-198.8480,-527.2500,0.500000,-0.500000,-0.500000,0.500000,900.0000,0.092110,96.844626,extrusion,297,5464
-699.0070,-189.9520,-527.2500,0.500000,-0.500000,-0.500000,0.500000,900.0000,1.353630,96.840521,extrusion,297,5465
-699.0070,-189.0960,-527.2500,0.500000,-0.500000,-0.500000,0.500000,900.0000,0.092110,96.844626,extrusion,297,5466
-707.9020,-197.9920,-527.2500,0.500000,-0.500000,-0.500000,0.500000,900.0000,1.353630,96.840521,extrusion,297,5467
-707.9090,-197.1420,-527.2500,0.500000,-0.500000,-0.500000,0.500000,900.0000,0.091460,96.836716,extrusion,297,5468
-699.0070,-188.2400,-527.2500,0.500000,-0.500000,-0.500000,0.500000,900.0000,1.354620,96.840585,extrusion,297,5469
-699.0070,-187.3840,-527.2500,0.500000,-0.500000,-0.500000,0.500000,900.0000,0.092110,96.844626,extrusion,297,5470
-708.7660,-197.1420,-527.2500,0.500000,-0.500000,-0.500000,0.500000,900.0000,1.484950,96.840333,extrusion,297,5471
-709.6220,-197.1420,-527.2500,0.500000,-0.500000,-0.500000,0.500000,900.0000,0.092110,96.844626,extrusion,297,5472
-699.0070,-186.5270,-527.2500,0.500000,-0.500000,-0.500000,0.500000,900.0000,1.615290,96.840722,extrusion,297,5473
-699.0070,-185.6710,-527.2500,0.500000,-0.500000,-0.500000,0.500000,900.0000,0.092110,96.844626,extrusion,297,5474
-710.4780,-197.1420,-527.2500,0.500000,-0.500000,-0.500000,0.500000,900.0000,1.745540,96.840280,extrusion,297,5475
-711.3340,-197.1420,-527.2500,0.500000,-0.500000,-0.500000,0.500000,900.0000,0.092110,96.844626,extrusion,297,5476
-699.0070,-184.8150,-527.2500,0.500000,-0.500000,-0.500000,0.500000,900.0000,1.875800,96.840416,extrusion,297,5477
-699.0070,-183.9590,-527.2500,0.500000,-0.500000,-0.500000,0.500000,900.0000,0.092110,96.844626,extrusion,297,5478
-712.1900,-197.1420,-527.2500,0.500000,-0.500000,-0.500000,0.500000,900.0000,2.006060,96.840535,extrusion,297,5479
-713.0460,-197.1420,-527.2500,0.500000,-0.500000,-0.500000,0.500000,900.0000,0.092110,96.844626,extrusion,297,5480
-699.0070,-183.1030,-527.2500,0.500000,-0.500000,-0.500000,0.500000,900.0000,2.136320,96.840638,extrusion,297,5481
-699.0070,-182.2470,-527.2500,0.500000,-0.500000,-0.500000,0.500000,900.0000,0.092110,96.844626,extrusion,297,5482
-713.9030,-197.1420,-527.2500,0.500000,-0.500000,-0.500000,0.500000,900.0000,2.266650,96.840470,extrusion,297,5483
-714.7590,-197.1420,-527.2500,0.500000,-0.500000,-0.500000,0.500000,900.0000,0.092110,96.844626,extrusion,297,5484
-699.0070,-181.3900,-527.2500,0.500000,-0.500000,-0.500000,0.500000,900.0000,2.396990,96.840725,extrusion,297,5485
-699.0070,-180.5340,-527.2500,0.500000,-0.500000,-0.500000,0.500000,900.0000,0.092110,96.844626,extrusion,297,5486
-715.6150,-197.1420,-527.2500,0.500000,-0.500000,-0.500000,0.500000,900.0000,2.527240,96.840420,extrusion,297,5487
-716.4710,-197.1420,-527.2500,0.500000,-0.500000,-0.500000,0.500000,900.0000,0.092110,96.844626,extrusion,297,5488
-699.0070,-179.6780,-527.2500,0.500000,-0.500000,-0.500000,0.500000,900.0000,2.657500,96.840509,extrusion,297,5489
-699.0070,-178.8220,-527.2500,0.500000,-0.500000,-0.500000,0.500000,900.0000,0.092110,96.844626,extrusion,297,5490
-717.3270,-197.1420,-527.2500,0.500000,-0.500000,-0.500000,0.500000,900.0000,2.787760,96.840590,extrusion,297,5491
-718.1830,-197.1420,-527.2500,0.500000,-0.500000,-0.500000,0.500000,900.0000,0.092110,96.844626,extrusion,297,5492
-699.0070,-177.9660,-527.2500,0.500000,-0.500000,-0.500000,0.500000,900.0000,2.918020,96.840663,extrusion,297,5493
-699.0070,-177.1100,-527.2500,0.500000,-0.500000,-0.500000,0.500000,900.0000,0.092110,96.844626,extrusion,297,5494
-719.0400,-197.1420,-527.2500,0.500000,-0.500000,-0.500000,0.500000,900.0000,3.048350,96.840537,extrusion,297,5495
-719.8960,-197.1420,-527.2500,0.500000,-0.500000,-0.500000,0.500000,900.0000,0.092110,96.844626,extrusion,297,5496
-699.0070,-176.2530,-527.2500,0.500000,-0.500000,-0.500000,0.500000,900.0000,3.178680,96.840422,extrusion,297,5497
-699.0070,-175.3970,-527.2500,0.500000,-0.500000,-0.500000,0.500000,900.0000,0.092110,96.844626,extrusion,297,5498
-720.7520,-197.1420,-527.2500,0.500000,-0.500000,-0.500000,0.500000,900.0000,3.308940,96.840493,extrusion,297,5499
-721.6080,-197.1420,-527.2500,0.500000,-0.500000,-0.500000,0.500000,900.0000,0.092110,96.844626,extrusion,297,5500
-699.0070,-174.5410,-527.2500,0.500000,-0.500000,-0.500000,0.500000,900.0000,3.439200,96.840559,extrusion,297,5501
-699.0070,-173.6850,-527.2500,0.500000,-0.500000,-0.500000,0.500000,900.0000,0.092110,96.844626,extrusion,297,5502
-722.4640,-197.1420,-527.2500,0.500000,-0.500000,-0.500000,0.500000,900.0000,3.569460,96.840620,extrusion,297,5503
-723.3200,-197.1420,-527.2500,0.500000,-0.500000,-0.500000,0.500000,900.0000,0.092110,96.844626,extrusion,297,5504
-699.0070,-172.8290,-527.2500,0.500000,-0.500000,-0.500000,0.500000,900.0000,3.699710,96.840416,extrusion,297,5505
-699.0070,-171.9730,-527.2500,0.500000,-0.500000,-0.500000,0.500000,900.0000,0.092110,96.844626,extrusion,297,5506
-724.1770,-197.1420,-527.2500,0.500000,-0.500000,-0.500000,0.500000,900.0000,3.830050,96.840577,extrusion,297,5507
-725.0330,-197.1420,-527.2500,0.500000,-0.500000,-0.500000,0.500000,900.0000,0.092110,96.844626,extrusion,297,5508
-699.0070,-171.1160,-527.2500,0.500000,-0.500000,-0.500000,0.500000,900.0000,3.960380,96.840483,extrusion,297,5509
-699.0070,-170.2600,-527.2500,0.500000,-0.500000,-0.500000,0.500000,900.0000,0.092110,96.844626,extrusion,297,5510
-726.1600,-197.4140,-527.2500,0.500000,-0.500000,-0.500000,0.500000,900.0000,4.131950,96.840440,extrusion,297,5511
-709.0410,-204.2670,-527.2500,0.500000,-0.500000,-0.500000,0.500000,900.0000,0.000000,0.000000,travel,298,5513
-736.1950,-231.4210,-527.2500,0.500000,-0.500000,-0.500000,0.500000,900.0000,4.132030,96.840531,extrusion,299,5514
-736.1950,-230.5650,-527.2500,0.500000,-0.500000,-0.500000,0.500000,900.0000,0.092110,96.844626,extrusion,299,5515
-710.1690,-204.5390,-527.2500,0.500000,-0.500000,-0.500000,0.500000,900.0000,3.960380,96.840483,extrusion,299,5516
-711.0250,-204.5390,-527.2500,0.500000,-0.500000,-0.500000,0.500000,900.0000,0.092110,96.844626,extrusion,299,5517
-736.1950,-229.7090,-527.2500,0.500000,-0.500000,-0.500000,0.500000,900.0000,3.830120,96.840423,extrusion,299,5518
-736.1950,-228.8520,-527.2500,0.500000,-0.500000,-0.500000,0.500000,900.0000,0.092210,96.836639,extrusion,299,5519
-711.8810,-204.5390,-527.2500,0.500000,-0.500000,-0.500000,0.500000,900.0000,3.699790,96.840518,extrusion,299,5520
-712.7370,-204.5390,-527.2500,0.500000,-0.500000,-0.500000,0.500000,900.0000,0.092110,96.844626,extrusion,299,5521
-736.1950,-227.9960,-527.2500,0.500000,-0.500000,-0.500000,0.500000,900.0000,3.569530,96.840455,extrusion,299,5522
-736.1950,-227.1400,-527.2500,0.500000,-0.500000,-0.500000,0.500000,900.0000,0.092110,96.844626,extrusion,299,5523
-713.5940,-204.5390,-527.2500,0.500000,-0.500000,-0.500000,0.500000,900.0000,3.439200,96.840559,extrusion,299,5524
-714.4500,-204.5390,-527.2500,0.500000,-0.500000,-0.500000,0.500000,900.0000,0.092110,96.844626,extrusion,299,5525
-736.1950,-226.2840,-527.2500,0.500000,-0.500000,-0.500000,0.500000,900.0000,3.308940,96.840493,extrusion,299,5526
-736.1950,-225.4280,-527.2500,0.500000,-0.500000,-0.500000,0.500000,900.0000,0.092110,96.844626,extrusion,299,5527
-715.3060,-204.5390,-527.2500,0.500000,-0.500000,-0.500000,0.500000,900.0000,3.178680,96.840422,extrusion,299,5528
-716.1620,-204.5390,-527.2500,0.500000,-0.500000,-0.500000,0.500000,900.0000,0.092110,96.844626,extrusion,299,5529
-736.1950,-224.5720,-527.2500,0.500000,-0.500000,-0.500000,0.500000,900.0000,3.048430,96.840662,extrusion,299,5530
-736.1950,-223.7150,-527.2500,0.500000,-0.500000,-0.500000,0.500000,900.0000,0.092210,96.836639,extrusion,299,5531
-717.0180,-204.5390,-527.2500,0.500000,-0.500000,-0.500000,0.500000,900.0000,2.918090,96.840461,extrusion,299,5532
-717.8740,-204.5390,-527.2500,0.500000,-0.500000,-0.500000,0.500000,900.0000,0.092110,96.844626,extrusion,299,5533
-736.1950,-222.8590,-527.2500,0.500000,-0.500000,-0.500000,0.500000,900.0000,2.787830,96.840378,extrusion,299,5534
-736.1950,-222.0030,-527.2500,0.500000,-0.500000,-0.500000,0.500000,900.0000,0.092110,96.844626,extrusion,299,5535
-718.7310,-204.5390,-527.2500,0.500000,-0.500000,-0.500000,0.500000,900.0000,2.657500,96.840509,extrusion,299,5536
-719.5870,-204.5390,-527.2500,0.500000,-0.500000,-0.500000,0.500000,900.0000,0.092110,96.844626,extrusion,299,5537
-736.1950,-221.1470,-527.2500,0.500000,-0.500000,-0.500000,0.500000,900.0000,2.527240,96.840420,extrusion,299,5538
-736.1950,-220.2910,-527.2500,0.500000,-0.500000,-0.500000,0.500000,900.0000,0.092110,96.844626,extrusion,299,5539
-720.4430,-204.5390,-527.2500,0.500000,-0.500000,-0.500000,0.500000,900.0000,2.396990,96.840725,extrusion,299,5540
-721.2990,-204.5390,-527.2500,0.500000,-0.500000,-0.500000,0.500000,900.0000,0.092110,96.844626,extrusion,299,5541
-736.1950,-219.4350,-527.2500,0.500000,-0.500000,-0.500000,0.500000,900.0000,2.266730,96.840638,extrusion,299,5542
-736.1950,-218.5780,-527.2500,0.500000,-0.500000,-0.500000,0.500000,900.0000,0.092210,96.836639,extrusion,299,5543
-722.1550,-204.5390,-527.2500,0.500000,-0.500000,-0.500000,0.500000,900.0000,2.136390,96.840363,extrusion,299,5544
-723.0110,-204.5390,-527.2500,0.500000,-0.500000,-0.500000,0.500000,900.0000,0.092110,96.844626,extrusion,299,5545
-736.1950,-217.7220,-527.2500,0.500000,-0.500000,-0.500000,0.500000,900.0000,2.006140,96.840723,extrusion,299,5546
-736.1950,-216.8660,-527.2500,0.500000,-0.500000,-0.500000,0.500000,900.0000,0.092110,96.844626,extrusion,299,5547
-723.8680,-204.5390,-527.2500,0.500000,-0.500000,-0.500000,0.500000,900.0000,1.875800,96.840416,extrusion,299,5548
-724.7240,-204.5390,-527.2500,0.500000,-0.500000,-0.500000,0.500000,900.0000,0.092110,96.844626,extrusion,299,5549
-736.1950,-216.0100,-527.2500,0.500000,-0.500000,-0.500000,0.500000,900.0000,1.745540,96.840280,extrusion,299,5550
-736.1950,-215.1540,-527.2500,0.500000,-0.500000,-0.500000,0.500000,900.0000,0.092110,96.844626,extrusion,299,5551
-725.5800,-204.5390,-527.2500,0.500000,-0.500000,-0.500000,0.500000,900.0000,1.615290,96.840722,extrusion,299,5552
-726.4360,-204.5390,-527.2500,0.500000,-0.500000,-0.500000,0.500000,900.0000,0.092110,96.844626,extrusion,299,5553
-736.1950,-214.2980,-527.2500,0.500000,-0.500000,-0.500000,0.500000,900.0000,1.485030,96.840589,extrusion,299,5554
-736.1950,-213.4410,-527.2500,0.500000,-0.500000,-0.500000,0.500000,900.0000,0.092210,96.836639,extrusion,299,5555
-727.2920,-204.5390,-527.2500,0.500000,-0.500000,-0.500000,0.500000,900.0000,1.354700,96.840865,extrusion,299,5556
-727.2990,-203.6900,-527.2500,0.500000,-0.500000,-0.500000,0.500000,900.0000,0.091360,96.844765,extrusion,299,5557
-736.1950,-212.5850,-527.2500,0.500000,-0.500000,-0.500000,0.500000,900.0000,1.353630,96.840521,extrusion,299,5558
-736.1950,-211.7290,-527.2500,0.500000,-0.500000,-0.500000,0.500000,900.0000,0.092110,96.844626,extrusion,299,5559
-727.2990,-202.8330,-527.2500,0.500000,-0.500000,-0.500000,0.500000,900.0000,1.353710,96.840801,extrusion,299,5560
-727.2990,-201.9770,-527.2500,0.500000,-0.500000,-0.500000,0.500000,900.0000,0.092110,96.844626,extrusion,299,5561
-736.1950,-210.8730,-527.2500,0.500000,-0.500000,-0.500000,0.500000,900.0000,1.353710,96.840801,extrusion,299,5562
-736.1950,-210.0170,-527.2500,0.500000,-0.500000,-0.500000,0.500000,900.0000,0.092110,96.844626,extrusion,299,5563
-727.2990,-201.1210,-527.2500,0.500000,-0.500000,-0.500000,0.500000,900.0000,1.353710,96.840801,extrusion,299,5564
-727.2990,-200.2650,-527.2500,0.500000,-0.500000,-0.500000,0.500000,900.0000,0.092110,96.844626,extrusion,299,5565
-736.1950,-209.1610,-527.2500,0.500000,-0.500000,-0.500000,0.500000,900.0000,1.353710,96.840801,extrusion,299,5566
-736.1950,-208.3040,-527.2500,0.500000,-0.500000,-0.500000,0.500000,900.0000,0.092210,96.836639,extrusion,299,5567
-727.2990,-199.4090,-527.2500,0.500000,-0.500000,-0.500000,0.500000,900.0000,1.353630,96.840521,extrusion,299,5568
-727.2990,-198.5520,-527.2500,0.500000,-0.500000,-0.500000,0.500000,900.0000,0.092210,96.836639,extrusion,299,5569
-736.1950,-207.4480,-527.2500,0.500000,-0.500000,-0.500000,0.500000,900.0000,1.353710,96.840801,extrusion,299,5570
-736.1950,-206.5920,-527.2500,0.500000,-0.500000,-0.500000,0.500000,900.0000,0.092110,96.844626,extrusion,299,5571
-727.2990,-197.6960,-527.2500,0.500000,-0.500000,-0.500000,0.500000,900.0000,1.353710,96.840801,extrusion,299,5572
-727.2990,-197.1420,-527.2500,0.500000,-0.500000,-0.500000,0.500000,900.0000,0.059610,96.839350,extrusion,299,5573
-726.7450,-197.1420,-527.2500,0.500000,-0.500000,-0.500000,0.500000,900.0000,0.059610,96.839350,extrusion,299,5574
-699.0070,-169.4040,-527.2500,0.500000,-0.500000,-0.500000,0.500000,900.0000,4.220900,96.840591,extrusion,299,5575
-699.0070,-168.5480,-527.2500,0.500000,-0.500000,-0.500000,0.500000,900.0000,0.092110,96.844626,extrusion,299,5576
-736.1950,-205.7360,-527.2500,0.500000,-0.500000,-0.500000,0.500000,900.0000,5.658910,96.840601,extrusion,299,5577
-736.1950,-204.8800,-527.2500,0.500000,-0.500000,-0.500000,0.500000,900.0000,0.092110,96.844626,extrusion,299,5578
-699.0070,-167.6920,-527.2500,0.500000,-0.500000,-0.500000,0.500000,900.0000,5.658910,96.840601,extrusion,299,5579
-699.0070,-166.8360,-527.2500,0.500000,-0.500000,-0.500000,0.500000,900.0000,0.092110,96.844626,extrusion,299,5580
-736.1950,-204.0240,-527.2500,0.500000,-0.500000,-0.500000,0.500000,900.0000,5.658910,96.840601,extrusion,299,5581
-736.1950,-203.1670,-527.2500,0.500000,-0.500000,-0.500000,0.500000,900.0000,0.092210,96.836639,extrusion,299,5582
-699.0070,-165.9790,-527.2500,0.500000,-0.500000,-0.500000,0.500000,900.0000,5.658910,96.840601,extrusion,299,5583
-699.0070,-165.1230,-527.2500,0.500000,-0.500000,-0.500000,0.500000,900.0000,0.092110,96.844626,extrusion,299,5584
-711.4580,-177.5740,-527.2500,0.500000,-0.500000,-0.500000,0.500000,900.0000,1.894670,96.840463,extrusion,299,5585
-711.2910,-176.9540,-527.2500,0.500000,-0.500000,-0.500000,0.500000,900.0000,0.069090,96.840457,extrusion,299,5586
-711.2530,-176.5130,-527.2500,0.500000,-0.500000,-0.500000,0.500000,900.0000,0.047630,96.845214,extrusion,299,5587
-699.0070,-164.2670,-527.2500,0.500000,-0.500000,-0.500000,0.500000,900.0000,1.863480,96.840716,extrusion,299,5588
-699.0070,-163.4110,-527.2500,0.500000,-0.500000,-0.500000,0.500000,900.0000,0.092110,96.844626,extrusion,299,5589
-711.2140,-175.6180,-527.2500,0.500000,-0.500000,-0.500000,0.500000,900.0000,1.857540,96.840437,extrusion,299,5590
-711.2820,-174.8300,-527.2500,0.500000,-0.500000,-0.500000,0.500000,900.0000,0.085100,96.835546,extrusion,299,5591
-699.0070,-162.5550,-527.2500,0.500000,-0.500000,-0.500000,0.500000,900.0000,1.867890,96.840563,extrusion,299,5592
-699.0070,-162.2470,-527.2500,0.500000,-0.500000,-0.500000,0.500000,900.0000,0.033140,96.837662,extrusion,299,5593
-699.5550,-162.2470,-527.2500,0.500000,-0.500000,-0.500000,0.500000,900.0000,0.058970,96.848540,extrusion,299,5594
-711.4490,-174.1410,-527.2500,0.500000,-0.500000,-0.500000,0.500000,900.0000,1.809910,96.840396,extrusion,299,5595
-711.5810,-173.6490,-527.2500,0.500000,-0.500000,-0.500000,0.500000,900.0000,0.054810,96.837523,extrusion,299,5596
-711.6540,-173.4900,-527.2500,0.500000,-0.500000,-0.500000,0.500000,900.0000,0.018830,96.863725,extrusion,299,5597
-700.4110,-162.2470,-527.2500,0.500000,-0.500000,-0.500000,0.500000,900.0000,1.710850,96.840547,extrusion,299,5598
-701.2670,-162.2470,-527.2500,0.500000,-0.500000,-0.500000,0.500000,900.0000,0.092110,96.844626,extrusion,299,5599
-711.9260,-172.9060,-527.2500,0.500000,-0.500000,-0.500000,0.500000,900.0000,1.621980,96.840393,extrusion,299,5600
-712.0470,-172.6470,-527.2500,0.500000,-0.500000,-0.500000,0.500000,900.0000,0.030760,96.841018,extrusion,299,5601
-712.2420,-172.3650,-527.2500,0.500000,-0.500000,-0.500000,0.500000,900.0000,0.036890,96.837082,extrusion,299,5602
-702.1230,-162.2470,-527.2500,0.500000,-0.500000,-0.500000,0.500000,900.0000,1.539730,96.840260,extrusion,299,5603
-702.9800,-162.2470,-527.2500,0.500000,-0.500000,-0.500000,0.500000,900.0000,0.092210,96.836639,extrusion,299,5604
-712.5920,-171.8590,-527.2500,0.500000,-0.500000,-0.500000,0.500000,900.0000,1.462660,96.840525,extrusion,299,5605
-712.7770,-171.6310,-527.2500,0.500000,-0.500000,-0.500000,0.500000,900.0000,0.031590,96.831315,extrusion,299,5606
-713.0010,-171.4120,-527.2500,0.500000,-0.500000,-0.500000,0.500000,900.0000,0.033710,96.846710,extrusion,299,5607
-703.8360,-162.2470,-527.2500,0.500000,-0.500000,-0.500000,0.500000,900.0000,1.394640,96.840530,extrusion,299,5608
-704.6920,-162.2470,-527.2500,0.500000,-0.500000,-0.500000,0.500000,900.0000,0.092110,96.844626,extrusion,299,5609
-713.4330,-170.9880,-527.2500,0.500000,-0.500000,-0.500000,0.500000,900.0000,1.330120,96.840543,extrusion,299,5610
-713.6110,-170.8370,-527.2500,0.500000,-0.500000,-0.500000,0.500000,900.0000,0.025120,96.855362,extrusion,299,5611
-713.9210,-170.6200,-527.2500,0.500000,-0.500000,-0.500000,0.500000,900.0000,0.040720,96.849069,extrusion,299,5612
-705.5480,-162.2470,-527.2500,0.500000,-0.500000,-0.500000,0.500000,900.0000,1.274120,96.840440,extrusion,299,5613
-706.4040,-162.2470,-527.2500,0.500000,-0.500000,-0.500000,0.500000,900.0000,0.092110,96.844626,extrusion,299,5614
-714.4340,-170.2770,-527.2500,0.500000,-0.500000,-0.500000,0.500000,900.0000,1.221930,96.840783,extrusion,299,5615
-715.0140,-170.0000,-527.2500,0.500000,-0.500000,-0.500000,0.500000,900.0000,0.069160,96.839972,extrusion,299,5616
-707.2600,-162.2470,-527.2500,0.500000,-0.500000,-0.500000,0.500000,900.0000,1.179850,96.840387,extrusion,299,5617
-708.1170,-162.2470,-527.2500,0.500000,-0.500000,-0.500000,0.500000,900.0000,0.092210,96.836639,extrusion,299,5618
-715.6280,-169.7580,-527.2500,0.500000,-0.500000,-0.500000,0.500000,900.0000,1.142950,96.840491,extrusion,299,5619
-716.3060,-169.5790,-527.2500,0.500000,-0.500000,-0.500000,0.500000,900.0000,0.075450,96.836840,extrusion,299,5620
-708.9730,-162.2470,-527.2500,0.500000,-0.500000,-0.500000,0.500000,900.0000,1.115790,96.840696,extrusion,299,5621
-709.8290,-162.2470,-527.2500,0.500000,-0.500000,-0.500000,0.500000,900.0000,0.092110,96.844626,extrusion,299,5622
-717.0630,-169.4810,-527.2500,0.500000,-0.500000,-0.500000,0.500000,900.0000,1.100800,96.840590,extrusion,299,5623
-717.6000,-169.4340,-527.2500,0.500000,-0.500000,-0.500000,0.500000,900.0000,0.058000,96.836512,extrusion,299,5624
-717.8970,-169.4580,-527.2500,0.500000,-0.500000,-0.500000,0.500000,900.0000,0.032060,96.835863,extrusion,299,5625
-710.6850,-162.2470,-527.2500,0.500000,-0.500000,-0.500000,0.500000,900.0000,1.097380,96.840928,extrusion,299,5626
-711.5410,-162.2470,-527.2500,0.500000,-0.500000,-0.500000,0.500000,900.0000,0.092110,96.844626,extrusion,299,5627
-719.2450,-169.9500,-527.2500,0.500000,-0.500000,-0.500000,0.500000,900.0000,1.172240,96.840263,extrusion,299,5628
-715.4730,-181.5900,-527.2500,0.500000,-0.500000,-0.500000,0.500000,900.0000,0.000000,0.000000,travel,300,5630
-736.1950,-202.3110,-527.2500,0.500000,-0.500000,-0.500000,0.500000,900.0000,3.153200,96.840682,extrusion,301,5631
-736.1950,-201.4550,-527.2500,0.500000,-0.500000,-0.500000,0.500000,900.0000,0.092110,96.844626,extrusion,301,5632
-716.9290,-182.1890,-527.2500,0.500000,-0.500000,-0.500000,0.500000,900.0000,2.931710,96.840487,extrusion,301,5633
-717.6010,-182.2470,-527.2500,0.500000,-0.500000,-0.500000,0.500000,900.0000,0.072580,96.845310,extrusion,301,5634
-717.8230,-182.2270,-527.2500,0.500000,-0.500000,-0.500000,0.500000,900.0000,0.023980,96.824087,extrusion,301,5635
-736.1950,-200.5990,-527.2500,0.500000,-0.500000,-0.500000,0.500000,900.0000,2.795670,96.840491,extrusion,301,5636
-736.1950,-199.7430,-527.2500,0.500000,-0.500000,-0.500000,0.500000,900.0000,0.092110,96.844626,extrusion,301,5637
-718.6090,-182.1570,-527.2500,0.500000,-0.500000,-0.500000,0.500000,900.0000,2.676070,96.840698,extrusion,301,5638
-719.2970,-181.9890,-527.2500,0.500000,-0.500000,-0.500000,0.500000,900.0000,0.076200,96.835048,extrusion,301,5639
-736.1950,-198.8870,-527.2500,0.500000,-0.500000,-0.500000,0.500000,900.0000,2.571370,96.840445,extrusion,301,5640
-736.1950,-198.0300,-527.2500,0.500000,-0.500000,-0.500000,0.500000,900.0000,0.092210,96.836639,extrusion,301,5641
-719.9520,-181.7880,-527.2500,0.500000,-0.500000,-0.500000,0.500000,900.0000,2.471620,96.840347,extrusion,301,5642
-720.5340,-181.5130,-527.2500,0.500000,-0.500000,-0.500000,0.500000,900.0000,0.069260,96.837117,extrusion,301,5643
-736.1950,-197.1740,-527.2500,0.500000,-0.500000,-0.500000,0.500000,900.0000,2.383140,96.840624,extrusion,301,5644
-736.1950,-196.3180,-527.2500,0.500000,-0.500000,-0.500000,0.500000,900.0000,0.092110,96.844626,extrusion,301,5645
-721.0780,-181.2010,-527.2500,0.500000,-0.500000,-0.500000,0.500000,900.0000,2.300360,96.840652,extrusion,301,5646
-721.5820,-180.8490,-527.2500,0.500000,-0.500000,-0.500000,0.500000,900.0000,0.066150,96.843933,extrusion,301,5647
-736.1950,-195.4620,-527.2500,0.500000,-0.500000,-0.500000,0.500000,900.0000,2.223660,96.840386,extrusion,301,5648
-736.1950,-194.6060,-527.2500,0.500000,-0.500000,-0.500000,0.500000,900.0000,0.092110,96.844626,extrusion,301,5649
-722.0320,-180.4420,-527.2500,0.500000,-0.500000,-0.500000,0.500000,900.0000,2.155260,96.840404,extrusion,301,5650
-722.4570,-180.0120,-527.2500,0.500000,-0.500000,-0.500000,0.500000,900.0000,0.065050,96.834757,extrusion,301,5651
-736.1950,-193.7490,-527.2500,0.500000,-0.500000,-0.500000,0.500000,900.0000,2.090440,96.840609,extrusion,301,5652
-736.1950,-192.8930,-527.2500,0.500000,-0.500000,-0.500000,0.500000,900.0000,0.092110,96.844626,extrusion,301,5653
-722.8200,-179.5190,-527.2500,0.500000,-0.500000,-0.500000,0.500000,900.0000,2.035200,96.840506,extrusion,301,5654
-723.1660,-179.0080,-527.2500,0.500000,-0.500000,-0.500000,0.500000,900.0000,0.066400,96.836932,extrusion,301,5655
-736.1950,-192.0370,-527.2500,0.500000,-0.500000,-0.500000,0.500000,900.0000,1.982630,96.840740,extrusion,301,5656
-736.1950,-191.1810,-527.2500,0.500000,-0.500000,-0.500000,0.500000,900.0000,0.092110,96.844626,extrusion,301,5657
-723.4400,-178.4270,-527.2500,0.500000,-0.500000,-0.500000,0.500000,900.0000,1.940860,96.840781,extrusion,301,5658
-723.5780,-178.1350,-527.2500,0.500000,-0.500000,-0.500000,0.500000,900.0000,0.034750,96.836372,extrusion,301,5659
-723.6840,-177.8140,-527.2500,0.500000,-0.500000,-0.500000,0.500000,900.0000,0.036370,96.829211,extrusion,301,5660
-736.1950,-190.3250,-527.2500,0.500000,-0.500000,-0.500000,0.500000,900.0000,1.903800,96.840452,extrusion,301,5661
-736.1950,-189.4690,-527.2500,0.500000,-0.500000,-0.500000,0.500000,900.0000,0.092110,96.844626,extrusion,301,5662
-723.8620,-177.1360,-527.2500,0.500000,-0.500000,-0.500000,0.500000,900.0000,1.876720,96.840776,extrusion,301,5663
-723.8970,-177.0060,-527.2500,0.500000,-0.500000,-0.500000,0.500000,900.0000,0.014490,96.866116,extrusion,301,5664
-723.9570,-176.3740,-527.2500,0.500000,-0.500000,-0.500000,0.500000,900.0000,0.068310,96.841463,extrusion,301,5665
-736.1950,-188.6120,-527.2500,0.500000,-0.500000,-0.500000,0.500000,900.0000,1.862260,96.840579,extrusion,301,5666
-736.1950,-187.7560,-527.2500,0.500000,-0.500000,-0.500000,0.500000,900.0000,0.092110,96.844626,extrusion,301,5667
-723.9810,-175.5430,-527.2500,0.500000,-0.500000,-0.500000,0.500000,900.0000,1.858530,96.840484,extrusion,301,5668
-723.9100,-174.7280,-527.2500,0.500000,-0.500000,-0.500000,0.500000,900.0000,0.088030,96.844248,extrusion,301,5669
-723.8690,-174.5740,-527.2500,0.500000,-0.500000,-0.500000,0.500000,900.0000,0.017150,96.853523,extrusion,301,5670
-736.1950,-186.9000,-527.2500,0.500000,-0.500000,-0.500000,0.500000,900.0000,1.875650,96.840528,extrusion,301,5671
-736.1950,-186.0440,-527.2500,0.500000,-0.500000,-0.500000,0.500000,900.0000,0.092110,96.844626,extrusion,301,5672
-723.4650,-173.3150,-527.2500,0.500000,-0.500000,-0.500000,0.500000,900.0000,1.937050,96.840494,extrusion,301,5673
-723.1550,-172.6470,-527.2500,0.500000,-0.500000,-0.500000,0.500000,900.0000,0.079240,96.840621,extrusion,301,5674
-722.5770,-171.8120,-527.2500,0.500000,-0.500000,-0.500000,0.500000,900.0000,0.109270,96.838722,extrusion,301,5675
-722.4330,-171.6400,-527.2500,0.500000,-0.500000,-0.500000,0.500000,900.0000,0.024140,96.852193,extrusion,301,5676
-721.8010,-171.0090,-527.2500,0.500000,-0.500000,-0.500000,0.500000,900.0000,0.096100,96.845046,extrusion,301,5677
-721.6300,-170.8650,-527.2500,0.500000,-0.500000,-0.500000,0.500000,900.0000,0.024050,96.821654,extrusion,301,5678
-720.8980,-170.3530,-527.2500,0.500000,-0.500000,-0.500000,0.500000,900.0000,0.096120,96.841952,extrusion,301,5679
-720.7050,-170.2410,-527.2500,0.500000,-0.500000,-0.500000,0.500000,900.0000,0.024010,96.839051,extrusion,301,5680
-720.1180,-169.9670,-527.2500,0.500000,-0.500000,-0.500000,0.500000,900.0000,0.069700,96.835425,extrusion,301,5681
-712.3970,-162.2470,-527.2500,0.500000,-0.500000,-0.500000,0.500000,900.0000,1.174830,96.840520,extrusion,301,5682
-713.2540,-162.2470,-527.2500,0.500000,-0.500000,-0.500000,0.500000,900.0000,0.092210,96.836639,extrusion,301,5683
-736.1950,-185.1880,-527.2500,0.500000,-0.500000,-0.500000,0.500000,900.0000,3.490940,96.840618,extrusion,301,5684
-736.1950,-184.3320,-527.2500,0.500000,-0.500000,-0.500000,0.500000,900.0000,0.092110,96.844626,extrusion,301,5685
-714.1100,-162.2470,-527.2500,0.500000,-0.500000,-0.500000,0.500000,900.0000,3.360680,96.840555,extrusion,301,5686
-714.9660,-162.2470,-527.2500,0.500000,-0.500000,-0.500000,0.500000,900.0000,0.092110,96.844626,extrusion,301,5687
-736.1950,-183.4750,-527.2500,0.500000,-0.500000,-0.500000,0.500000,900.0000,3.230350,96.840669,extrusion,301,5688
-736.1950,-182.6190,-527.2500,0.500000,-0.500000,-0.500000,0.500000,900.0000,0.092110,96.844626,extrusion,301,5689
-715.8220,-162.2470,-527.2500,0.500000,-0.500000,-0.500000,0.500000,900.0000,3.100090,96.840603,extrusion,301,5690
-716.6780,-162.2470,-527.2500,0.500000,-0.500000,-0.500000,0.500000,900.0000,0.092110,96.844626,extrusion,301,5691
-736.1950,-181.7630,-527.2500,0.500000,-0.500000,-0.500000,0.500000,900.0000,2.969830,96.840532,extrusion,301,5692
-736.1950,-180.9070,-527.2500,0.500000,-0.500000,-0.500000,0.500000,900.0000,0.092110,96.844626,extrusion,301,5693
-717.5340,-162.2470,-527.2500,0.500000,-0.500000,-0.500000,0.500000,900.0000,2.839570,96.840453,extrusion,301,5694
-718.3910,-162.2470,-527.2500,0.500000,-0.500000,-0.500000,0.500000,900.0000,0.092210,96.836639,extrusion,301,5695
-736.1950,-180.0510,-527.2500,0.500000,-0.500000,-0.500000,0.500000,900.0000,2.709240,96.840585,extrusion,301,5696
-736.1950,-179.1950,-527.2500,0.500000,-0.500000,-0.500000,0.500000,900.0000,0.092110,96.844626,extrusion,301,5697
-719.2470,-162.2470,-527.2500,0.500000,-0.500000,-0.500000,0.500000,900.0000,2.578980,96.840502,extrusion,301,5698
-720.1030,-162.2470,-527.2500,0.500000,-0.500000,-0.500000,0.500000,900.0000,0.092110,96.844626,extrusion,301,5699
-736.1950,-178.3380,-527.2500,0.500000,-0.500000,-0.500000,0.500000,900.0000,2.448650,96.840650,extrusion,301,5700
-736.1950,-177.4820,-527.2500,0.500000,-0.500000,-0.500000,0.500000,900.0000,0.092110,96.844626,extrusion,301,5701
-720.9590,-162.2470,-527.2500,0.500000,-0.500000,-0.500000,0.500000,900.0000,2.318390,96.840561,extrusion,301,5702
-721.8150,-162.2470,-527.2500,0.500000,-0.500000,-0.500000,0.500000,900.0000,0.092110,96.844626,extrusion,301,5703
-736.1950,-176.6260,-527.2500,0.500000,-0.500000,-0.500000,0.500000,900.0000,2.188130,96.840461,extrusion,301,5704
-736.1950,-175.7700,-527.2500,0.500000,-0.500000,-0.500000,0.500000,900.0000,0.092110,96.844626,extrusion,301,5705
-722.6710,-162.2470,-527.2500,0.500000,-0.500000,-0.500000,0.500000,900.0000,2.057870,96.840348,extrusion,301,5706
-723.5280,-162.2470,-527.2500,0.500000,-0.500000,-0.500000,0.500000,900.0000,0.092210,96.836639,extrusion,301,5707
-736.1950,-174.9140,-527.2500,0.500000,-0.500000,-0.500000,0.500000,900.0000,1.927540,96.840526,extrusion,301,5708
-736.1950,-174.0580,-527.2500,0.500000,-0.500000,-0.500000,0.500000,900.0000,0.092110,96.844626,extrusion,301,5709
-724.3840,-162.2470,-527.2500,0.500000,-0.500000,-0.500000,0.500000,900.0000,1.797280,96.840402,extrusion,301,5710
-725.2400,-162.2470,-527.2500,0.500000,-0.500000,-0.500000,0.500000,900.0000,0.092110,96.844626,extrusion,301,5711
-736.1950,-173.2010,-527.2500,0.500000,-0.500000,-0.500000,0.500000,900.0000,1.666950,96.840612,extrusion,301,5712
-736.1950,-172.3450,-527.2500,0.500000,-0.500000,-0.500000,0.500000,900.0000,0.092110,96.844626,extrusion,301,5713
-726.0960,-162.2470,-527.2500,0.500000,-0.500000,-0.500000,0.500000,900.0000,1.536690,96.840474,extrusion,301,5714
-726.9520,-162.2470,-527.2500,0.500000,-0.500000,-0.500000,0.500000,900.0000,0.092110,96.844626,extrusion,301,5715
-736.1950,-171.4890,-527.2500,0.500000,-0.500000,-0.500000,0.500000,900.0000,1.406430,96.840311,extrusion,301,5716
-736.1950,-170.6330,-527.2500,0.500000,-0.500000,-0.500000,0.500000,900.0000,0.092110,96.844626,extrusion,301,5717
-727.8080,-162.2470,-527.2500,0.500000,-0.500000,-0.500000,0.500000,900.0000,1.276180,96.840873,extrusion,301,5718
-728.6650,-162.2470,-527.2500,0.500000,-0.500000,-0.500000,0.500000,900.0000,0.092210,96.836639,extrusion,301,5719
-736.1950,-169.7770,-527.2500,0.500000,-0.500000,-0.500000,0.500000,900.0000,1.145840,96.840387,extrusion,301,5720
-736.1950,-168.9210,-527.2500,0.500000,-0.500000,-0.500000,0.500000,900.0000,0.092110,96.844626,extrusion,301,5721
-729.5210,-162.2470,-527.2500,0.500000,-0.500000,-0.500000,0.500000,900.0000,1.015580,96.840149,extrusion,301,5722
-730.3770,-162.2470,-527.2500,0.500000,-0.500000,-0.500000,0.500000,900.0000,0.092110,96.844626,extrusion,301,5723
-736.1950,-168.0640,-527.2500,0.500000,-0.500000,-0.500000,0.500000,900.0000,0.885250,96.840507,extrusion,301,5724
-736.1950,-167.2080,-527.2500,0.500000,-0.500000,-0.500000,0.500000,900.0000,0.092110,96.844626,extrusion,301,5725
-731.2330,-162.2470,-527.2500,0.500000,-0.500000,-0.500000,0.500000,900.0000,0.754990,96.840208,extrusion,301,5726
-732.0890,-162.2470,-527.2500,0.500000,-0.500000,-0.500000,0.500000,900.0000,0.092110,96.844626,extrusion,301,5727
-736.1950,-166.3520,-527.2500,0.500000,-0.500000,-0.500000,0.500000,900.0000,0.624730,96.839784,extrusion,301,5728
-736.1950,-165.4960,-527.2500,0.500000,-0.500000,-0.500000,0.500000,900.0000,0.092110,96.844626,extrusion,301,5729
-732.9450,-162.2470,-527.2500,0.500000,-0.500000,-0.500000,0.500000,900.0000,0.494480,96.841096,extrusion,301,5730
-733.8020,-162.2470,-527.2500,0.500000,-0.500000,-0.500000,0.500000,900.0000,0.092210,96.836639,extrusion,301,5731
-736.1950,-164.6400,-527.2500,0.500000,-0.500000,-0.500000,0.500000,900.0000,0.364140,96.839648,extrusion,301,5732
-736.1950,-163.7840,-527.2500,0.500000,-0.500000,-0.500000,0.500000,900.0000,0.092110,96.844626,extrusion,301,5733
-734.6580,-162.2470,-527.2500,0.500000,-0.500000,-0.500000,0.500000,900.0000,0.233890,96.842345,extrusion,301,5734
-735.5140,-162.2470,-527.2500,0.500000,-0.500000,-0.500000,0.500000,900.0000,0.092110,96.844626,extrusion,301,5735
-736.4660,-163.1990,-527.2500,0.500000,-0.500000,-0.500000,0.500000,900.0000,0.144870,96.843176,extrusion,301,5736
-724.3610,-197.7940,-526.8000,0.500000,-0.500000,-0.500000,0.500000,900.0000,0.000000,0.000000,travel,302,5742
-726.6470,-197.7940,-526.8000,0.500000,-0.500000,-0.500000,0.500000,900.0000,0.245170,96.523622,extrusion,303,5745
-726.6470,-203.8870,-526.8000,0.500000,-0.500000,-0.500000,0.500000,900.0000,0.653470,96.524372,extrusion,303,5746
-708.5540,-203.8870,-526.8000,0.500000,-0.500000,-0.500000,0.500000,900.0000,1.940470,96.524789,extrusion,303,5747
-708.5540,-200.8410,-526.8000,0.500000,-0.500000,-0.500000,0.500000,900.0000,0.326680,96.523966,extrusion,303,5748
-708.5540,-197.7940,-526.8000,0.500000,-0.500000,-0.500000,0.500000,900.0000,0.326790,96.524778,extrusion,303,5749
-724.3610,-197.7940,-526.8000,0.500000,-0.500000,-0.500000,0.500000,900.0000,1.695300,96.524957,extrusion,303,5750
-724.3610,-197.1910,-526.8000,0.500000,-0.500000,-0.500000,0.500000,900.0000,0.000000,0.000000,travel,304,5751
-727.2510,-197.1910,-526.8000,0.500000,-0.500000,-0.500000,0.500000,900.0000,0.309950,96.524221,extrusion,305,5753
-727.2510,-204.4910,-526.8000,0.500000,-0.500000,-0.500000,0.500000,900.0000,0.782920,96.524384,extrusion,305,5754
-707.9510,-204.4910,-526.8000,0.500000,-0.500000,-0.500000,0.500000,900.0000,2.069920,96.524767,extrusion,305,5755
-707.9510,-200.8410,-526.8000,0.500000,-0.500000,-0.500000,0.500000,900.0000,0.391460,96.524384,extrusion,305,5756
-707.9510,-197.1910,-526.8000,0.500000,-0.500000,-0.500000,0.500000,900.0000,0.391460,96.524384,extrusion,305,5757
-724.3610,-197.1910,-526.8000,0.500000,-0.500000,-0.500000,0.500000,900.0000,1.759970,96.524863,extrusion,305,5758
-723.2690,-203.7060,-526.8000,0.500000,-0.500000,-0.500000,0.500000,900.0000,0.000000,0.000000,travel,306,5760
-726.1950,-200.7800,-526.8000,0.500000,-0.500000,-0.500000,0.500000,900.0000,0.443800,96.525151,extrusion,307,5763
-726.1950,-198.2470,-526.8000,0.500000,-0.500000,-0.500000,0.500000,900.0000,0.271660,96.523490,extrusion,307,5764
-720.1950,-198.2470,-526.8000,0.500000,-0.500000,-0.500000,0.500000,900.0000,0.643500,96.525000,extrusion,307,5765
-715.0070,-203.4350,-526.8000,0.500000,-0.500000,-0.500000,0.500000,900.0000,0.786890,96.525391,extrusion,307,5766
-709.0070,-203.4350,-526.8000,0.500000,-0.500000,-0.500000,0.500000,900.0000,0.643500,96.525000,extrusion,307,5767
-709.0070,-200.9010,-526.8000,0.500000,-0.500000,-0.500000,0.500000,900.0000,0.271770,96.524467,extrusion,307,5768
-711.9330,-197.9750,-526.8000,0.500000,-0.500000,-0.500000,0.500000,900.0000,0.443800,96.525151,extrusion,307,5769
-709.1880,-197.7940,-526.3500,0.500000,-0.500000,-0.500000,0.500000,900.0000,0.000000,0.000000,travel,308,5775
-726.6470,-197.7940,-526.3500,0.500000,-0.500000,-0.500000,0.500000,900.0000,1.872470,96.524600,extrusion,309,5778
-726.6470,-203.8870,-526.3500,0.500000,-0.500000,-0.500000,0.500000,900.0000,0.653470,96.524372,extrusion,309,5779
-708.5540,-203.8870,-526.3500,0.500000,-0.500000,-0.500000,0.500000,900.0000,1.940470,96.524789,extrusion,309,5780
-708.5540,-200.8410,-526.3500,0.500000,-0.500000,-0.500000,0.500000,900.0000,0.326680,96.523966,extrusion,309,5781
-708.5540,-197.7940,-526.3500,0.500000,-0.500000,-0.500000,0.500000,900.0000,0.326790,96.524778,extrusion,309,5782
-709.1880,-197.7940,-526.3500,0.500000,-0.500000,-0.500000,0.500000,900.0000,0.068000,96.529968,extrusion,309,5783
-709.1880,-197.1910,-526.3500,0.500000,-0.500000,-0.500000,0.500000,900.0000,0.000000,0.000000,travel,310,5784
-727.2510,-197.1910,-526.3500,0.500000,-0.500000,-0.500000,0.500000,900.0000,1.937250,96.524664,extrusion,311,5786
-727.2510,-204.4910,-526.3500,0.500000,-0.500000,-0.500000,0.500000,900.0000,0.782920,96.524384,extrusion,311,5787
-707.9510,-204.4910,-526.3500,0.500000,-0.500000,-0.500000,0.500000,900.0000,2.069920,96.524767,extrusion,311,5788
-707.9510,-200.8410,-526.3500,0.500000,-0.500000,-0.500000,0.500000,900.0000,0.391460,96.524384,extrusion,311,5789
-707.9510,-197.1910,-526.3500,0.500000,-0.500000,-0.500000,0.500000,900.0000,0.391460,96.524384,extrusion,311,5790
-709.1880,-197.1910,-526.3500,0.500000,-0.500000,-0.500000,0.500000,900.0000,0.132670,96.526273,extrusion,311,5791
-708.7350,-200.5090,-526.3500,0.500000,-0.500000,-0.500000,0.500000,900.0000,0.000000,0.000000,travel,312,5793
-711.6610,-203.4350,-526.3500,0.500000,-0.500000,-0.500000,0.500000,900.0000,0.443800,96.525151,extrusion,313,5796
-720.1950,-203.4350,-526.3500,0.500000,-0.500000,-0.500000,0.500000,900.0000,0.915270,96.524842,extrusion,313,5797
-715.0070,-198.2470,-526.3500,0.500000,-0.500000,-0.500000,0.500000,900.0000,0.786890,96.525391,extrusion,313,5798
-723.5410,-198.2470,-526.3500,0.500000,-0.500000,-0.500000,0.500000,900.0000,0.915270,96.524842,extrusion,313,5799
-726.4660,-201.1720,-526.3500,0.500000,-0.500000,-0.500000,0.500000,900.0000,0.443650,96.525515,extrusion,313,5800
-726.6470,-200.6790,-525.9000,0.500000,-0.500000,-0.500000,0.500000,900.0000,0.000000,0.000000,travel,314,5805
-726.6470,-203.8870,-525.9000,0.500000,-0.500000,-0.500000,0.500000,900.0000,0.344060,96.525561,extrusion,315,5808
-708.5540,-203.8870,-525.9000,0.500000,-0.500000,-0.500000,0.500000,900.0000,1.940470,96.524789,extrusion,315,5809
-708.5540,-200.8410,-525.9000,0.500000,-0.500000,-0.500000,0.500000,900.0000,0.326680,96.523966,extrusion,315,5810
-708.5540,-197.7940,-525.9000,0.500000,-0.500000,-0.500000,0.500000,900.0000,0.326790,96.524778,extrusion,315,5811
-726.6470,-197.7940,-525.9000,0.500000,-0.500000,-0.500000,0.500000,900.0000,1.940470,96.524789,extrusion,315,5812
-726.6470,-200.6790,-525.9000,0.500000,-0.500000,-0.500000,0.500000,900.0000,0.309420,96.526170,extrusion,315,5813
-727.2510,-200.6790,-525.9000,0.500000,-0.500000,-0.500000,0.500000,900.0000,0.000000,0.000000,travel,316,5814
-727.2510,-204.4910,-525.9000,0.500000,-0.500000,-0.500000,0.500000,900.0000,0.408840,96.525708,extrusion,317,5816
-707.9510,-204.4910,-525.9000,0.500000,-0.500000,-0.500000,0.500000,900.0000,2.069920,96.524767,extrusion,317,5817
-707.9510,-200.8410,-525.9000,0.500000,-0.500000,-0.500000,0.500000,900.0000,0.391460,96.524384,extrusion,317,5818
-707.9510,-197.1910,-525.9000,0.500000,-0.500000,-0.500000,0.500000,900.0000,0.391460,96.524384,extrusion,317,5819
-727.2510,-197.1910,-525.9000,0.500000,-0.500000,-0.500000,0.500000,900.0000,2.069920,96.524767,extrusion,317,5820
-727.2510,-200.6790,-525.9000,0.500000,-0.500000,-0.500000,0.500000,900.0000,0.374090,96.525516,extrusion,317,5821
-723.2690,-203.7060,-525.9000,0.500000,-0.500000,-0.500000,0.500000,900.0000,0.000000,0.000000,travel,318,5823
-726.1950,-200.7800,-525.9000,0.500000,-0.500000,-0.500000,0.500000,900.0000,0.443800,96.525151,extrusion,319,5826
-726.1950,-198.2470,-525.9000,0.500000,-0.500000,-0.500000,0.500000,900.0000,0.271660,96.523490,extrusion,319,5827
-720.1950,-198.2470,-525.9000,0.500000,-0.500000,-0.500000,0.500000,900.0000,0.643500,96.525000,extrusion,319,5828
-715.0070,-203.4350,-525.9000,0.500000,-0.500000,-0.500000,0.500000,900.0000,0.786890,96.525391,extrusion,319,5829
-709.0070,-203.4350,-525.9000,0.500000,-0.500000,-0.500000,0.500000,900.0000,0.643500,96.525000,extrusion,319,5830
-709.0070,-200.9010,-525.9000,0.500000,-0.500000,-0.500000,0.500000,900.0000,0.271770,96.524467,extrusion,319,5831
-711.9330,-197.9750,-525.9000,0.500000,-0.500000,-0.500000,0.500000,900.0000,0.443800,96.525151,extrusion,319,5832
-708.7980,-197.7940,-525.4500,0.500000,-0.500000,-0.500000,0.500000,900.0000,0.000000,0.000000,travel,320,5838
-726.6470,-197.7940,-525.4500,0.500000,-0.500000,-0.500000,0.500000,900.0000,1.914300,96.524735,extrusion,321,5841
-726.6470,-203.8870,-525.4500,0.500000,-0.500000,-0.500000,0.500000,900.0000,0.653470,96.524372,extrusion,321,5842
-708.5540,-203.8870,-525.4500,0.500000,-0.500000,-0.500000,0.500000,900.0000,1.940470,96.524789,extrusion,321,5843
-708.5540,-200.8410,-525.4500,0.500000,-0.500000,-0.500000,0.500000,900.0000,0.326680,96.523966,extrusion,321,5844
-708.5540,-197.7940,-525.4500,0.500000,-0.500000,-0.500000,0.500000,900.0000,0.326790,96.524778,extrusion,321,5845
-708.7980,-197.7940,-525.4500,0.500000,-0.500000,-0.500000,0.500000,900.0000,0.026170,96.528689,extrusion,321,5846
-707.9510,-197.1990,-525.4500,0.500000,-0.500000,-0.500000,0.500000,900.0000,0.000000,0.000000,travel,322,5847
-707.9510,-197.1910,-525.4500,0.500000,-0.500000,-0.500000,0.500000,900.0000,0.000860,96.750000,extrusion,323,5849
-727.2510,-197.1910,-525.4500,0.500000,-0.500000,-0.500000,0.500000,900.0000,2.069920,96.524767,extrusion,323,5850
-727.2510,-204.4910,-525.4500,0.500000,-0.500000,-0.500000,0.500000,900.0000,0.782920,96.524384,extrusion,323,5851
-707.9510,-204.4910,-525.4500,0.500000,-0.500000,-0.500000,0.500000,900.0000,2.069920,96.524767,extrusion,323,5852
-707.9510,-200.8410,-525.4500,0.500000,-0.500000,-0.500000,0.500000,900.0000,0.391460,96.524384,extrusion,323,5853
-707.9510,-197.1990,-525.4500,0.500000,-0.500000,-0.500000,0.500000,900.0000,0.390600,96.523888,extrusion,323,5854
-708.7350,-200.5090,-525.4500,0.500000,-0.500000,-0.500000,0.500000,900.0000,0.000000,0.000000,travel,324,5856
-711.6610,-203.4350,-525.4500,0.500000,-0.500000,-0.500000,0.500000,900.0000,0.443800,96.525151,extrusion,325,5859
-720.1950,-203.4350,-525.4500,0.500000,-0.500000,-0.500000,0.500000,900.0000,0.915270,96.524842,extrusion,325,5860
-715.0070,-198.2470,-525.4500,0.500000,-0.500000,-0.500000,0.500000,900.0000,0.786890,96.525391,extrusion,325,5861
-723.5410,-198.2470,-525.4500,0.500000,-0.500000,-0.500000,0.500000,900.0000,0.915270,96.524842,extrusion,325,5862
-726.4660,-201.1720,-525.4500,0.500000,-0.500000,-0.500000,0.500000,900.0000,0.443650,96.525515,extrusion,325,5863
-726.6470,-203.8850,-525.0000,0.500000,-0.500000,-0.500000,0.500000,900.0000,0.000000,0.000000,travel,326,5869
-726.6470,-203.8870,-525.0000,0.500000,-0.500000,-0.500000,0.500000,900.0000,0.000210,94.500000,extrusion,327,5872
-708.5540,-203.8870,-525.0000,0.500000,-0.500000,-0.500000,0.500000,900.0000,1.940470,96.524789,extrusion,327,5873
-708.5540,-200.8410,-525.0000,0.500000,-0.500000,-0.500000,0.500000,900.0000,0.326680,96.523966,extrusion,327,5874
-708.5540,-197.7940,-525.0000,0.500000,-0.500000,-0.500000,0.500000,900.0000,0.326790,96.524778,extrusion,327,5875
-726.6470,-197.7940,-525.0000,0.500000,-0.500000,-0.500000,0.500000,900.0000,1.940470,96.524789,extrusion,327,5876
-726.6470,-203.8850,-525.0000,0.500000,-0.500000,-0.500000,0.500000,900.0000,0.653260,96.525037,extrusion,327,5877
-726.6990,-204.4910,-525.0000,0.500000,-0.500000,-0.500000,0.500000,900.0000,0.000000,0.000000,travel,328,5878
-707.9510,-204.4910,-525.0000,0.500000,-0.500000,-0.500000,0.500000,900.0000,2.010720,96.524856,extrusion,329,5880
-707.9510,-200.8410,-525.0000,0.500000,-0.500000,-0.500000,0.500000,900.0000,0.391460,96.524384,extrusion,329,5881
-707.9510,-197.1910,-525.0000,0.500000,-0.500000,-0.500000,0.500000,900.0000,0.391460,96.524384,extrusion,329,5882
-727.2510,-197.1910,-525.0000,0.500000,-0.500000,-0.500000,0.500000,900.0000,2.069920,96.524767,extrusion,329,5883
-727.2510,-204.4910,-525.0000,0.500000,-0.500000,-0.500000,0.500000,900.0000,0.782920,96.524384,extrusion,329,5884
-726.6990,-204.4910,-525.0000,0.500000,-0.500000,-0.500000,0.500000,900.0000,0.059200,96.521739,extrusion,329,5885
-723.2690,-203.7060,-525.0000,0.500000,-0.500000,-0.500000,0.500000,900.0000,0.000000,0.000000,travel,330,5887
-726.1950,-200.7800,-525.0000,0.500000,-0.500000,-0.500000,0.500000,900.0000,0.443800,96.525151,extrusion,331,5890
-726.1950,-198.2470,-525.0000,0.500000,-0.500000,-0.500000,0.500000,900.0000,0.271660,96.523490,extrusion,331,5891
-720.1950,-198.2470,-525.0000,0.500000,-0.500000,-0.500000,0.500000,900.0000,0.643500,96.525000,extrusion,331,5892
-715.0070,-203.4350,-525.0000,0.500000,-0.500000,-0.500000,0.500000,900.0000,0.786890,96.525391,extrusion,331,5893
-709.0070,-203.4350,-525.0000,0.500000,-0.500000,-0.500000,0.500000,900.0000,0.643500,96.525000,extrusion,331,5894
-709.0070,-200.9010,-525.0000,0.500000,-0.500000,-0.500000,0.500000,900.0000,0.271770,96.524467,extrusion,331,5895
-711.9330,-197.9750,-525.0000,0.500000,-0.500000,-0.500000,0.500000,900.0000,0.443800,96.525151,extrusion,331,5896
-713.5460,-203.8870,-524.5500,0.500000,-0.500000,-0.500000,0.500000,900.0000,0.000000,0.000000,travel,332,5902
-708.5540,-203.8870,-524.5500,0.500000,-0.500000,-0.500000,0.500000,900.0000,0.535390,96.524639,extrusion,333,5905
-708.5540,-200.8410,-524.5500,0.500000,-0.500000,-0.500000,0.500000,900.0000,0.326680,96.523966,extrusion,333,5906
-708.5540,-197.7940,-524.5500,0.500000,-0.500000,-0.500000,0.500000,900.0000,0.326790,96.524778,extrusion,333,5907
-726.6470,-197.7940,-524.5500,0.500000,-0.500000,-0.500000,0.500000,900.0000,1.940470,96.524789,extrusion,333,5908
-726.6470,-203.8870,-524.5500,0.500000,-0.500000,-0.500000,0.500000,900.0000,0.653470,96.524372,extrusion,333,5909
-713.5460,-203.8870,-524.5500,0.500000,-0.500000,-0.500000,0.500000,900.0000,1.405080,96.524845,extrusion,333,5910
-713.5460,-204.4910,-524.5500,0.500000,-0.500000,-0.500000,0.500000,900.0000,0.000000,0.000000,travel,334,5911
-707.9510,-204.4910,-524.5500,0.500000,-0.500000,-0.500000,0.500000,900.0000,0.600060,96.524397,extrusion,335,5913
-707.9510,-200.8410,-524.5500,0.500000,-0.500000,-0.500000,0.500000,900.0000,0.391460,96.524384,extrusion,335,5914
-707.9510,-197.1910,-524.5500,0.500000,-0.500000,-0.500000,0.500000,900.0000,0.391460,96.524384,extrusion,335,5915
-727.2510,-197.1910,-524.5500,0.500000,-0.500000,-0.500000,0.500000,900.0000,2.069920,96.524767,extrusion,335,5916
-727.2510,-204.4910,-524.5500,0.500000,-0.500000,-0.500000,0.500000,900.0000,0.782920,96.524384,extrusion,335,5917
-713.5460,-204.4910,-524.5500,0.500000,-0.500000,-0.500000,0.500000,900.0000,1.469860,96.524918,extrusion,335,5918
-708.7350,-200.5090,-524.5500,0.500000,-0.500000,-0.500000,0.500000,900.0000,0.000000,0.000000,travel,336,5920
-711.6610,-203.4350,-524.5500,0.500000,-0.500000,-0.500000,0.500000,900.0000,0.443800,96.525151,extrusion,337,5923
-720.1950,-203.4350,-524.5500,0.500000,-0.500000,-0.500000,0.500000,900.0000,0.915270,96.524842,extrusion,337,5924
-715.0070,-198.2470,-524.5500,0.500000,-0.500000,-0.500000,0.500000,900.0000,0.786890,96.525391,extrusion,337,5925
-723.5410,-198.2470,-524.5500,0.500000,-0.500000,-0.500000,0.500000,900.0000,0.915270,96.524842,extrusion,337,5926
-726.4660,-201.1720,-524.5500,0.500000,-0.500000,-0.500000,0.500000,900.0000,0.443650,96.525515,extrusion,337,5927
-726.6470,-197.8930,-524.1000,0.500000,-0.500000,-0.500000,0.500000,900.0000,0.000000,0.000000,travel,338,5933
-726.6470,-203.8870,-524.1000,0.500000,-0.500000,-0.500000,0.500000,900.0000,0.642850,96.524024,extrusion,339,5936
-708.5540,-203.8870,-524.1000,0.500000,-0.500000,-0.500000,0.500000,900.0000,1.940470,96.524789,extrusion,339,5937
-708.5540,-200.8410,-524.1000,0.500000,-0.500000,-0.500000,0.500000,900.0000,0.326680,96.523966,extrusion,339,5938
-708.5540,-197.7940,-524.1000,0.500000,-0.500000,-0.500000,0.500000,900.0000,0.326790,96.524778,extrusion,339,5939
-726.6470,-197.7940,-524.1000,0.500000,-0.500000,-0.500000,0.500000,900.0000,1.940470,96.524789,extrusion,339,5940
-726.6470,-197.8930,-524.1000,0.500000,-0.500000,-0.500000,0.500000,900.0000,0.010620,96.545455,extrusion,339,5941
-727.0070,-197.1910,-524.1000,0.500000,-0.500000,-0.500000,0.500000,900.0000,0.000000,0.000000,travel,340,5942
-727.2510,-197.1910,-524.1000,0.500000,-0.500000,-0.500000,0.500000,900.0000,0.026170,96.528689,extrusion,341,5944
-727.2510,-204.4910,-524.1000,0.500000,-0.500000,-0.500000,0.500000,900.0000,0.782920,96.524384,extrusion,341,5945
-707.9510,-204.4910,-524.1000,0.500000,-0.500000,-0.500000,0.500000,900.0000,2.069920,96.524767,extrusion,341,5946
-707.9510,-200.8410,-524.1000,0.500000,-0.500000,-0.500000,0.500000,900.0000,0.391460,96.524384,extrusion,341,5947
-707.9510,-197.1910,-524.1000,0.500000,-0.500000,-0.500000,0.500000,900.0000,0.391460,96.524384,extrusion,341,5948
-727.0070,-197.1910,-524.1000,0.500000,-0.500000,-0.500000,0.500000,900.0000,2.043750,96.524717,extrusion,341,5949
-723.2690,-203.7060,-524.1000,0.500000,-0.500000,-0.500000,0.500000,900.0000,0.000000,0.000000,travel,342,5951
-726.1950,-200.7800,-524.1000,0.500000,-0.500000,-0.500000,0.500000,900.0000,0.443800,96.525151,extrusion,343,5954
-726.1950,-198.2470,-524.1000,0.500000,-0.500000,-0.500000,0.500000,900.0000,0.271660,96.523490,extrusion,343,5955
-720.1950,-198.2470,-524.1000,0.500000,-0.500000,-0.500000,0.500000,900.0000,0.643500,96.525000,extrusion,343,5956
-715.0070,-203.4350,-524.1000,0.500000,-0.500000,-0.500000,0.500000,900.0000,0.786890,96.525391,extrusion,343,5957
-709.0070,-203.4350,-524.1000,0.500000,-0.500000,-0.500000,0.500000,900.0000,0.643500,96.525000,extrusion,343,5958
-709.0070,-200.9010,-524.1000,0.500000,-0.500000,-0.500000,0.500000,900.0000,0.271770,96.524467,extrusion,343,5959
-711.9330,-197.9750,-524.1000,0.500000,-0.500000,-0.500000,0.500000,900.0000,0.443800,96.525151,extrusion,343,5960
-724.1280,-197.7940,-523.6500,0.500000,-0.500000,-0.500000,0.500000,900.0000,0.000000,0.000000,travel,344,5966
-726.6470,-197.7940,-523.6500,0.500000,-0.500000,-0.500000,0.500000,900.0000,0.270160,96.524017,extrusion,345,5969
-726.6470,-203.8870,-523.6500,0.500000,-0.500000,-0.500000,0.500000,900.0000,0.653470,96.524372,extrusion,345,5970
-708.5540,-203.8870,-523.6500,0.500000,-0.500000,-0.500000,0.500000,900.0000,1.940470,96.524789,extrusion,345,5971
-708.5540,-200.8410,-523.6500,0.500000,-0.500000,-0.500000,0.500000,900.0000,0.326680,96.523966,extrusion,345,5972
-708.5540,-197.7940,-523.6500,0.500000,-0.500000,-0.500000,0.500000,900.0000,0.326790,96.524778,extrusion,345,5973
-724.1280,-197.7940,-523.6500,0.500000,-0.500000,-0.500000,0.500000,900.0000,1.670310,96.524913,extrusion,345,5974
-724.1280,-197.1910,-523.6500,0.500000,-0.500000,-0.500000,0.500000,900.0000,0.000000,0.000000,travel,346,5975
-727.2510,-197.1910,-523.6500,0.500000,-0.500000,-0.500000,0.500000,900.0000,0.334940,96.524496,extrusion,347,5977
-727.2510,-204.4910,-523.6500,0.500000,-0.500000,-0.500000,0.500000,900.0000,0.782920,96.524384,extrusion,347,5978
-707.9510,-204.4910,-523.6500,0.500000,-0.500000,-0.500000,0.500000,900.0000,2.069920,96.524767,extrusion,347,5979
-707.9510,-200.8410,-523.6500,0.500000,-0.500000,-0.500000,0.500000,900.0000,0.391460,96.524384,extrusion,347,5980
-707.9510,-197.1910,-523.6500,0.500000,-0.500000,-0.500000,0.500000,900.0000,0.391460,96.524384,extrusion,347,5981
-724.1280,-197.1910,-523.6500,0.500000,-0.500000,-0.500000,0.500000,900.0000,1.734980,96.524819,extrusion,347,5982
-726.4660,-201.1720,-523.6500,0.500000,-0.500000,-0.500000,0.500000,900.0000,0.000000,0.000000,travel,348,5984
-723.5410,-198.2470,-523.6500,0.500000,-0.500000,-0.500000,0.500000,900.0000,0.443650,96.525515,extrusion,349,5987
-715.0070,-198.2470,-523.6500,0.500000,-0.500000,-0.500000,0.500000,900.0000,0.915270,96.524842,extrusion,349,5988
-720.1950,-203.4350,-523.6500,0.500000,-0.500000,-0.500000,0.500000,900.0000,0.786890,96.525391,extrusion,349,5989
-711.6610,-203.4350,-523.6500,0.500000,-0.500000,-0.500000,0.500000,900.0000,0.915270,96.524842,extrusion,349,5990
-708.7350,-200.5090,-523.6500,0.500000,-0.500000,-0.500000,0.500000,900.0000,0.443800,96.525151,extrusion,349,5991
-708.5540,-198.0710,-523.2000,0.500000,-0.500000,-0.500000,0.500000,900.0000,0.000000,0.000000,travel,350,5997
-708.5540,-197.7940,-523.2000,0.500000,-0.500000,-0.500000,0.500000,900.0000,0.029710,96.530686,extrusion,351,6000
-726.6470,-197.7940,-523.2000,0.500000,-0.500000,-0.500000,0.500000,900.0000,1.940470,96.524789,extrusion,351,6001
-726.6470,-203.8870,-523.2000,0.500000,-0.500000,-0.500000,0.500000,900.0000,0.653470,96.524372,extrusion,351,6002
-708.5540,-203.8870,-523.2000,0.500000,-0.500000,-0.500000,0.500000,900.0000,1.940470,96.524789,extrusion,351,6003
-708.5540,-200.8410,-523.2000,0.500000,-0.500000,-0.500000,0.500000,900.0000,0.326680,96.523966,extrusion,351,6004
-708.5540,-198.0710,-523.2000,0.500000,-0.500000,-0.500000,0.500000,900.0000,0.297080,96.524188,extrusion,351,6005
-707.9510,-198.0710,-523.2000,0.500000,-0.500000,-0.500000,0.500000,900.0000,0.000000,0.000000,travel,352,6006
-707.9510,-197.1910,-523.2000,0.500000,-0.500000,-0.500000,0.500000,900.0000,0.094380,96.525000,extrusion,353,6008
-727.2510,-197.1910,-523.2000,0.500000,-0.500000,-0.500000,0.500000,900.0000,2.069920,96.524767,extrusion,353,6009
-727.2510,-204.4910,-523.2000,0.500000,-0.500000,-0.500000,0.500000,900.0000,0.782920,96.524384,extrusion,353,6010
-707.9510,-204.4910,-523.2000,0.500000,-0.500000,-0.500000,0.500000,900.0000,2.069920,96.524767,extrusion,353,6011
-707.9510,-200.8410,-523.2000,0.500000,-0.500000,-0.500000,0.500000,900.0000,0.391460,96.524384,extrusion,353,6012
-707.9510,-198.0710,-523.2000,0.500000,-0.500000,-0.500000,0.500000,900.0000,0.297080,96.524188,extrusion,353,6013
-711.9330,-197.9750,-523.2000,0.500000,-0.500000,-0.500000,0.500000,900.0000,0.000000,0.000000,travel,354,6015
-709.0070,-200.9010,-523.2000,0.500000,-0.500000,-0.500000,0.500000,900.0000,0.443800,96.525151,extrusion,355,6018
-709.0070,-203.4350,-523.2000,0.500000,-0.500000,-0.500000,0.500000,900.0000,0.271770,96.524467,extrusion,355,6019
-715.0070,-203.4350,-523.2000,0.500000,-0.500000,-0.500000,0.500000,900.0000,0.643500,96.525000,extrusion,355,6020
-720.1950,-198.2470,-523.2000,0.500000,-0.500000,-0.500000,0.500000,900.0000,0.786890,96.525391,extrusion,355,6021
-726.1950,-198.2470,-523.2000,0.500000,-0.500000,-0.500000,0.500000,900.0000,0.643500,96.525000,extrusion,355,6022
-726.1950,-200.7800,-523.2000,0.500000,-0.500000,-0.500000,0.500000,900.0000,0.271660,96.523490,extrusion,355,6023
-723.2690,-203.7060,-523.2000,0.500000,-0.500000,-0.500000,0.500000,900.0000,0.443800,96.525151,extrusion,355,6024
-720.6200,-203.8870,-522.7500,0.500000,-0.500000,-0.500000,0.500000,900.0000,0.000000,0.000000,travel,356,6030
-708.5540,-203.8870,-522.7500,0.500000,-0.500000,-0.500000,0.500000,900.0000,1.294080,96.525112,extrusion,357,6033
-708.5540,-200.8410,-522.7500,0.500000,-0.500000,-0.500000,0.500000,900.0000,0.326680,96.523966,extrusion,357,6034
-708.5540,-197.7940,-522.7500,0.500000,-0.500000,-0.500000,0.500000,900.0000,0.326790,96.524778,extrusion,357,6035
-726.6470,-197.7940,-522.7500,0.500000,-0.500000,-0.500000,0.500000,900.0000,1.940470,96.524789,extrusion,357,6036
-726.6470,-203.8870,-522.7500,0.500000,-0.500000,-0.500000,0.500000,900.0000,0.653470,96.524372,extrusion,357,6037
-720.6200,-203.8870,-522.7500,0.500000,-0.500000,-0.500000,0.500000,900.0000,0.646390,96.524141,extrusion,357,6038
-720.6200,-204.4910,-522.7500,0.500000,-0.500000,-0.500000,0.500000,900.0000,0.000000,0.000000,travel,358,6039
-707.9510,-204.4910,-522.7500,0.500000,-0.500000,-0.500000,0.500000,900.0000,1.358750,96.524982,extrusion,359,6041
-707.9510,-200.8410,-522.7500,0.500000,-0.500000,-0.500000,0.500000,900.0000,0.391460,96.524384,extrusion,359,6042
-707.9510,-197.1910,-522.7500,0.500000,-0.500000,-0.500000,0.500000,900.0000,0.391460,96.524384,extrusion,359,6043
-727.2510,-197.1910,-522.7500,0.500000,-0.500000,-0.500000,0.500000,900.0000,2.069920,96.524767,extrusion,359,6044
-727.2510,-204.4910,-522.7500,0.500000,-0.500000,-0.500000,0.500000,900.0000,0.782920,96.524384,extrusion,359,6045
-720.6200,-204.4910,-522.7500,0.500000,-0.500000,-0.500000,0.500000,900.0000,0.711170,96.524355,extrusion,359,6046
-726.4660,-201.1720,-522.7500,0.500000,-0.500000,-0.500000,0.500000,900.0000,0.000000,0.000000,travel,360,6048
-723.5410,-198.2470,-522.7500,0.500000,-0.500000,-0.500000,0.500000,900.0000,0.443650,96.525515,extrusion,361,6051
-715.0070,-198.2470,-522.7500,0.500000,-0.500000,-0.500000,0.500000,900.0000,0.915270,96.524842,extrusion,361,6052
-720.1950,-203.4350,-522.7500,0.500000,-0.500000,-0.500000,0.500000,900.0000,0.786890,96.525391,extrusion,361,6053
-711.6610,-203.4350,-522.7500,0.500000,-0.500000,-0.500000,0.500000,900.0000,0.915270,96.524842,extrusion,361,6054
-708.7350,-200.5090,-522.7500,0.500000,-0.500000,-0.500000,0.500000,900.0000,0.443800,96.525151,extrusion,361,6055
-722.6220,-203.8870,-522.3000,0.500000,-0.500000,-0.500000,0.500000,900.0000,0.000000,0.000000,travel,362,6061
-708.5540,-203.8870,-522.3000,0.500000,-0.500000,-0.500000,0.500000,900.0000,1.508790,96.524808,extrusion,363,6064
-708.5540,-200.8410,-522.3000,0.500000,-0.500000,-0.500000,0.500000,900.0000,0.326680,96.523966,extrusion,363,6065
-708.5540,-197.7940,-522.3000,0.500000,-0.500000,-0.500000,0.500000,900.0000,0.326790,96.524778,extrusion,363,6066
-726.6470,-197.7940,-522.3000,0.500000,-0.500000,-0.500000,0.500000,900.0000,1.940470,96.524789,extrusion,363,6067
-726.6470,-203.8870,-522.3000,0.500000,-0.500000,-0.500000,0.500000,900.0000,0.653470,96.524372,extrusion,363,6068
-722.6220,-203.8870,-522.3000,0.500000,-0.500000,-0.500000,0.500000,900.0000,0.431680,96.524720,extrusion,363,6069
-722.6220,-204.4910,-522.3000,0.500000,-0.500000,-0.500000,0.500000,900.0000,0.000000,0.000000,travel,364,6070
-707.9510,-204.4910,-522.3000,0.500000,-0.500000,-0.500000,0.500000,900.0000,1.573460,96.524709,extrusion,365,6072
-707.9510,-200.8410,-522.3000,0.500000,-0.500000,-0.500000,0.500000,900.0000,0.391460,96.524384,extrusion,365,6073
-707.9510,-197.1910,-522.3000,0.500000,-0.500000,-0.500000,0.500000,900.0000,0.391460,96.524384,extrusion,365,6074
-727.2510,-197.1910,-522.3000,0.500000,-0.500000,-0.500000,0.500000,900.0000,2.069920,96.524767,extrusion,365,6075
-727.2510,-204.4910,-522.3000,0.500000,-0.500000,-0.500000,0.500000,900.0000,0.782920,96.524384,extrusion,365,6076
-722.6220,-204.4910,-522.3000,0.500000,-0.500000,-0.500000,0.500000,900.0000,0.496460,96.524951,extrusion,365,6077
-723.2690,-203.7060,-522.3000,0.500000,-0.500000,-0.500000,0.500000,900.0000,0.000000,0.000000,travel,366,6078
-726.1950,-200.7800,-522.3000,0.500000,-0.500000,-0.500000,0.500000,900.0000,0.443800,96.525151,extrusion,367,6081
-726.1950,-198.2470,-522.3000,0.500000,-0.500000,-0.500000,0.500000,900.0000,0.271660,96.523490,extrusion,367,6082
-720.1950,-198.2470,-522.3000,0.500000,-0.500000,-0.500000,0.500000,900.0000,0.643500,96.525000,extrusion,367,6083
-715.0070,-203.4350,-522.3000,0.500000,-0.500000,-0.500000,0.500000,900.0000,0.786890,96.525391,extrusion,367,6084
-709.0070,-203.4350,-522.3000,0.500000,-0.500000,-0.500000,0.500000,900.0000,0.643500,96.525000,extrusion,367,6085
-709.0070,-200.9010,-522.3000,0.500000,-0.500000,-0.500000,0.500000,900.0000,0.271770,96.524467,extrusion,367,6086
-711.9330,-197.9750,-522.3000,0.500000,-0.500000,-0.500000,0.500000,900.0000,0.443800,96.525151,extrusion,367,6087
-726.6470,-200.0210,-521.8500,0.500000,-0.500000,-0.500000,0.500000,900.0000,0.000000,0.000000,travel,368,6093
-726.6470,-203.8870,-521.8500,0.500000,-0.500000,-0.500000,0.500000,900.0000,0.414630,96.525349,extrusion,369,6096
-708.5540,-203.8870,-521.8500,0.500000,-0.500000,-0.500000,0.500000,900.0000,1.940470,96.524789,extrusion,369,6097
-708.5540,-200.8410,-521.8500,0.500000,-0.500000,-0.500000,0.500000,900.0000,0.326680,96.523966,extrusion,369,6098
-708.5540,-197.7940,-521.8500,0.500000,-0.500000,-0.500000,0.500000,900.0000,0.326790,96.524778,extrusion,369,6099
-726.6470,-197.7940,-521.8500,0.500000,-0.500000,-0.500000,0.500000,900.0000,1.940470,96.524789,extrusion,369,6100
-726.6470,-200.0210,-521.8500,0.500000,-0.500000,-0.500000,0.500000,900.0000,0.238850,96.526718,extrusion,369,6101
-727.2510,-200.0210,-521.8500,0.500000,-0.500000,-0.500000,0.500000,900.0000,0.000000,0.000000,travel,370,6102
-727.2510,-204.4910,-521.8500,0.500000,-0.500000,-0.500000,0.500000,900.0000,0.479410,96.525503,extrusion,371,6104
-707.9510,-204.4910,-521.8500,0.500000,-0.500000,-0.500000,0.500000,900.0000,2.069920,96.524767,extrusion,371,6105
-707.9510,-200.8410,-521.8500,0.500000,-0.500000,-0.500000,0.500000,900.0000,0.391460,96.524384,extrusion,371,6106
-707.9510,-197.1910,-521.8500,0.500000,-0.500000,-0.500000,0.500000,900.0000,0.391460,96.524384,extrusion,371,6107
-727.2510,-197.1910,-521.8500,0.500000,-0.500000,-0.500000,0.500000,900.0000,2.069920,96.524767,extrusion,371,6108
-727.2510,-200.0210,-521.8500,0.500000,-0.500000,-0.500000,0.500000,900.0000,0.303520,96.525795,extrusion,371,6109
-726.4660,-201.1720,-521.8500,0.500000,-0.500000,-0.500000,0.500000,900.0000,0.000000,0.000000,travel,372,6110
-723.5410,-198.2470,-521.8500,0.500000,-0.500000,-0.500000,0.500000,900.0000,0.443650,96.525515,extrusion,373,6113
-715.0070,-198.2470,-521.8500,0.500000,-0.500000,-0.500000,0.500000,900.0000,0.915270,96.524842,extrusion,373,6114
-720.1950,-203.4350,-521.8500,0.500000,-0.500000,-0.500000,0.500000,900.0000,0.786890,96.525391,extrusion,373,6115
-711.6610,-203.4350,-521.8500,0.500000,-0.500000,-0.500000,0.500000,900.0000,0.915270,96.524842,extrusion,373,6116
-708.7350,-200.5090,-521.8500,0.500000,-0.500000,-0.500000,0.500000,900.0000,0.443800,96.525151,extrusion,373,6117
-726.5140,-203.8870,-521.4000,0.500000,-0.500000,-0.500000,0.500000,900.0000,0.000000,0.000000,travel,374,6123
-708.5540,-203.8870,-521.4000,0.500000,-0.500000,-0.500000,0.500000,900.0000,1.926210,96.525000,extrusion,375,6126
-708.5540,-200.8410,-521.4000,0.500000,-0.500000,-0.500000,0.500000,900.0000,0.326680,96.523966,extrusion,375,6127
-708.5540,-197.7940,-521.4000,0.500000,-0.500000,-0.500000,0.500000,900.0000,0.326790,96.524778,extrusion,375,6128
-726.6470,-197.7940,-521.4000,0.500000,-0.500000,-0.500000,0.500000,900.0000,1.940470,96.524789,extrusion,375,6129
-726.6470,-203.8870,-521.4000,0.500000,-0.500000,-0.500000,0.500000,900.0000,0.653470,96.524372,extrusion,375,6130
-726.5140,-203.8870,-521.4000,0.500000,-0.500000,-0.500000,0.500000,900.0000,0.014260,96.496241,extrusion,375,6131
-727.2510,-204.3100,-521.4000,0.500000,-0.500000,-0.500000,0.500000,900.0000,0.000000,0.000000,travel,376,6132
-727.2510,-204.4910,-521.4000,0.500000,-0.500000,-0.500000,0.500000,900.0000,0.019410,96.513812,extrusion,377,6134
-707.9510,-204.4910,-521.4000,0.500000,-0.500000,-0.500000,0.500000,900.0000,2.069920,96.524767,extrusion,377,6135
-707.9510,-200.8410,-521.4000,0.500000,-0.500000,-0.500000,0.500000,900.0000,0.391460,96.524384,extrusion,377,6136
-707.9510,-197.1910,-521.4000,0.500000,-0.500000,-0.500000,0.500000,900.0000,0.391460,96.524384,extrusion,377,6137
-727.2510,-197.1910,-521.4000,0.500000,-0.500000,-0.500000,0.500000,900.0000,2.069920,96.524767,extrusion,377,6138
-727.2510,-204.3100,-521.4000,0.500000,-0.500000,-0.500000,0.500000,900.0000,0.763510,96.524652,extrusion,377,6139
-723.2690,-203.7060,-521.4000,0.500000,-0.500000,-0.500000,0.500000,900.0000,0.000000,0.000000,travel,378,6141
-726.1950,-200.7800,-521.4000,0.500000,-0.500000,-0.500000,0.500000,900.0000,0.443800,96.525151,extrusion,379,6144
-726.1950,-198.2470,-521.4000,0.500000,-0.500000,-0.500000,0.500000,900.0000,0.271660,96.523490,extrusion,379,6145
-720.1950,-198.2470,-521.4000,0.500000,-0.500000,-0.500000,0.500000,900.0000,0.643500,96.525000,extrusion,379,6146
-715.0070,-203.4350,-521.4000,0.500000,-0.500000,-0.500000,0.500000,900.0000,0.786890,96.525391,extrusion,379,6147
-709.0070,-203.4350,-521.4000,0.500000,-0.500000,-0.500000,0.500000,900.0000,0.643500,96.525000,extrusion,379,6148
-709.0070,-200.9010,-521.4000,0.500000,-0.500000,-0.500000,0.500000,900.0000,0.271770,96.524467,extrusion,379,6149
-711.9330,-197.9750,-521.4000,0.500000,-0.500000,-0.500000,0.500000,900.0000,0.443800,96.525151,extrusion,379,6150
-724.0600,-197.7940,-520.9500,0.500000,-0.500000,-0.500000,0.500000,900.0000,0.000000,0.000000,travel,380,6156
-726.6470,-197.7940,-520.9500,0.500000,-0.500000,-0.500000,0.500000,900.0000,0.277460,96.526479,extrusion,381,6159
-726.6470,-203.8870,-520.9500,0.500000,-0.500000,-0.500000,0.500000,900.0000,0.653470,96.524372,extrusion,381,6160
-708.5540,-203.8870,-520.9500,0.500000,-0.500000,-0.500000,0.500000,900.0000,1.940470,96.524789,extrusion,381,6161
-708.5540,-200.8410,-520.9500,0.500000,-0.500000,-0.500000,0.500000,900.0000,0.326680,96.523966,extrusion,381,6162
-708.5540,-197.7940,-520.9500,0.500000,-0.500000,-0.500000,0.500000,900.0000,0.326790,96.524778,extrusion,381,6163
-724.0600,-197.7940,-520.9500,0.500000,-0.500000,-0.500000,0.500000,900.0000,1.663010,96.524507,extrusion,381,6164
-724.0600,-197.1910,-520.9500,0.500000,-0.500000,-0.500000,0.500000,900.0000,0.000000,0.000000,travel,382,6165
-727.2510,-197.1910,-520.9500,0.500000,-0.500000,-0.500000,0.500000,900.0000,0.342230,96.523660,extrusion,383,6167
-727.2510,-204.4910,-520.9500,0.500000,-0.500000,-0.500000,0.500000,900.0000,0.782920,96.524384,extrusion,383,6168
-707.9510,-204.4910,-520.9500,0.500000,-0.500000,-0.500000,0.500000,900.0000,2.069920,96.524767,extrusion,383,6169
-707.9510,-200.8410,-520.9500,0.500000,-0.500000,-0.500000,0.500000,900.0000,0.391460,96.524384,extrusion,383,6170
-707.9510,-197.1910,-520.9500,0.500000,-0.500000,-0.500000,0.500000,900.0000,0.391460,96.524384,extrusion,383,6171
-724.0600,-197.1910,-520.9500,0.500000,-0.500000,-0.500000,0.500000,900.0000,1.727690,96.524986,extrusion,383,6172
-726.4660,-201.1720,-520.9500,0.500000,-0.500000,-0.500000,0.500000,900.0000,0.000000,0.000000,travel,384,6174
-723.5410,-198.2470,-520.9500,0.500000,-0.500000,-0.500000,0.500000,900.0000,0.443650,96.525515,extrusion,385,6177
-715.0070,-198.2470,-520.9500,0.500000,-0.500000,-0.500000,0.500000,900.0000,0.915270,96.524842,extrusion,385,6178
-720.1950,-203.4350,-520.9500,0.500000,-0.500000,-0.500000,0.500000,900.0000,0.786890,96.525391,extrusion,385,6179
-711.6610,-203.4350,-520.9500,0.500000,-0.500000,-0.500000,0.500000,900.0000,0.915270,96.524842,extrusion,385,6180
-708.7350,-200.5090,-520.9500,0.500000,-0.500000,-0.500000,0.500000,900.0000,0.443800,96.525151,extrusion,385,6181
-710.1510,-203.8870,-520.5000,0.500000,-0.500000,-0.500000,0.500000,900.0000,0.000000,0.000000,travel,386,6187
-708.5540,-203.8870,-520.5000,0.500000,-0.500000,-0.500000,0.500000,900.0000,0.171280,96.525986,extrusion,387,6190
-708.5540,-200.8410,-520.5000,0.500000,-0.500000,-0.500000,0.500000,900.0000,0.326680,96.523966,extrusion,387,6191
-708.5540,-197.7940,-520.5000,0.500000,-0.500000,-0.500000,0.500000,900.0000,0.326790,96.524778,extrusion,387,6192
-726.6470,-197.7940,-520.5000,0.500000,-0.500000,-0.500000,0.500000,900.0000,1.940470,96.524789,extrusion,387,6193
-726.6470,-203.8870,-520.5000,0.500000,-0.500000,-0.500000,0.500000,900.0000,0.653470,96.524372,extrusion,387,6194
-710.1510,-203.8870,-520.5000,0.500000,-0.500000,-0.500000,0.500000,900.0000,1.769190,96.524673,extrusion,387,6195
-710.1510,-204.4910,-520.5000,0.500000,-0.500000,-0.500000,0.500000,900.0000,0.000000,0.000000,travel,388,6196
-707.9510,-204.4910,-520.5000,0.500000,-0.500000,-0.500000,0.500000,900.0000,0.235950,96.525000,extrusion,389,6198
-707.9510,-200.8410,-520.5000,0.500000,-0.500000,-0.500000,0.500000,900.0000,0.391460,96.524384,extrusion,389,6199
-707.9510,-197.1910,-520.5000,0.500000,-0.500000,-0.500000,0.500000,900.0000,0.391460,96.524384,extrusion,389,6200
-727.2510,-197.1910,-520.5000,0.500000,-0.500000,-0.500000,0.500000,900.0000,2.069920,96.524767,extrusion,389,6201
-727.2510,-204.4910,-520.5000,0.500000,-0.500000,-0.500000,0.500000,900.0000,0.782920,96.524384,extrusion,389,6202
-710.1510,-204.4910,-520.5000,0.500000,-0.500000,-0.500000,0.500000,900.0000,1.833970,96.524737,extrusion,389,6203
-711.9330,-197.9750,-520.5000,0.500000,-0.500000,-0.500000,0.500000,900.0000,0.000000,0.000000,travel,390,6205
-709.0070,-200.9010,-520.5000,0.500000,-0.500000,-0.500000,0.500000,900.0000,0.443800,96.525151,extrusion,391,6208
-709.0070,-203.4350,-520.5000,0.500000,-0.500000,-0.500000,0.500000,900.0000,0.271770,96.524467,extrusion,391,6209
-715.0070,-203.4350,-520.5000,0.500000,-0.500000,-0.500000,0.500000,900.0000,0.643500,96.525000,extrusion,391,6210
-720.1950,-198.2470,-520.5000,0.500000,-0.500000,-0.500000,0.500000,900.0000,0.786890,96.525391,extrusion,391,6211
-726.1950,-198.2470,-520.5000,0.500000,-0.500000,-0.500000,0.500000,900.0000,0.643500,96.525000,extrusion,391,6212
-726.1950,-200.7800,-520.5000,0.500000,-0.500000,-0.500000,0.500000,900.0000,0.271660,96.523490,extrusion,391,6213
-723.2690,-203.7060,-520.5000,0.500000,-0.500000,-0.500000,0.500000,900.0000,0.443800,96.525151,extrusion,391,6214
-726.6470,-201.3450,-520.0500,0.500000,-0.500000,-0.500000,0.500000,900.0000,0.000000,0.000000,travel,392,6220
-726.6470,-203.8870,-520.0500,0.500000,-0.500000,-0.500000,0.500000,900.0000,0.272630,96.525177,extrusion,393,6223
-708.5540,-203.8870,-520.0500,0.500000,-0.500000,-0.500000,0.500000,900.0000,1.940470,96.524789,extrusion,393,6224
-708.5540,-200.8410,-520.0500,0.500000,-0.500000,-0.500000,0.500000,900.0000,0.326680,96.523966,extrusion,393,6225
-708.5540,-197.7940,-520.0500,0.500000,-0.500000,-0.500000,0.500000,900.0000,0.326790,96.524778,extrusion,393,6226
-726.6470,-197.7940,-520.0500,0.500000,-0.500000,-0.500000,0.500000,900.0000,1.940470,96.524789,extrusion,393,6227
-726.6470,-201.3450,-520.0500,0.500000,-0.500000,-0.500000,0.500000,900.0000,0.380840,96.523796,extrusion,393,6228
-727.2510,-201.3450,-520.0500,0.500000,-0.500000,-0.500000,0.500000,900.0000,0.000000,0.000000,travel,394,6229
-727.2510,-204.4910,-520.0500,0.500000,-0.500000,-0.500000,0.500000,900.0000,0.337410,96.525429,extrusion,395,6231
-707.9510,-204.4910,-520.0500,0.500000,-0.500000,-0.500000,0.500000,900.0000,2.069920,96.524767,extrusion,395,6232
-707.9510,-200.8410,-520.0500,0.500000,-0.500000,-0.500000,0.500000,900.0000,0.391460,96.524384,extrusion,395,6233
-707.9510,-197.1910,-520.0500,0.500000,-0.500000,-0.500000,0.500000,900.0000,0.391460,96.524384,extrusion,395,6234
-727.2510,-197.1910,-520.0500,0.500000,-0.500000,-0.500000,0.500000,900.0000,2.069920,96.524767,extrusion,395,6235
-727.2510,-201.3450,-520.0500,0.500000,-0.500000,-0.500000,0.500000,900.0000,0.445520,96.525758,extrusion,395,6236
-726.4660,-201.1720,-520.0500,0.500000,-0.500000,-0.500000,0.500000,900.0000,0.000000,0.000000,travel,396,6237
-723.5410,-198.2470,-520.0500,0.500000,-0.500000,-0.500000,0.500000,900.0000,0.443650,96.525515,extrusion,397,6240
-715.0070,-198.2470,-520.0500,0.500000,-0.500000,-0.500000,0.500000,900.0000,0.915270,96.524842,extrusion,397,6241
-720.1950,-203.4350,-520.0500,0.500000,-0.500000,-0.500000,0.500000,900.0000,0.786890,96.525391,extrusion,397,6242
-711.6610,-203.4350,-520.0500,0.500000,-0.500000,-0.500000,0.500000,900.0000,0.915270,96.524842,extrusion,397,6243
-708.7350,-200.5090,-520.0500,0.500000,-0.500000,-0.500000,0.500000,900.0000,0.443800,96.525151,extrusion,397,6244
-714.5830,-203.8870,-519.6000,0.500000,-0.500000,-0.500000,0.500000,900.0000,0.000000,0.000000,travel,398,6250
-708.5540,-203.8870,-519.6000,0.500000,-0.500000,-0.500000,0.500000,900.0000,0.646610,96.524963,extrusion,399,6253
-708.5540,-200.8410,-519.6000,0.500000,-0.500000,-0.500000,0.500000,900.0000,0.326680,96.523966,extrusion,399,6254
-708.5540,-197.7940,-519.6000,0.500000,-0.500000,-0.500000,0.500000,900.0000,0.326790,96.524778,extrusion,399,6255
-726.6470,-197.7940,-519.6000,0.500000,-0.500000,-0.500000,0.500000,900.0000,1.940470,96.524789,extrusion,399,6256
-726.6470,-203.8870,-519.6000,0.500000,-0.500000,-0.500000,0.500000,900.0000,0.653470,96.524372,extrusion,399,6257
-714.5830,-203.8870,-519.6000,0.500000,-0.500000,-0.500000,0.500000,900.0000,1.293860,96.524702,extrusion,399,6258
-714.5830,-204.4910,-519.6000,0.500000,-0.500000,-0.500000,0.500000,900.0000,0.000000,0.000000,travel,400,6259
-707.9510,-204.4910,-519.6000,0.500000,-0.500000,-0.500000,0.500000,900.0000,0.711280,96.524729,extrusion,401,6261
-707.9510,-200.8410,-519.6000,0.500000,-0.500000,-0.500000,0.500000,900.0000,0.391460,96.524384,extrusion,401,6262
-707.9510,-197.1910,-519.6000,0.500000,-0.500000,-0.500000,0.500000,900.0000,0.391460,96.524384,extrusion,401,6263
-727.2510,-197.1910,-519.6000,0.500000,-0.500000,-0.500000,0.500000,900.0000,2.069920,96.524767,extrusion,401,6264
-727.2510,-204.4910,-519.6000,0.500000,-0.500000,-0.500000,0.500000,900.0000,0.782920,96.524384,extrusion,401,6265
-714.5830,-204.4910,-519.6000,0.500000,-0.500000,-0.500000,0.500000,900.0000,1.358640,96.524787,extrusion,401,6266
-711.9330,-197.9750,-519.6000,0.500000,-0.500000,-0.500000,0.500000,900.0000,0.000000,0.000000,travel,402,6268
-709.0070,-200.9010,-519.6000,0.500000,-0.500000,-0.500000,0.500000,900.0000,0.443800,96.525151,extrusion,403,6271
-709.0070,-203.4350,-519.6000,0.500000,-0.500000,-0.500000,0.500000,900.0000,0.271770,96.524467,extrusion,403,6272
-715.0070,-203.4350,-519.6000,0.500000,-0.500000,-0.500000,0.500000,900.0000,0.643500,96.525000,extrusion,403,6273
-720.1950,-198.2470,-519.6000,0.500000,-0.500000,-0.500000,0.500000,900.0000,0.786890,96.525391,extrusion,403,6274
-726.1950,-198.2470,-519.6000,0.500000,-0.500000,-0.500000,0.500000,900.0000,0.643500,96.525000,extrusion,403,6275
-726.1950,-200.7800,-519.6000,0.500000,-0.500000,-0.500000,0.500000,900.0000,0.271660,96.523490,extrusion,403,6276
-723.2690,-203.7060,-519.6000,0.500000,-0.500000,-0.500000,0.500000,900.0000,0.443800,96.525151,extrusion,403,6277
-726.1400,-197.7940,-519.1500,0.500000,-0.500000,-0.500000,0.500000,900.0000,0.000000,0.000000,travel,404,6283
-726.6470,-197.7940,-519.1500,0.500000,-0.500000,-0.500000,0.500000,900.0000,0.054380,96.532544,extrusion,405,6286
-726.6470,-203.8870,-519.1500,0.500000,-0.500000,-0.500000,0.500000,900.0000,0.653470,96.524372,extrusion,405,6287
-708.5540,-203.8870,-519.1500,0.500000,-0.500000,-0.500000,0.500000,900.0000,1.940470,96.524789,extrusion,405,6288
-708.5540,-200.8410,-519.1500,0.500000,-0.500000,-0.500000,0.500000,900.0000,0.326680,96.523966,extrusion,405,6289
-708.5540,-197.7940,-519.1500,0.500000,-0.500000,-0.500000,0.500000,900.0000,0.326790,96.524778,extrusion,405,6290
-726.1400,-197.7940,-519.1500,0.500000,-0.500000,-0.500000,0.500000,900.0000,1.886090,96.524565,extrusion,405,6291
-726.1400,-197.1910,-519.1500,0.500000,-0.500000,-0.500000,0.500000,900.0000,0.000000,0.000000,travel,406,6292
-727.2510,-197.1910,-519.1500,0.500000,-0.500000,-0.500000,0.500000,900.0000,0.119150,96.521152,extrusion,407,6294
-727.2510,-204.4910,-519.1500,0.500000,-0.500000,-0.500000,0.500000,900.0000,0.782920,96.524384,extrusion,407,6295
-707.9510,-204.4910,-519.1500,0.500000,-0.500000,-0.500000,0.500000,900.0000,2.069920,96.524767,extrusion,407,6296
-707.9510,-200.8410,-519.1500,0.500000,-0.500000,-0.500000,0.500000,900.0000,0.391460,96.524384,extrusion,407,6297
-707.9510,-197.1910,-519.1500,0.500000,-0.500000,-0.500000,0.500000,900.0000,0.391460,96.524384,extrusion,407,6298
-726.1400,-197.1910,-519.1500,0.500000,-0.500000,-0.500000,0.500000,900.0000,1.950770,96.524988,extrusion,407,6299
-726.4660,-201.1720,-519.1500,0.500000,-0.500000,-0.500000,0.500000,900.0000,0.000000,0.000000,travel,408,6301
-723.5410,-198.2470,-519.1500,0.500000,-0.500000,-0.500000,0.500000,900.0000,0.443650,96.525515,extrusion,409,6304
-715.0070,-198.2470,-519.1500,0.500000,-0.500000,-0.500000,0.500000,900.0000,0.915270,96.524842,extrusion,409,6305
-720.1950,-203.4350,-519.1500,0.500000,-0.500000,-0.500000,0.500000,900.0000,0.786890,96.525391,extrusion,409,6306
-711.6610,-203.4350,-519.1500,0.500000,-0.500000,-0.500000,0.500000,900.0000,0.915270,96.524842,extrusion,409,6307
-708.7350,-200.5090,-519.1500,0.500000,-0.500000,-0.500000,0.500000,900.0000,0.443800,96.525151,extrusion,409,6308
-726.6470,-203.4070,-518.7000,0.500000,-0.500000,-0.500000,0.500000,900.0000,0.000000,0.000000,travel,410,6314
-726.6470,-203.8870,-518.7000,0.500000,-0.500000,-0.500000,0.500000,900.0000,0.051480,96.525000,extrusion,411,6317
-708.5540,-203.8870,-518.7000,0.500000,-0.500000,-0.500000,0.500000,900.0000,1.940470,96.524789,extrusion,411,6318
-708.5540,-200.8410,-518.7000,0.500000,-0.500000,-0.500000,0.500000,900.0000,0.326680,96.523966,extrusion,411,6319
-708.5540,-197.7940,-518.7000,0.500000,-0.500000,-0.500000,0.500000,900.0000,0.326790,96.524778,extrusion,411,6320
-726.6470,-197.7940,-518.7000,0.500000,-0.500000,-0.500000,0.500000,900.0000,1.940470,96.524789,extrusion,411,6321
-726.6470,-203.4070,-518.7000,0.500000,-0.500000,-0.500000,0.500000,900.0000,0.601990,96.524319,extrusion,411,6322
-727.2510,-203.4070,-518.7000,0.500000,-0.500000,-0.500000,0.500000,900.0000,0.000000,0.000000,travel,412,6323
-727.2510,-204.4910,-518.7000,0.500000,-0.500000,-0.500000,0.500000,900.0000,0.116260,96.525830,extrusion,413,6325
-707.9510,-204.4910,-518.7000,0.500000,-0.500000,-0.500000,0.500000,900.0000,2.069920,96.524767,extrusion,413,6326
-707.9510,-200.8410,-518.7000,0.500000,-0.500000,-0.500000,0.500000,900.0000,0.391460,96.524384,extrusion,413,6327
-707.9510,-197.1910,-518.7000,0.500000,-0.500000,-0.500000,0.500000,900.0000,0.391460,96.524384,extrusion,413,6328
-727.2510,-197.1910,-518.7000,0.500000,-0.500000,-0.500000,0.500000,900.0000,2.069920,96.524767,extrusion,413,6329
-727.2510,-203.4070,-518.7000,0.500000,-0.500000,-0.500000,0.500000,900.0000,0.666660,96.524131,extrusion,413,6330
-723.2690,-203.7060,-518.7000,0.500000,-0.500000,-0.500000,0.500000,900.0000,0.000000,0.000000,travel,414,6332
-726.1950,-200.7800,-518.7000,0.500000,-0.500000,-0.500000,0.500000,900.0000,0.443800,96.525151,extrusion,415,6335
-726.1950,-198.2470,-518.7000,0.500000,-0.500000,-0.500000,0.500000,900.0000,0.271660,96.523490,extrusion,415,6336
-720.1950,-198.2470,-518.7000,0.500000,-0.500000,-0.500000,0.500000,900.0000,0.643500,96.525000,extrusion,415,6337
-715.0070,-203.4350,-518.7000,0.500000,-0.500000,-0.500000,0.500000,900.0000,0.786890,96.525391,extrusion,415,6338
-709.0070,-203.4350,-518.7000,0.500000,-0.500000,-0.500000,0.500000,900.0000,0.643500,96.525000,extrusion,415,6339
-709.0070,-200.9010,-518.7000,0.500000,-0.500000,-0.500000,0.500000,900.0000,0.271770,96.524467,extrusion,415,6340
-711.9330,-197.9750,-518.7000,0.500000,-0.500000,-0.500000,0.500000,900.0000,0.443800,96.525151,extrusion,415,6341
-710.3480,-203.8870,-518.2500,0.500000,-0.500000,-0.500000,0.500000,900.0000,0.000000,0.000000,travel,416,6347
-708.5540,-203.8870,-518.2500,0.500000,-0.500000,-0.500000,0.500000,900.0000,0.192410,96.526756,extrusion,417,6350
-708.5540,-200.8410,-518.2500,0.500000,-0.500000,-0.500000,0.500000,900.0000,0.326680,96.523966,extrusion,417,6351
-708.5540,-197.7940,-518.2500,0.500000,-0.500000,-0.500000,0.500000,900.0000,0.326790,96.524778,extrusion,417,6352
-726.6470,-197.7940,-518.2500,0.500000,-0.500000,-0.500000,0.500000,900.0000,1.940470,96.524789,extrusion,417,6353
-726.6470,-203.8870,-518.2500,0.500000,-0.500000,-0.500000,0.500000,900.0000,0.653470,96.524372,extrusion,417,6354
-710.3480,-203.8870,-518.2500,0.500000,-0.500000,-0.500000,0.500000,900.0000,1.748060,96.524572,extrusion,417,6355
-710.3480,-204.4910,-518.2500,0.500000,-0.500000,-0.500000,0.500000,900.0000,0.000000,0.000000,travel,418,6356
-707.9510,-204.4910,-518.2500,0.500000,-0.500000,-0.500000,0.500000,900.0000,0.257080,96.525657,extrusion,419,6358
-707.9510,-200.8410,-518.2500,0.500000,-0.500000,-0.500000,0.500000,900.0000,0.391460,96.524384,extrusion,419,6359
-707.9510,-197.1910,-518.2500,0.500000,-0.500000,-0.500000,0.500000,900.0000,0.391460,96.524384,extrusion,419,6360
-727.2510,-197.1910,-518.2500,0.500000,-0.500000,-0.500000,0.500000,900.0000,2.069920,96.524767,extrusion,419,6361
-727.2510,-204.4910,-518.2500,0.500000,-0.500000,-0.500000,0.500000,900.0000,0.782920,96.524384,extrusion,419,6362
-710.3480,-204.4910,-518.2500,0.500000,-0.500000,-0.500000,0.500000,900.0000,1.812840,96.524641,extrusion,419,6363
-708.7350,-200.5090,-518.2500,0.500000,-0.500000,-0.500000,0.500000,900.0000,0.000000,0.000000,travel,420,6365
-711.6610,-203.4350,-518.2500,0.500000,-0.500000,-0.500000,0.500000,900.0000,0.443800,96.525151,extrusion,421,6368
-720.1950,-203.4350,-518.2500,0.500000,-0.500000,-0.500000,0.500000,900.0000,0.915270,96.524842,extrusion,421,6369
-715.0070,-198.2470,-518.2500,0.500000,-0.500000,-0.500000,0.500000,900.0000,0.786890,96.525391,extrusion,421,6370
-723.5410,-198.2470,-518.2500,0.500000,-0.500000,-0.500000,0.500000,900.0000,0.915270,96.524842,extrusion,421,6371
-726.4660,-201.1720,-518.2500,0.500000,-0.500000,-0.500000,0.500000,900.0000,0.443650,96.525515,extrusion,421,6372
-710.2980,-203.8870,-517.8000,0.500000,-0.500000,-0.500000,0.500000,900.0000,0.000000,0.000000,travel,422,6378
-708.5540,-203.8870,-517.8000,0.500000,-0.500000,-0.500000,0.500000,900.0000,0.187040,96.522936,extrusion,423,6381
-708.5540,-200.8410,-517.8000,0.500000,-0.500000,-0.500000,0.500000,900.0000,0.326680,96.523966,extrusion,423,6382
-708.5540,-197.7940,-517.8000,0.500000,-0.500000,-0.500000,0.500000,900.0000,0.326790,96.524778,extrusion,423,6383
-726.6470,-197.7940,-517.8000,0.500000,-0.500000,-0.500000,0.500000,900.0000,1.940470,96.524789,extrusion,423,6384
-726.6470,-203.8870,-517.8000,0.500000,-0.500000,-0.500000,0.500000,900.0000,0.653470,96.524372,extrusion,423,6385
-710.2980,-203.8870,-517.8000,0.500000,-0.500000,-0.500000,0.500000,900.0000,1.753430,96.524986,extrusion,423,6386
-710.2980,-204.4910,-517.8000,0.500000,-0.500000,-0.500000,0.500000,900.0000,0.000000,0.000000,travel,424,6387
-707.9510,-204.4910,-517.8000,0.500000,-0.500000,-0.500000,0.500000,900.0000,0.251720,96.526630,extrusion,425,6389
-707.9510,-200.8410,-517.8000,0.500000,-0.500000,-0.500000,0.500000,900.0000,0.391460,96.524384,extrusion,425,6390
-707.9510,-197.1910,-517.8000,0.500000,-0.500000,-0.500000,0.500000,900.0000,0.391460,96.524384,extrusion,425,6391
-727.2510,-197.1910,-517.8000,0.500000,-0.500000,-0.500000,0.500000,900.0000,2.069920,96.524767,extrusion,425,6392
-727.2510,-204.4910,-517.8000,0.500000,-0.500000,-0.500000,0.500000,900.0000,0.782920,96.524384,extrusion,425,6393
-710.2980,-204.4910,-517.8000,0.500000,-0.500000,-0.500000,0.500000,900.0000,1.818200,96.524509,extrusion,425,6394
-711.9330,-197.9750,-517.8000,0.500000,-0.500000,-0.500000,0.500000,900.0000,0.000000,0.000000,travel,426,6396
-709.0070,-200.9010,-517.8000,0.500000,-0.500000,-0.500000,0.500000,900.0000,0.443800,96.525151,extrusion,427,6399
-709.0070,-203.4350,-517.8000,0.500000,-0.500000,-0.500000,0.500000,900.0000,0.271770,96.524467,extrusion,427,6400
-715.0070,-203.4350,-517.8000,0.500000,-0.500000,-0.500000,0.500000,900.0000,0.643500,96.525000,extrusion,427,6401
-720.1950,-198.2470,-517.8000,0.500000,-0.500000,-0.500000,0.500000,900.0000,0.786890,96.525391,extrusion,427,6402
-726.1950,-198.2470,-517.8000,0.500000,-0.500000,-0.500000,0.500000,900.0000,0.643500,96.525000,extrusion,427,6403
-726.1950,-200.7800,-517.8000,0.500000,-0.500000,-0.500000,0.500000,900.0000,0.271660,96.523490,extrusion,427,6404
-723.2690,-203.7060,-517.8000,0.500000,-0.500000,-0.500000,0.500000,900.0000,0.443800,96.525151,extrusion,427,6405
-726.6470,-203.8370,-517.3500,0.500000,-0.500000,-0.500000,0.500000,900.0000,0.000000,0.000000,travel,428,6411
-726.6470,-203.8870,-517.3500,0.500000,-0.500000,-0.500000,0.500000,900.0000,0.005360,96.480000,extrusion,429,6414
-708.5540,-203.8870,-517.3500,0.500000,-0.500000,-0.500000,0.500000,900.0000,1.940470,96.524789,extrusion,429,6415
-708.5540,-200.8410,-517.3500,0.500000,-0.500000,-0.500000,0.500000,900.0000,0.326680,96.523966,extrusion,429,6416
-708.5540,-197.7940,-517.3500,0.500000,-0.500000,-0.500000,0.500000,900.0000,0.326790,96.524778,extrusion,429,6417
-726.6470,-197.7940,-517.3500,0.500000,-0.500000,-0.500000,0.500000,900.0000,1.940470,96.524789,extrusion,429,6418
-726.6470,-203.8370,-517.3500,0.500000,-0.500000,-0.500000,0.500000,900.0000,0.648110,96.524739,extrusion,429,6419
-727.2510,-203.8370,-517.3500,0.500000,-0.500000,-0.500000,0.500000,900.0000,0.000000,0.000000,travel,430,6420
-727.2510,-204.4910,-517.3500,0.500000,-0.500000,-0.500000,0.500000,900.0000,0.070140,96.522936,extrusion,431,6422
-707.9510,-204.4910,-517.3500,0.500000,-0.500000,-0.500000,0.500000,900.0000,2.069920,96.524767,extrusion,431,6423
-707.9510,-200.8410,-517.3500,0.500000,-0.500000,-0.500000,0.500000,900.0000,0.391460,96.524384,extrusion,431,6424
-707.9510,-197.1910,-517.3500,0.500000,-0.500000,-0.500000,0.500000,900.0000,0.391460,96.524384,extrusion,431,6425
-727.2510,-197.1910,-517.3500,0.500000,-0.500000,-0.500000,0.500000,900.0000,2.069920,96.524767,extrusion,431,6426
-727.2510,-203.8370,-517.3500,0.500000,-0.500000,-0.500000,0.500000,900.0000,0.712780,96.524526,extrusion,431,6427
-726.4660,-201.1720,-517.3500,0.500000,-0.500000,-0.500000,0.500000,900.0000,0.000000,0.000000,travel,432,6429
-723.5410,-198.2470,-517.3500,0.500000,-0.500000,-0.500000,0.500000,900.0000,0.443650,96.525515,extrusion,433,6432
-715.0070,-198.2470,-517.3500,0.500000,-0.500000,-0.500000,0.500000,900.0000,0.915270,96.524842,extrusion,433,6433
-720.1950,-203.4350,-517.3500,0.500000,-0.500000,-0.500000,0.500000,900.0000,0.786890,96.525391,extrusion,433,6434
-711.6610,-203.4350,-517.3500,0.500000,-0.500000,-0.500000,0.500000,900.0000,0.915270,96.524842,extrusion,433,6435
-708.7350,-200.5090,-517.3500,0.500000,-0.500000,-0.500000,0.500000,900.0000,0.443800,96.525151,extrusion,433,6436
-708.8820,-197.7940,-516.9000,0.500000,-0.500000,-0.500000,0.500000,900.0000,0.000000,0.000000,travel,434,6442
-726.6470,-197.7940,-516.9000,0.500000,-0.500000,-0.500000,0.500000,900.0000,1.905290,96.524683,extrusion,435,6445
-726.6470,-203.8870,-516.9000,0.500000,-0.500000,-0.500000,0.500000,900.0000,0.653470,96.524372,extrusion,435,6446
-708.5540,-203.8870,-516.9000,0.500000,-0.500000,-0.500000,0.500000,900.0000,1.940470,96.524789,extrusion,435,6447
-708.5540,-200.8410,-516.9000,0.500000,-0.500000,-0.500000,0.500000,900.0000,0.326680,96.523966,extrusion,435,6448
-708.5540,-197.7940,-516.9000,0.500000,-0.500000,-0.500000,0.500000,900.0000,0.326790,96.524778,extrusion,435,6449
-708.8820,-197.7940,-516.9000,0.500000,-0.500000,-0.500000,0.500000,900.0000,0.035180,96.530488,extrusion,435,6450
-708.8820,-197.1910,-516.9000,0.500000,-0.500000,-0.500000,0.500000,900.0000,0.000000,0.000000,travel,436,6451
-727.2510,-197.1910,-516.9000,0.500000,-0.500000,-0.500000,0.500000,900.0000,1.970070,96.524743,extrusion,437,6453
-727.2510,-204.4910,-516.9000,0.500000,-0.500000,-0.500000,0.500000,900.0000,0.782920,96.524384,extrusion,437,6454
-707.9510,-204.4910,-516.9000,0.500000,-0.500000,-0.500000,0.500000,900.0000,2.069920,96.524767,extrusion,437,6455
-707.9510,-200.8410,-516.9000,0.500000,-0.500000,-0.500000,0.500000,900.0000,0.391460,96.524384,extrusion,437,6456
-707.9510,-197.1910,-516.9000,0.500000,-0.500000,-0.500000,0.500000,900.0000,0.391460,96.524384,extrusion,437,6457
-708.8820,-197.1910,-516.9000,0.500000,-0.500000,-0.500000,0.500000,900.0000,0.099850,96.525242,extrusion,437,6458
-711.9330,-197.9750,-516.9000,0.500000,-0.500000,-0.500000,0.500000,900.0000,0.000000,0.000000,travel,438,6460
-709.0070,-200.9010,-516.9000,0.500000,-0.500000,-0.500000,0.500000,900.0000,0.443800,96.525151,extrusion,439,6463
-709.0070,-203.4350,-516.9000,0.500000,-0.500000,-0.500000,0.500000,900.0000,0.271770,96.524467,extrusion,439,6464
-715.0070,-203.4350,-516.9000,0.500000,-0.500000,-0.500000,0.500000,900.0000,0.643500,96.525000,extrusion,439,6465
-720.1950,-198.2470,-516.9000,0.500000,-0.500000,-0.500000,0.500000,900.0000,0.786890,96.525391,extrusion,439,6466
-726.1950,-198.2470,-516.9000,0.500000,-0.500000,-0.500000,0.500000,900.0000,0.643500,96.525000,extrusion,439,6467
-726.1950,-200.7800,-516.9000,0.500000,-0.500000,-0.500000,0.500000,900.0000,0.271660,96.523490,extrusion,439,6468
-723.2690,-203.7060,-516.9000,0.500000,-0.500000,-0.500000,0.500000,900.0000,0.443800,96.525151,extrusion,439,6469
-726.4370,-203.8870,-516.4500,0.500000,-0.500000,-0.500000,0.500000,900.0000,0.000000,0.000000,travel,440,6475
-708.5540,-203.8870,-516.4500,0.500000,-0.500000,-0.500000,0.500000,900.0000,1.917950,96.524912,extrusion,441,6478
-708.5540,-200.8410,-516.4500,0.500000,-0.500000,-0.500000,0.500000,900.0000,0.326680,96.523966,extrusion,441,6479
-708.5540,-197.7940,-516.4500,0.500000,-0.500000,-0.500000,0.500000,900.0000,0.326790,96.524778,extrusion,441,6480
-726.6470,-197.7940,-516.4500,0.500000,-0.500000,-0.500000,0.500000,900.0000,1.940470,96.524789,extrusion,441,6481
-726.6470,-203.8870,-516.4500,0.500000,-0.500000,-0.500000,0.500000,900.0000,0.653470,96.524372,extrusion,441,6482
-726.4370,-203.8870,-516.4500,0.500000,-0.500000,-0.500000,0.500000,900.0000,0.022520,96.514286,extrusion,441,6483
-727.2510,-204.4330,-516.4500,0.500000,-0.500000,-0.500000,0.500000,900.0000,0.000000,0.000000,travel,442,6484
-727.2510,-204.4910,-516.4500,0.500000,-0.500000,-0.500000,0.500000,900.0000,0.006220,96.517241,extrusion,443,6486
-707.9510,-204.4910,-516.4500,0.500000,-0.500000,-0.500000,0.500000,900.0000,2.069920,96.524767,extrusion,443,6487
-707.9510,-200.8410,-516.4500,0.500000,-0.500000,-0.500000,0.500000,900.0000,0.391460,96.524384,extrusion,443,6488
-707.9510,-197.1910,-516.4500,0.500000,-0.500000,-0.500000,0.500000,900.0000,0.391460,96.524384,extrusion,443,6489
-727.2510,-197.1910,-516.4500,0.500000,-0.500000,-0.500000,0.500000,900.0000,2.069920,96.524767,extrusion,443,6490
-727.2510,-204.4330,-516.4500,0.500000,-0.500000,-0.500000,0.500000,900.0000,0.776700,96.524441,extrusion,443,6491
-726.4660,-201.1720,-516.4500,0.500000,-0.500000,-0.500000,0.500000,900.0000,0.000000,0.000000,travel,444,6493
-723.5410,-198.2470,-516.4500,0.500000,-0.500000,-0.500000,0.500000,900.0000,0.443650,96.525515,extrusion,445,6496
-715.0070,-198.2470,-516.4500,0.500000,-0.500000,-0.500000,0.500000,900.0000,0.915270,96.524842,extrusion,445,6497
-720.1950,-203.4350,-516.4500,0.500000,-0.500000,-0.500000,0.500000,900.0000,0.786890,96.525391,extrusion,445,6498
-711.6610,-203.4350,-516.4500,0.500000,-0.500000,-0.500000,0.500000,900.0000,0.915270,96.524842,extrusion,445,6499
-708.7350,-200.5090,-516.4500,0.500000,-0.500000,-0.500000,0.500000,900.0000,0.443800,96.525151,extrusion,445,6500
-724.3310,-197.7940,-516.0000,0.500000,-0.500000,-0.500000,0.500000,900.0000,0.000000,0.000000,travel,446,6506
-726.6470,-197.7940,-516.0000,0.500000,-0.500000,-0.500000,0.500000,900.0000,0.248390,96.524611,extrusion,447,6509
-726.6470,-203.8870,-516.0000,0.500000,-0.500000,-0.500000,0.500000,900.0000,0.653470,96.524372,extrusion,447,6510
-708.5540,-203.8870,-516.0000,0.500000,-0.500000,-0.500000,0.500000,900.0000,1.940470,96.524789,extrusion,447,6511
-708.5540,-200.8410,-516.0000,0.500000,-0.500000,-0.500000,0.500000,900.0000,0.326680,96.523966,extrusion,447,6512
-708.5540,-197.7940,-516.0000,0.500000,-0.500000,-0.500000,0.500000,900.0000,0.326790,96.524778,extrusion,447,6513
-724.3310,-197.7940,-516.0000,0.500000,-0.500000,-0.500000,0.500000,900.0000,1.692080,96.524815,extrusion,447,6514
-724.3310,-197.1910,-516.0000,0.500000,-0.500000,-0.500000,0.500000,900.0000,0.000000,0.000000,travel,448,6515
-727.2510,-197.1910,-516.0000,0.500000,-0.500000,-0.500000,0.500000,900.0000,0.313170,96.525000,extrusion,449,6517
-727.2510,-204.4910,-516.0000,0.500000,-0.500000,-0.500000,0.500000,900.0000,0.782920,96.524384,extrusion,449,6518
-707.9510,-204.4910,-516.0000,0.500000,-0.500000,-0.500000,0.500000,900.0000,2.069920,96.524767,extrusion,449,6519
-707.9510,-200.8410,-516.0000,0.500000,-0.500000,-0.500000,0.500000,900.0000,0.391460,96.524384,extrusion,449,6520
-707.9510,-197.1910,-516.0000,0.500000,-0.500000,-0.500000,0.500000,900.0000,0.391460,96.524384,extrusion,449,6521
-724.3310,-197.1910,-516.0000,0.500000,-0.500000,-0.500000,0.500000,900.0000,1.756750,96.524725,extrusion,449,6522
-723.2690,-203.7060,-516.0000,0.500000,-0.500000,-0.500000,0.500000,900.0000,0.000000,0.000000,travel,450,6524
-726.1950,-200.7800,-516.0000,0.500000,-0.500000,-0.500000,0.500000,900.0000,0.443800,96.525151,extrusion,451,6527
-726.1950,-198.2470,-516.0000,0.500000,-0.500000,-0.500000,0.500000,900.0000,0.271660,96.523490,extrusion,451,6528
-720.1950,-198.2470,-516.0000,0.500000,-0.500000,-0.500000,0.500000,900.0000,0.643500,96.525000,extrusion,451,6529
-715.0070,-203.4350,-516.0000,0.500000,-0.500000,-0.500000,0.500000,900.0000,0.786890,96.525391,extrusion,451,6530
-709.0070,-203.4350,-516.0000,0.500000,-0.500000,-0.500000,0.500000,900.0000,0.643500,96.525000,extrusion,451,6531
-709.0070,-200.9010,-516.0000,0.500000,-0.500000,-0.500000,0.500000,900.0000,0.271770,96.524467,extrusion,451,6532
-711.9330,-197.9750,-516.0000,0.500000,-0.500000,-0.500000,0.500000,900.0000,0.443800,96.525151,extrusion,451,6533
-712.1780,-197.7940,-515.5500,0.500000,-0.500000,-0.500000,0.500000,900.0000,0.000000,0.000000,travel,452,6538
-726.6470,-197.7940,-515.5500,0.500000,-0.500000,-0.500000,0.500000,900.0000,1.551800,96.524984,extrusion,453,6541
-726.6470,-203.8870,-515.5500,0.500000,-0.500000,-0.500000,0.500000,900.0000,0.653470,96.524372,extrusion,453,6542
-708.5540,-203.8870,-515.5500,0.500000,-0.500000,-0.500000,0.500000,900.0000,1.940470,96.524789,extrusion,453,6543
-708.5540,-200.8410,-515.5500,0.500000,-0.500000,-0.500000,0.500000,900.0000,0.326680,96.523966,extrusion,453,6544
-708.5540,-197.7940,-515.5500,0.500000,-0.500000,-0.500000,0.500000,900.0000,0.326790,96.524778,extrusion,453,6545
-712.1780,-197.7940,-515.5500,0.500000,-0.500000,-0.500000,0.500000,900.0000,0.388670,96.524007,extrusion,453,6546
-712.1780,-197.1910,-515.5500,0.500000,-0.500000,-0.500000,0.500000,900.0000,0.000000,0.000000,travel,454,6547
-727.2510,-197.1910,-515.5500,0.500000,-0.500000,-0.500000,0.500000,900.0000,1.616580,96.525045,extrusion,455,6549
-727.2510,-204.4910,-515.5500,0.500000,-0.500000,-0.500000,0.500000,900.0000,0.782920,96.524384,extrusion,455,6550
-707.9510,-204.4910,-515.5500,0.500000,-0.500000,-0.500000,0.500000,900.0000,2.069920,96.524767,extrusion,455,6551
-707.9510,-200.8410,-515.5500,0.500000,-0.500000,-0.500000,0.500000,900.0000,0.391460,96.524384,extrusion,455,6552
-707.9510,-197.1910,-515.5500,0.500000,-0.500000,-0.500000,0.500000,900.0000,0.391460,96.524384,extrusion,455,6553
-712.1780,-197.1910,-515.5500,0.500000,-0.500000,-0.500000,0.500000,900.0000,0.453340,96.523776,extrusion,455,6554
-708.7350,-200.5090,-515.5500,0.500000,-0.500000,-0.500000,0.500000,900.0000,0.000000,0.000000,travel,456,6556
-711.6610,-203.4350,-515.5500,0.500000,-0.500000,-0.500000,0.500000,900.0000,0.443800,96.525151,extrusion,457,6559
-720.1950,-203.4350,-515.5500,0.500000,-0.500000,-0.500000,0.500000,900.0000,0.915270,96.524842,extrusion,457,6560
-715.0070,-198.2470,-515.5500,0.500000,-0.500000,-0.500000,0.500000,900.0000,0.786890,96.525391,extrusion,457,6561
-723.5410,-198.2470,-515.5500,0.500000,-0.500000,-0.500000,0.500000,900.0000,0.915270,96.524842,extrusion,457,6562
-726.4660,-201.1720,-515.5500,0.500000,-0.500000,-0.500000,0.500000,900.0000,0.443650,96.525515,extrusion,457,6563
-708.5540,-199.5340,-515.1000,0.500000,-0.500000,-0.500000,0.500000,900.0000,0.000000,0.000000,travel,458,6569
-708.5540,-197.7940,-515.1000,0.500000,-0.500000,-0.500000,0.500000,900.0000,0.186610,96.522414,extrusion,459,6572
-726.6470,-197.7940,-515.1000,0.500000,-0.500000,-0.500000,0.500000,900.0000,1.940470,96.524789,extrusion,459,6573
-726.6470,-203.8870,-515.1000,0.500000,-0.500000,-0.500000,0.500000,900.0000,0.653470,96.524372,extrusion,459,6574
-708.5540,-203.8870,-515.1000,0.500000,-0.500000,-0.500000,0.500000,900.0000,1.940470,96.524789,extrusion,459,6575
-708.5540,-200.8410,-515.1000,0.500000,-0.500000,-0.500000,0.500000,900.0000,0.326680,96.523966,extrusion,459,6576
-708.5540,-199.5340,-515.1000,0.500000,-0.500000,-0.500000,0.500000,900.0000,0.140180,96.527927,extrusion,459,6577
-707.9510,-199.5340,-515.1000,0.500000,-0.500000,-0.500000,0.500000,900.0000,0.000000,0.000000,travel,460,6578
-707.9510,-197.1910,-515.1000,0.500000,-0.500000,-0.500000,0.500000,900.0000,0.251290,96.526248,extrusion,461,6580
-727.2510,-197.1910,-515.1000,0.500000,-0.500000,-0.500000,0.500000,900.0000,2.069920,96.524767,extrusion,461,6581
-727.2510,-204.4910,-515.1000,0.500000,-0.500000,-0.500000,0.500000,900.0000,0.782920,96.524384,extrusion,461,6582
-707.9510,-204.4910,-515.1000,0.500000,-0.500000,-0.500000,0.500000,900.0000,2.069920,96.524767,extrusion,461,6583
-707.9510,-200.8410,-515.1000,0.500000,-0.500000,-0.500000,0.500000,900.0000,0.391460,96.524384,extrusion,461,6584
-707.9510,-199.5340,-515.1000,0.500000,-0.500000,-0.500000,0.500000,900.0000,0.140180,96.527927,extrusion,461,6585
-711.9330,-197.9750,-515.1000,0.500000,-0.500000,-0.500000,0.500000,900.0000,0.000000,0.000000,travel,462,6587
-709.0070,-200.9010,-515.1000,0.500000,-0.500000,-0.500000,0.500000,900.0000,0.443800,96.525151,extrusion,463,6590
-709.0070,-203.4350,-515.1000,0.500000,-0.500000,-0.500000,0.500000,900.0000,0.271770,96.524467,extrusion,463,6591
-715.0070,-203.4350,-515.1000,0.500000,-0.500000,-0.500000,0.500000,900.0000,0.643500,96.525000,extrusion,463,6592
-720.1950,-198.2470,-515.1000,0.500000,-0.500000,-0.500000,0.500000,900.0000,0.786890,96.525391,extrusion,463,6593
-726.1950,-198.2470,-515.1000,0.500000,-0.500000,-0.500000,0.500000,900.0000,0.643500,96.525000,extrusion,463,6594
-726.1950,-200.7800,-515.1000,0.500000,-0.500000,-0.500000,0.500000,900.0000,0.271660,96.523490,extrusion,463,6595
-723.2690,-203.7060,-515.1000,0.500000,-0.500000,-0.500000,0.500000,900.0000,0.443800,96.525151,extrusion,463,6596
-713.9560,-203.8870,-514.6500,0.500000,-0.500000,-0.500000,0.500000,900.0000,0.000000,0.000000,travel,464,6602
-708.5540,-203.8870,-514.6500,0.500000,-0.500000,-0.500000,0.500000,900.0000,0.579360,96.524250,extrusion,465,6605
-708.5540,-200.8410,-514.6500,0.500000,-0.500000,-0.500000,0.500000,900.0000,0.326680,96.523966,extrusion,465,6606
-708.5540,-197.7940,-514.6500,0.500000,-0.500000,-0.500000,0.500000,900.0000,0.326790,96.524778,extrusion,465,6607
-726.6470,-197.7940,-514.6500,0.500000,-0.500000,-0.500000,0.500000,900.0000,1.940470,96.524789,extrusion,465,6608
-726.6470,-203.8870,-514.6500,0.500000,-0.500000,-0.500000,0.500000,900.0000,0.653470,96.524372,extrusion,465,6609
-713.9560,-203.8870,-514.6500,0.500000,-0.500000,-0.500000,0.500000,900.0000,1.361110,96.525018,extrusion,465,6610
-713.9560,-204.4910,-514.6500,0.500000,-0.500000,-0.500000,0.500000,900.0000,0.000000,0.000000,travel,466,6611
-707.9510,-204.4910,-514.6500,0.500000,-0.500000,-0.500000,0.500000,900.0000,0.644030,96.524063,extrusion,467,6613
-707.9510,-200.8410,-514.6500,0.500000,-0.500000,-0.500000,0.500000,900.0000,0.391460,96.524384,extrusion,467,6614
-707.9510,-197.1910,-514.6500,0.500000,-0.500000,-0.500000,0.500000,900.0000,0.391460,96.524384,extrusion,467,6615
-727.2510,-197.1910,-514.6500,0.500000,-0.500000,-0.500000,0.500000,900.0000,2.069920,96.524767,extrusion,467,6616
-727.2510,-204.4910,-514.6500,0.500000,-0.500000,-0.500000,0.500000,900.0000,0.782920,96.524384,extrusion,467,6617
-713.9560,-204.4910,-514.6500,0.500000,-0.500000,-0.500000,0.500000,900.0000,1.425890,96.525085,extrusion,467,6618
-708.7350,-200.5090,-514.6500,0.500000,-0.500000,-0.500000,0.500000,900.0000,0.000000,0.000000,travel,468,6620
-711.6610,-203.4350,-514.6500,0.500000,-0.500000,-0.500000,0.500000,900.0000,0.443800,96.525151,extrusion,469,6623
-720.1950,-203.4350,-514.6500,0.500000,-0.500000,-0.500000,0.500000,900.0000,0.915270,96.524842,extrusion,469,6624
-715.0070,-198.2470,-514.6500,0.500000,-0.500000,-0.500000,0.500000,900.0000,0.786890,96.525391,extrusion,469,6625
-723.5410,-198.2470,-514.6500,0.500000,-0.500000,-0.500000,0.500000,900.0000,0.915270,96.524842,extrusion,469,6626
-726.4660,-201.1720,-514.6500,0.500000,-0.500000,-0.500000,0.500000,900.0000,0.443650,96.525515,extrusion,469,6627
-721.9230,-203.8870,-514.2000,0.500000,-0.500000,-0.500000,0.500000,900.0000,0.000000,0.000000,travel,470,6633
-708.5540,-203.8870,-514.2000,0.500000,-0.500000,-0.500000,0.500000,900.0000,1.433820,96.524647,extrusion,471,6636
-708.5540,-200.8410,-514.2000,0.500000,-0.500000,-0.500000,0.500000,900.0000,0.326680,96.523966,extrusion,471,6637
-708.5540,-197.7940,-514.2000,0.500000,-0.500000,-0.500000,0.500000,900.0000,0.326790,96.524778,extrusion,471,6638
-726.6470,-197.7940,-514.2000,0.500000,-0.500000,-0.500000,0.500000,900.0000,1.940470,96.524789,extrusion,471,6639
-726.6470,-203.8870,-514.2000,0.500000,-0.500000,-0.500000,0.500000,900.0000,0.653470,96.524372,extrusion,471,6640
-721.9230,-203.8870,-514.2000,0.500000,-0.500000,-0.500000,0.500000,900.0000,0.506650,96.525191,extrusion,471,6641
-721.9230,-204.4910,-514.2000,0.500000,-0.500000,-0.500000,0.500000,900.0000,0.000000,0.000000,travel,472,6642
-707.9510,-204.4910,-514.2000,0.500000,-0.500000,-0.500000,0.500000,900.0000,1.498490,96.524549,extrusion,473,6644
-707.9510,-200.8410,-514.2000,0.500000,-0.500000,-0.500000,0.500000,900.0000,0.391460,96.524384,extrusion,473,6645
-707.9510,-197.1910,-514.2000,0.500000,-0.500000,-0.500000,0.500000,900.0000,0.391460,96.524384,extrusion,473,6646
-727.2510,-197.1910,-514.2000,0.500000,-0.500000,-0.500000,0.500000,900.0000,2.069920,96.524767,extrusion,473,6647
-727.2510,-204.4910,-514.2000,0.500000,-0.500000,-0.500000,0.500000,900.0000,0.782920,96.524384,extrusion,473,6648
-721.9230,-204.4910,-514.2000,0.500000,-0.500000,-0.500000,0.500000,900.0000,0.571430,96.525338,extrusion,473,6649
-723.2690,-203.7060,-514.2000,0.500000,-0.500000,-0.500000,0.500000,900.0000,0.000000,0.000000,travel,474,6650
-726.1950,-200.7800,-514.2000,0.500000,-0.500000,-0.500000,0.500000,900.0000,0.443800,96.525151,extrusion,475,6653
-726.1950,-198.2470,-514.2000,0.500000,-0.500000,-0.500000,0.500000,900.0000,0.271660,96.523490,extrusion,475,6654
-720.1950,-198.2470,-514.2000,0.500000,-0.500000,-0.500000,0.500000,900.0000,0.643500,96.525000,extrusion,475,6655
-715.0070,-203.4350,-514.2000,0.500000,-0.500000,-0.500000,0.500000,900.0000,0.786890,96.525391,extrusion,475,6656
-709.0070,-203.4350,-514.2000,0.500000,-0.500000,-0.500000,0.500000,900.0000,0.643500,96.525000,extrusion,475,6657
-709.0070,-200.9010,-514.2000,0.500000,-0.500000,-0.500000,0.500000,900.0000,0.271770,96.524467,extrusion,475,6658
-711.9330,-197.9750,-514.2000,0.500000,-0.500000,-0.500000,0.500000,900.0000,0.443800,96.525151,extrusion,475,6659
-724.8260,-203.8870,-513.7500,0.500000,-0.500000,-0.500000,0.500000,900.0000,0.000000,0.000000,travel,476,6665
-708.5540,-203.8870,-513.7500,0.500000,-0.500000,-0.500000,0.500000,900.0000,1.745170,96.524889,extrusion,477,6668
-708.5540,-200.8410,-513.7500,0.500000,-0.500000,-0.500000,0.500000,900.0000,0.326680,96.523966,extrusion,477,6669
-708.5540,-197.7940,-513.7500,0.500000,-0.500000,-0.500000,0.500000,900.0000,0.326790,96.524778,extrusion,477,6670
-726.6470,-197.7940,-513.7500,0.500000,-0.500000,-0.500000,0.500000,900.0000,1.940470,96.524789,extrusion,477,6671
-726.6470,-203.8870,-513.7500,0.500000,-0.500000,-0.500000,0.500000,900.0000,0.653470,96.524372,extrusion,477,6672
-724.8260,-203.8870,-513.7500,0.500000,-0.500000,-0.500000,0.500000,900.0000,0.195300,96.523888,extrusion,477,6673
-724.8260,-204.4910,-513.7500,0.500000,-0.500000,-0.500000,0.500000,900.0000,0.000000,0.000000,travel,478,6674
-707.9510,-204.4910,-513.7500,0.500000,-0.500000,-0.500000,0.500000,900.0000,1.809840,96.524800,extrusion,479,6676
-707.9510,-200.8410,-513.7500,0.500000,-0.500000,-0.500000,0.500000,900.0000,0.391460,96.524384,extrusion,479,6677
-707.9510,-197.1910,-513.7500,0.500000,-0.500000,-0.500000,0.500000,900.0000,0.391460,96.524384,extrusion,479,6678
-727.2510,-197.1910,-513.7500,0.500000,-0.500000,-0.500000,0.500000,900.0000,2.069920,96.524767,extrusion,479,6679
-727.2510,-204.4910,-513.7500,0.500000,-0.500000,-0.500000,0.500000,900.0000,0.782920,96.524384,extrusion,479,6680
-724.8260,-204.4910,-513.7500,0.500000,-0.500000,-0.500000,0.500000,900.0000,0.260080,96.524536,extrusion,479,6681
-726.4660,-201.1720,-513.7500,0.500000,-0.500000,-0.500000,0.500000,900.0000,0.000000,0.000000,travel,480,6683
-723.5410,-198.2470,-513.7500,0.500000,-0.500000,-0.500000,0.500000,900.0000,0.443650,96.525515,extrusion,481,6686
-715.0070,-198.2470,-513.7500,0.500000,-0.500000,-0.500000,0.500000,900.0000,0.915270,96.524842,extrusion,481,6687
-720.1950,-203.4350,-513.7500,0.500000,-0.500000,-0.500000,0.500000,900.0000,0.786890,96.525391,extrusion,481,6688
-711.6610,-203.4350,-513.7500,0.500000,-0.500000,-0.500000,0.500000,900.0000,0.915270,96.524842,extrusion,481,6689
-708.7350,-200.5090,-513.7500,0.500000,-0.500000,-0.500000,0.500000,900.0000,0.443800,96.525151,extrusion,481,6690
-715.0820,-203.8870,-513.3000,0.500000,-0.500000,-0.500000,0.500000,900.0000,0.000000,0.000000,travel,482,6696
-708.5540,-203.8870,-513.3000,0.500000,-0.500000,-0.500000,0.500000,900.0000,0.700130,96.525276,extrusion,483,6699
-708.5540,-200.8410,-513.3000,0.500000,-0.500000,-0.500000,0.500000,900.0000,0.326680,96.523966,extrusion,483,6700
-708.5540,-197.7940,-513.3000,0.500000,-0.500000,-0.500000,0.500000,900.0000,0.326790,96.524778,extrusion,483,6701
-726.6470,-197.7940,-513.3000,0.500000,-0.500000,-0.500000,0.500000,900.0000,1.940470,96.524789,extrusion,483,6702
-726.6470,-203.8870,-513.3000,0.500000,-0.500000,-0.500000,0.500000,900.0000,0.653470,96.524372,extrusion,483,6703
-715.0820,-203.8870,-513.3000,0.500000,-0.500000,-0.500000,0.500000,900.0000,1.240340,96.524514,extrusion,483,6704
-715.0820,-204.4910,-513.3000,0.500000,-0.500000,-0.500000,0.500000,900.0000,0.000000,0.000000,travel,484,6705
-707.9510,-204.4910,-513.3000,0.500000,-0.500000,-0.500000,0.500000,900.0000,0.764800,96.525032,extrusion,485,6707
-707.9510,-200.8410,-513.3000,0.500000,-0.500000,-0.500000,0.500000,900.0000,0.391460,96.524384,extrusion,485,6708
-707.9510,-197.1910,-513.3000,0.500000,-0.500000,-0.500000,0.500000,900.0000,0.391460,96.524384,extrusion,485,6709
-727.2510,-197.1910,-513.3000,0.500000,-0.500000,-0.500000,0.500000,900.0000,2.069920,96.524767,extrusion,485,6710
-727.2510,-204.4910,-513.3000,0.500000,-0.500000,-0.500000,0.500000,900.0000,0.782920,96.524384,extrusion,485,6711
-715.0820,-204.4910,-513.3000,0.500000,-0.500000,-0.500000,0.500000,900.0000,1.305120,96.524612,extrusion,485,6712
-711.9330,-197.9750,-513.3000,0.500000,-0.500000,-0.500000,0.500000,900.0000,0.000000,0.000000,travel,486,6714
-709.0070,-200.9010,-513.3000,0.500000,-0.500000,-0.500000,0.500000,900.0000,0.443800,96.525151,extrusion,487,6717
-709.0070,-203.4350,-513.3000,0.500000,-0.500000,-0.500000,0.500000,900.0000,0.271770,96.524467,extrusion,487,6718
-715.0070,-203.4350,-513.3000,0.500000,-0.500000,-0.500000,0.500000,900.0000,0.643500,96.525000,extrusion,487,6719
-720.1950,-198.2470,-513.3000,0.500000,-0.500000,-0.500000,0.500000,900.0000,0.786890,96.525391,extrusion,487,6720
-726.1950,-198.2470,-513.3000,0.500000,-0.500000,-0.500000,0.500000,900.0000,0.643500,96.525000,extrusion,487,6721
-726.1950,-200.7800,-513.3000,0.500000,-0.500000,-0.500000,0.500000,900.0000,0.271660,96.523490,extrusion,487,6722
-723.2690,-203.7060,-513.3000,0.500000,-0.500000,-0.500000,0.500000,900.0000,0.443800,96.525151,extrusion,487,6723
-708.5540,-200.0750,-512.8500,0.500000,-0.500000,-0.500000,0.500000,900.0000,0.000000,0.000000,travel,488,6729
-708.5540,-197.7940,-512.8500,0.500000,-0.500000,-0.500000,0.500000,900.0000,0.244640,96.526085,extrusion,489,6732
-726.6470,-197.7940,-512.8500,0.500000,-0.500000,-0.500000,0.500000,900.0000,1.940470,96.524789,extrusion,489,6733
-726.6470,-203.8870,-512.8500,0.500000,-0.500000,-0.500000,0.500000,900.0000,0.653470,96.524372,extrusion,489,6734
-708.5540,-203.8870,-512.8500,0.500000,-0.500000,-0.500000,0.500000,900.0000,1.940470,96.524789,extrusion,489,6735
-708.5540,-200.8410,-512.8500,0.500000,-0.500000,-0.500000,0.500000,900.0000,0.326680,96.523966,extrusion,489,6736
-708.5540,-200.0750,-512.8500,0.500000,-0.500000,-0.500000,0.500000,900.0000,0.082150,96.520888,extrusion,489,6737
-707.9510,-200.0750,-512.8500,0.500000,-0.500000,-0.500000,0.500000,900.0000,0.000000,0.000000,travel,490,6738
-707.9510,-197.1910,-512.8500,0.500000,-0.500000,-0.500000,0.500000,900.0000,0.309310,96.525312,extrusion,491,6740
-727.2510,-197.1910,-512.8500,0.500000,-0.500000,-0.500000,0.500000,900.0000,2.069920,96.524767,extrusion,491,6741
-727.2510,-204.4910,-512.8500,0.500000,-0.500000,-0.500000,0.500000,900.0000,0.782920,96.524384,extrusion,491,6742
-707.9510,-204.4910,-512.8500,0.500000,-0.500000,-0.500000,0.500000,900.0000,2.069920,96.524767,extrusion,491,6743
-707.9510,-200.8410,-512.8500,0.500000,-0.500000,-0.500000,0.500000,900.0000,0.391460,96.524384,extrusion,491,6744
-707.9510,-200.0750,-512.8500,0.500000,-0.500000,-0.500000,0.500000,900.0000,0.082150,96.520888,extrusion,491,6745
-708.7350,-200.5090,-512.8500,0.500000,-0.500000,-0.500000,0.500000,900.0000,0.000000,0.000000,travel,492,6746
-711.6610,-203.4350,-512.8500,0.500000,-0.500000,-0.500000,0.500000,900.0000,0.443800,96.525151,extrusion,493,6749
-720.1950,-203.4350,-512.8500,0.500000,-0.500000,-0.500000,0.500000,900.0000,0.915270,96.524842,extrusion,493,6750
-715.0070,-198.2470,-512.8500,0.500000,-0.500000,-0.500000,0.500000,900.0000,0.786890,96.525391,extrusion,493,6751
-723.5410,-198.2470,-512.8500,0.500000,-0.500000,-0.500000,0.500000,900.0000,0.915270,96.524842,extrusion,493,6752
-726.4660,-201.1720,-512.8500,0.500000,-0.500000,-0.500000,0.500000,900.0000,0.443650,96.525515,extrusion,493,6753
-726.6470,-203.0370,-512.4000,0.500000,-0.500000,-0.500000,0.500000,900.0000,0.000000,0.000000,travel,494,6758
-726.6470,-203.8870,-512.4000,0.500000,-0.500000,-0.500000,0.500000,900.0000,0.091160,96.522353,extrusion,495,6761
-708.5540,-203.8870,-512.4000,0.500000,-0.500000,-0.500000,0.500000,900.0000,1.940470,96.524789,extrusion,495,6762
-708.5540,-200.8410,-512.4000,0.500000,-0.500000,-0.500000,0.500000,900.0000,0.326680,96.523966,extrusion,495,6763
-708.5540,-197.7940,-512.4000,0.500000,-0.500000,-0.500000,0.500000,900.0000,0.326790,96.524778,extrusion,495,6764
-726.6470,-197.7940,-512.4000,0.500000,-0.500000,-0.500000,0.500000,900.0000,1.940470,96.524789,extrusion,495,6765
-726.6470,-203.0370,-512.4000,0.500000,-0.500000,-0.500000,0.500000,900.0000,0.562310,96.524700,extrusion,495,6766
-727.2510,-203.0370,-512.4000,0.500000,-0.500000,-0.500000,0.500000,900.0000,0.000000,0.000000,travel,496,6767
-727.2510,-204.4910,-512.4000,0.500000,-0.500000,-0.500000,0.500000,900.0000,0.155940,96.524072,extrusion,497,6769
-707.9510,-204.4910,-512.4000,0.500000,-0.500000,-0.500000,0.500000,900.0000,2.069920,96.524767,extrusion,497,6770
-707.9510,-200.8410,-512.4000,0.500000,-0.500000,-0.500000,0.500000,900.0000,0.391460,96.524384,extrusion,497,6771
-707.9510,-197.1910,-512.4000,0.500000,-0.500000,-0.500000,0.500000,900.0000,0.391460,96.524384,extrusion,497,6772
-727.2510,-197.1910,-512.4000,0.500000,-0.500000,-0.500000,0.500000,900.0000,2.069920,96.524767,extrusion,497,6773
-727.2510,-203.0370,-512.4000,0.500000,-0.500000,-0.500000,0.500000,900.0000,0.626980,96.524461,extrusion,497,6774
-723.2690,-203.7060,-512.4000,0.500000,-0.500000,-0.500000,0.500000,900.0000,0.000000,0.000000,travel,498,6776
-726.1950,-200.7800,-512.4000,0.500000,-0.500000,-0.500000,0.500000,900.0000,0.443800,96.525151,extrusion,499,6779
-726.1950,-198.2470,-512.4000,0.500000,-0.500000,-0.500000,0.500000,900.0000,0.271660,96.523490,extrusion,499,6780
-720.1950,-198.2470,-512.4000,0.500000,-0.500000,-0.500000,0.500000,900.0000,0.643500,96.525000,extrusion,499,6781
-715.0070,-203.4350,-512.4000,0.500000,-0.500000,-0.500000,0.500000,900.0000,0.786890,96.525391,extrusion,499,6782
-709.0070,-203.4350,-512.4000,0.500000,-0.500000,-0.500000,0.500000,900.0000,0.643500,96.525000,extrusion,499,6783
-709.0070,-200.9010,-512.4000,0.500000,-0.500000,-0.500000,0.500000,900.0000,0.271770,96.524467,extrusion,499,6784
-711.9330,-197.9750,-512.4000,0.500000,-0.500000,-0.500000,0.500000,900.0000,0.443800,96.525151,extrusion,499,6785
-716.0250,-197.7940,-511.9500,0.500000,-0.500000,-0.500000,0.500000,900.0000,0.000000,0.000000,travel,500,6791
-726.6470,-197.7940,-511.9500,0.500000,-0.500000,-0.500000,0.500000,900.0000,1.139210,96.525042,extrusion,501,6794
-726.6470,-203.8870,-511.9500,0.500000,-0.500000,-0.500000,0.500000,900.0000,0.653470,96.524372,extrusion,501,6795
-708.5540,-203.8870,-511.9500,0.500000,-0.500000,-0.500000,0.500000,900.0000,1.940470,96.524789,extrusion,501,6796
-708.5540,-200.8410,-511.9500,0.500000,-0.500000,-0.500000,0.500000,900.0000,0.326680,96.523966,extrusion,501,6797
-708.5540,-197.7940,-511.9500,0.500000,-0.500000,-0.500000,0.500000,900.0000,0.326790,96.524778,extrusion,501,6798
-716.0250,-197.7940,-511.9500,0.500000,-0.500000,-0.500000,0.500000,900.0000,0.801260,96.524428,extrusion,501,6799
-716.0250,-197.1910,-511.9500,0.500000,-0.500000,-0.500000,0.500000,900.0000,0.000000,0.000000,travel,502,6800
-727.2510,-197.1910,-511.9500,0.500000,-0.500000,-0.500000,0.500000,900.0000,1.203990,96.525120,extrusion,503,6802
-727.2510,-204.4910,-511.9500,0.500000,-0.500000,-0.500000,0.500000,900.0000,0.782920,96.524384,extrusion,503,6803
-707.9510,-204.4910,-511.9500,0.500000,-0.500000,-0.500000,0.500000,900.0000,2.069920,96.524767,extrusion,503,6804
-707.9510,-200.8410,-511.9500,0.500000,-0.500000,-0.500000,0.500000,900.0000,0.391460,96.524384,extrusion,503,6805
-707.9510,-197.1910,-511.9500,0.500000,-0.500000,-0.500000,0.500000,900.0000,0.391460,96.524384,extrusion,503,6806
-716.0250,-197.1910,-511.9500,0.500000,-0.500000,-0.500000,0.500000,900.0000,0.865930,96.524275,extrusion,503,6807
-708.7350,-200.5090,-511.9500,0.500000,-0.500000,-0.500000,0.500000,900.0000,0.000000,0.000000,travel,504,6809
-711.6610,-203.4350,-511.9500,0.500000,-0.500000,-0.500000,0.500000,900.0000,0.443800,96.525151,extrusion,505,6812
-720.1950,-203.4350,-511.9500,0.500000,-0.500000,-0.500000,0.500000,900.0000,0.915270,96.524842,extrusion,505,6813
-715.0070,-198.2470,-511.9500,0.500000,-0.500000,-0.500000,0.500000,900.0000,0.786890,96.525391,extrusion,505,6814
-723.5410,-198.2470,-511.9500,0.500000,-0.500000,-0.500000,0.500000,900.0000,0.915270,96.524842,extrusion,505,6815
-726.4660,-201.1720,-511.9500,0.500000,-0.500000,-0.500000,0.500000,900.0000,0.443650,96.525515,extrusion,505,6816
-708.5540,-201.2110,-511.5000,0.500000,-0.500000,-0.500000,0.500000,900.0000,0.000000,0.000000,travel,506,6822
-708.5540,-200.8410,-511.5000,0.500000,-0.500000,-0.500000,0.500000,900.0000,0.039680,96.518919,extrusion,507,6825
-708.5540,-197.7940,-511.5000,0.500000,-0.500000,-0.500000,0.500000,900.0000,0.326790,96.524778,extrusion,507,6826
-726.6470,-197.7940,-511.5000,0.500000,-0.500000,-0.500000,0.500000,900.0000,1.940470,96.524789,extrusion,507,6827
-726.6470,-203.8870,-511.5000,0.500000,-0.500000,-0.500000,0.500000,900.0000,0.653470,96.524372,extrusion,507,6828
-708.5540,-203.8870,-511.5000,0.500000,-0.500000,-0.500000,0.500000,900.0000,1.940470,96.524789,extrusion,507,6829
-708.5540,-201.2110,-511.5000,0.500000,-0.500000,-0.500000,0.500000,900.0000,0.287000,96.524664,extrusion,507,6830
-707.9510,-201.2110,-511.5000,0.500000,-0.500000,-0.500000,0.500000,900.0000,0.000000,0.000000,travel,508,6831
-707.9510,-200.8410,-511.5000,0.500000,-0.500000,-0.500000,0.500000,900.0000,0.039680,96.518919,extrusion,509,6833
-707.9510,-197.1910,-511.5000,0.500000,-0.500000,-0.500000,0.500000,900.0000,0.391460,96.524384,extrusion,509,6834
-727.2510,-197.1910,-511.5000,0.500000,-0.500000,-0.500000,0.500000,900.0000,2.069920,96.524767,extrusion,509,6835
-727.2510,-204.4910,-511.5000,0.500000,-0.500000,-0.500000,0.500000,900.0000,0.782920,96.524384,extrusion,509,6836
-707.9510,-204.4910,-511.5000,0.500000,-0.500000,-0.500000,0.500000,900.0000,2.069920,96.524767,extrusion,509,6837
-707.9510,-201.2110,-511.5000,0.500000,-0.500000,-0.500000,0.500000,900.0000,0.351780,96.525000,extrusion,509,6838
-711.9330,-197.9750,-511.5000,0.500000,-0.500000,-0.500000,0.500000,900.0000,0.000000,0.000000,travel,510,6840
-709.0070,-200.9010,-511.5000,0.500000,-0.500000,-0.500000,0.500000,900.0000,0.443800,96.525151,extrusion,511,6843
-709.0070,-203.4350,-511.5000,0.500000,-0.500000,-0.500000,0.500000,900.0000,0.271770,96.524467,extrusion,511,6844
-715.0070,-203.4350,-511.5000,0.500000,-0.500000,-0.500000,0.500000,900.0000,0.643500,96.525000,extrusion,511,6845
-720.1950,-198.2470,-511.5000,0.500000,-0.500000,-0.500000,0.500000,900.0000,0.786890,96.525391,extrusion,511,6846
-726.1950,-198.2470,-511.5000,0.500000,-0.500000,-0.500000,0.500000,900.0000,0.643500,96.525000,extrusion,511,6847
-726.1950,-200.7800,-511.5000,0.500000,-0.500000,-0.500000,0.500000,900.0000,0.271660,96.523490,extrusion,511,6848
-723.2690,-203.7060,-511.5000,0.500000,-0.500000,-0.500000,0.500000,900.0000,0.443800,96.525151,extrusion,511,6849
-717.1790,-197.7940,-511.0500,0.500000,-0.500000,-0.500000,0.500000,900.0000,0.000000,0.000000,travel,512,6855
-726.6470,-197.7940,-511.0500,0.500000,-0.500000,-0.500000,0.500000,900.0000,1.015440,96.524715,extrusion,513,6858
-726.6470,-203.8870,-511.0500,0.500000,-0.500000,-0.500000,0.500000,900.0000,0.653470,96.524372,extrusion,513,6859
-708.5540,-203.8870,-511.0500,0.500000,-0.500000,-0.500000,0.500000,900.0000,1.940470,96.524789,extrusion,513,6860
-708.5540,-200.8410,-511.0500,0.500000,-0.500000,-0.500000,0.500000,900.0000,0.326680,96.523966,extrusion,513,6861
-708.5540,-197.7940,-511.0500,0.500000,-0.500000,-0.500000,0.500000,900.0000,0.326790,96.524778,extrusion,513,6862
-717.1790,-197.7940,-511.0500,0.500000,-0.500000,-0.500000,0.500000,900.0000,0.925030,96.524870,extrusion,513,6863
-717.1790,-197.1910,-511.0500,0.500000,-0.500000,-0.500000,0.500000,900.0000,0.000000,0.000000,travel,514,6864
-727.2510,-197.1910,-511.0500,0.500000,-0.500000,-0.500000,0.500000,900.0000,1.080220,96.524821,extrusion,515,6866
-727.2510,-204.4910,-511.0500,0.500000,-0.500000,-0.500000,0.500000,900.0000,0.782920,96.524384,extrusion,515,6867
-707.9510,-204.4910,-511.0500,0.500000,-0.500000,-0.500000,0.500000,900.0000,2.069920,96.524767,extrusion,515,6868
-707.9510,-200.8410,-511.0500,0.500000,-0.500000,-0.500000,0.500000,900.0000,0.391460,96.524384,extrusion,515,6869
-707.9510,-197.1910,-511.0500,0.500000,-0.500000,-0.500000,0.500000,900.0000,0.391460,96.524384,extrusion,515,6870
-717.1790,-197.1910,-511.0500,0.500000,-0.500000,-0.500000,0.500000,900.0000,0.989700,96.524707,extrusion,515,6871
-708.7350,-200.5090,-511.0500,0.500000,-0.500000,-0.500000,0.500000,900.0000,0.000000,0.000000,travel,516,6873
-711.6610,-203.4350,-511.0500,0.500000,-0.500000,-0.500000,0.500000,900.0000,0.443800,96.525151,extrusion,517,6876
-720.1950,-203.4350,-511.0500,0.500000,-0.500000,-0.500000,0.500000,900.0000,0.915270,96.524842,extrusion,517,6877
-715.0070,-198.2470,-511.0500,0.500000,-0.500000,-0.500000,0.500000,900.0000,0.786890,96.525391,extrusion,517,6878
-723.5410,-198.2470,-511.0500,0.500000,-0.500000,-0.500000,0.500000,900.0000,0.915270,96.524842,extrusion,517,6879
-726.4660,-201.1720,-511.0500,0.500000,-0.500000,-0.500000,0.500000,900.0000,0.443650,96.525515,extrusion,517,6880
-722.5720,-197.7940,-510.6000,0.500000,-0.500000,-0.500000,0.500000,900.0000,0.000000,0.000000,travel,518,6886
-726.6470,-197.7940,-510.6000,0.500000,-0.500000,-0.500000,0.500000,900.0000,0.437040,96.524172,extrusion,519,6889
-726.6470,-203.8870,-510.6000,0.500000,-0.500000,-0.500000,0.500000,900.0000,0.653470,96.524372,extrusion,519,6890
-708.5540,-203.8870,-510.6000,0.500000,-0.500000,-0.500000,0.500000,900.0000,1.940470,96.524789,extrusion,519,6891
-708.5540,-200.8410,-510.6000,0.500000,-0.500000,-0.500000,0.500000,900.0000,0.326680,96.523966,extrusion,519,6892
-708.5540,-197.7940,-510.6000,0.500000,-0.500000,-0.500000,0.500000,900.0000,0.326790,96.524778,extrusion,519,6893
-722.5720,-197.7940,-510.6000,0.500000,-0.500000,-0.500000,0.500000,900.0000,1.503430,96.524968,extrusion,519,6894
-722.5720,-197.1910,-510.6000,0.500000,-0.500000,-0.500000,0.500000,900.0000,0.000000,0.000000,travel,520,6895
-727.2510,-197.1910,-510.6000,0.500000,-0.500000,-0.500000,0.500000,900.0000,0.501820,96.524471,extrusion,521,6897
-727.2510,-204.4910,-510.6000,0.500000,-0.500000,-0.500000,0.500000,900.0000,0.782920,96.524384,extrusion,521,6898
-707.9510,-204.4910,-510.6000,0.500000,-0.500000,-0.500000,0.500000,900.0000,2.069920,96.524767,extrusion,521,6899
-707.9510,-200.8410,-510.6000,0.500000,-0.500000,-0.500000,0.500000,900.0000,0.391460,96.524384,extrusion,521,6900
-707.9510,-197.1910,-510.6000,0.500000,-0.500000,-0.500000,0.500000,900.0000,0.391460,96.524384,extrusion,521,6901
-722.5720,-197.1910,-510.6000,0.500000,-0.500000,-0.500000,0.500000,900.0000,1.568100,96.524862,extrusion,521,6902
-723.2690,-203.7060,-510.6000,0.500000,-0.500000,-0.500000,0.500000,900.0000,0.000000,0.000000,travel,522,6904
-726.1950,-200.7800,-510.6000,0.500000,-0.500000,-0.500000,0.500000,900.0000,0.443800,96.525151,extrusion,523,6907
-726.1950,-198.2470,-510.6000,0.500000,-0.500000,-0.500000,0.500000,900.0000,0.271660,96.523490,extrusion,523,6908
-720.1950,-198.2470,-510.6000,0.500000,-0.500000,-0.500000,0.500000,900.0000,0.643500,96.525000,extrusion,523,6909
-715.0070,-203.4350,-510.6000,0.500000,-0.500000,-0.500000,0.500000,900.0000,0.786890,96.525391,extrusion,523,6910
-709.0070,-203.4350,-510.6000,0.500000,-0.500000,-0.500000,0.500000,900.0000,0.643500,96.525000,extrusion,523,6911
-709.0070,-200.9010,-510.6000,0.500000,-0.500000,-0.500000,0.500000,900.0000,0.271770,96.524467,extrusion,523,6912
-711.9330,-197.9750,-510.6000,0.500000,-0.500000,-0.500000,0.500000,900.0000,0.443800,96.525151,extrusion,523,6913
-724.9060,-197.7940,-510.1500,0.500000,-0.500000,-0.500000,0.500000,900.0000,0.000000,0.000000,travel,524,6919
-726.6470,-197.7940,-510.1500,0.500000,-0.500000,-0.500000,0.500000,900.0000,0.186720,96.523837,extrusion,525,6922
-726.6470,-203.8870,-510.1500,0.500000,-0.500000,-0.500000,0.500000,900.0000,0.653470,96.524372,extrusion,525,6923
-708.5540,-203.8870,-510.1500,0.500000,-0.500000,-0.500000,0.500000,900.0000,1.940470,96.524789,extrusion,525,6924
-708.5540,-200.8410,-510.1500,0.500000,-0.500000,-0.500000,0.500000,900.0000,0.326680,96.523966,extrusion,525,6925
-708.5540,-197.7940,-510.1500,0.500000,-0.500000,-0.500000,0.500000,900.0000,0.326790,96.524778,extrusion,525,6926
-724.9060,-197.7940,-510.1500,0.500000,-0.500000,-0.500000,0.500000,900.0000,1.753750,96.524890,extrusion,525,6927
-724.9060,-197.1910,-510.1500,0.500000,-0.500000,-0.500000,0.500000,900.0000,0.000000,0.000000,travel,526,6928
-727.2510,-197.1910,-510.1500,0.500000,-0.500000,-0.500000,0.500000,900.0000,0.251500,96.524520,extrusion,527,6930
-727.2510,-204.4910,-510.1500,0.500000,-0.500000,-0.500000,0.500000,900.0000,0.782920,96.524384,extrusion,527,6931
-707.9510,-204.4910,-510.1500,0.500000,-0.500000,-0.500000,0.500000,900.0000,2.069920,96.524767,extrusion,527,6932
-707.9510,-200.8410,-510.1500,0.500000,-0.500000,-0.500000,0.500000,900.0000,0.391460,96.524384,extrusion,527,6933
-707.9510,-197.1910,-510.1500,0.500000,-0.500000,-0.500000,0.500000,900.0000,0.391460,96.524384,extrusion,527,6934
-724.9060,-197.1910,-510.1500,0.500000,-0.500000,-0.500000,0.500000,900.0000,1.818420,96.524801,extrusion,527,6935
-726.4660,-201.1720,-510.1500,0.500000,-0.500000,-0.500000,0.500000,900.0000,0.000000,0.000000,travel,528,6937
-723.5410,-198.2470,-510.1500,0.500000,-0.500000,-0.500000,0.500000,900.0000,0.443650,96.525515,extrusion,529,6940
-715.0070,-198.2470,-510.1500,0.500000,-0.500000,-0.500000,0.500000,900.0000,0.915270,96.524842,extrusion,529,6941
-720.1950,-203.4350,-510.1500,0.500000,-0.500000,-0.500000,0.500000,900.0000,0.786890,96.525391,extrusion,529,6942
-711.6610,-203.4350,-510.1500,0.500000,-0.500000,-0.500000,0.500000,900.0000,0.915270,96.524842,extrusion,529,6943
-708.7350,-200.5090,-510.1500,0.500000,-0.500000,-0.500000,0.500000,900.0000,0.443800,96.525151,extrusion,529,6944
-721.6350,-203.8870,-509.7000,0.500000,-0.500000,-0.500000,0.500000,900.0000,0.000000,0.000000,travel,530,6950
-708.5540,-203.8870,-509.7000,0.500000,-0.500000,-0.500000,0.500000,900.0000,1.402930,96.524501,extrusion,531,6953
-708.5540,-200.8410,-509.7000,0.500000,-0.500000,-0.500000,0.500000,900.0000,0.326680,96.523966,extrusion,531,6954
-708.5540,-197.7940,-509.7000,0.500000,-0.500000,-0.500000,0.500000,900.0000,0.326790,96.524778,extrusion,531,6955
-726.6470,-197.7940,-509.7000,0.500000,-0.500000,-0.500000,0.500000,900.0000,1.940470,96.524789,extrusion,531,6956
-726.6470,-203.8870,-509.7000,0.500000,-0.500000,-0.500000,0.500000,900.0000,0.653470,96.524372,extrusion,531,6957
-721.6350,-203.8870,-509.7000,0.500000,-0.500000,-0.500000,0.500000,900.0000,0.537540,96.525539,extrusion,531,6958
-721.6350,-204.4910,-509.7000,0.500000,-0.500000,-0.500000,0.500000,900.0000,0.000000,0.000000,travel,532,6959
-707.9510,-204.4910,-509.7000,0.500000,-0.500000,-0.500000,0.500000,900.0000,1.467610,96.525066,extrusion,533,6961
-707.9510,-200.8410,-509.7000,0.500000,-0.500000,-0.500000,0.500000,900.0000,0.391460,96.524384,extrusion,533,6962
-707.9510,-197.1910,-509.7000,0.500000,-0.500000,-0.500000,0.500000,900.0000,0.391460,96.524384,extrusion,533,6963
-727.2510,-197.1910,-509.7000,0.500000,-0.500000,-0.500000,0.500000,900.0000,2.069920,96.524767,extrusion,533,6964
-727.2510,-204.4910,-509.7000,0.500000,-0.500000,-0.500000,0.500000,900.0000,0.782920,96.524384,extrusion,533,6965
-721.6350,-204.4910,-509.7000,0.500000,-0.500000,-0.500000,0.500000,900.0000,0.602310,96.524038,extrusion,533,6966
-723.2690,-203.7060,-509.7000,0.500000,-0.500000,-0.500000,0.500000,900.0000,0.000000,0.000000,travel,534,6967
-726.1950,-200.7800,-509.7000,0.500000,-0.500000,-0.500000,0.500000,900.0000,0.443800,96.525151,extrusion,535,6970
-726.1950,-198.2470,-509.7000,0.500000,-0.500000,-0.500000,0.500000,900.0000,0.271660,96.523490,extrusion,535,6971
-720.1950,-198.2470,-509.7000,0.500000,-0.500000,-0.500000,0.500000,900.0000,0.643500,96.525000,extrusion,535,6972
-715.0070,-203.4350,-509.7000,0.500000,-0.500000,-0.500000,0.500000,900.0000,0.786890,96.525391,extrusion,535,6973
-709.0070,-203.4350,-509.7000,0.500000,-0.500000,-0.500000,0.500000,900.0000,0.643500,96.525000,extrusion,535,6974
-709.0070,-200.9010,-509.7000,0.500000,-0.500000,-0.500000,0.500000,900.0000,0.271770,96.524467,extrusion,535,6975
-711.9330,-197.9750,-509.7000,0.500000,-0.500000,-0.500000,0.500000,900.0000,0.443800,96.525151,extrusion,535,6976
-715.0150,-203.8870,-509.2500,0.500000,-0.500000,-0.500000,0.500000,900.0000,0.000000,0.000000,travel,536,6982
-708.5540,-203.8870,-509.2500,0.500000,-0.500000,-0.500000,0.500000,900.0000,0.692940,96.524687,extrusion,537,6985
-708.5540,-200.8410,-509.2500,0.500000,-0.500000,-0.500000,0.500000,900.0000,0.326680,96.523966,extrusion,537,6986
-708.5540,-197.7940,-509.2500,0.500000,-0.500000,-0.500000,0.500000,900.0000,0.326790,96.524778,extrusion,537,6987
-726.6470,-197.7940,-509.2500,0.500000,-0.500000,-0.500000,0.500000,900.0000,1.940470,96.524789,extrusion,537,6988
-726.6470,-203.8870,-509.2500,0.500000,-0.500000,-0.500000,0.500000,900.0000,0.653470,96.524372,extrusion,537,6989
-715.0150,-203.8870,-509.2500,0.500000,-0.500000,-0.500000,0.500000,900.0000,1.247530,96.524845,extrusion,537,6990
-715.0150,-204.4910,-509.2500,0.500000,-0.500000,-0.500000,0.500000,900.0000,0.000000,0.000000,travel,538,6991
-707.9510,-204.4910,-509.2500,0.500000,-0.500000,-0.500000,0.500000,900.0000,0.757610,96.524490,extrusion,539,6993
-707.9510,-200.8410,-509.2500,0.500000,-0.500000,-0.500000,0.500000,900.0000,0.391460,96.524384,extrusion,539,6994
-707.9510,-197.1910,-509.2500,0.500000,-0.500000,-0.500000,0.500000,900.0000,0.391460,96.524384,extrusion,539,6995
-727.2510,-197.1910,-509.2500,0.500000,-0.500000,-0.500000,0.500000,900.0000,2.069920,96.524767,extrusion,539,6996
-727.2510,-204.4910,-509.2500,0.500000,-0.500000,-0.500000,0.500000,900.0000,0.782920,96.524384,extrusion,539,6997
-715.0150,-204.4910,-509.2500,0.500000,-0.500000,-0.500000,0.500000,900.0000,1.312310,96.524926,extrusion,539,6998
-708.7350,-200.5090,-509.2500,0.500000,-0.500000,-0.500000,0.500000,900.0000,0.000000,0.000000,travel,540,7000
-711.6610,-203.4350,-509.2500,0.500000,-0.500000,-0.500000,0.500000,900.0000,0.443800,96.525151,extrusion,541,7003
-720.1950,-203.4350,-509.2500,0.500000,-0.500000,-0.500000,0.500000,900.0000,0.915270,96.524842,extrusion,541,7004
-715.0070,-198.2470,-509.2500,0.500000,-0.500000,-0.500000,0.500000,900.0000,0.786890,96.525391,extrusion,541,7005
-723.5410,-198.2470,-509.2500,0.500000,-0.500000,-0.500000,0.500000,900.0000,0.915270,96.524842,extrusion,541,7006
-726.4660,-201.1720,-509.2500,0.500000,-0.500000,-0.500000,0.500000,900.0000,0.443650,96.525515,extrusion,541,7007
-713.9550,-197.7940,-508.8000,0.500000,-0.500000,-0.500000,0.500000,900.0000,0.000000,0.000000,travel,542,7013
-726.6470,-197.7940,-508.8000,0.500000,-0.500000,-0.500000,0.500000,900.0000,1.361210,96.524504,extrusion,543,7016
-726.6470,-203.8870,-508.8000,0.500000,-0.500000,-0.500000,0.500000,900.0000,0.653470,96.524372,extrusion,543,7017
-708.5540,-203.8870,-508.8000,0.500000,-0.500000,-0.500000,0.500000,900.0000,1.940470,96.524789,extrusion,543,7018
-708.5540,-200.8410,-508.8000,0.500000,-0.500000,-0.500000,0.500000,900.0000,0.326680,96.523966,extrusion,543,7019
-708.5540,-197.7940,-508.8000,0.500000,-0.500000,-0.500000,0.500000,900.0000,0.326790,96.524778,extrusion,543,7020
-713.9550,-197.7940,-508.8000,0.500000,-0.500000,-0.500000,0.500000,900.0000,0.579260,96.525458,extrusion,543,7021
-713.9550,-197.1910,-508.8000,0.500000,-0.500000,-0.500000,0.500000,900.0000,0.000000,0.000000,travel,544,7022
-727.2510,-197.1910,-508.8000,0.500000,-0.500000,-0.500000,0.500000,900.0000,1.425990,96.524594,extrusion,545,7024
-727.2510,-204.4910,-508.8000,0.500000,-0.500000,-0.500000,0.500000,900.0000,0.782920,96.524384,extrusion,545,7025
-707.9510,-204.4910,-508.8000,0.500000,-0.500000,-0.500000,0.500000,900.0000,2.069920,96.524767,extrusion,545,7026
-707.9510,-200.8410,-508.8000,0.500000,-0.500000,-0.500000,0.500000,900.0000,0.391460,96.524384,extrusion,545,7027
-707.9510,-197.1910,-508.8000,0.500000,-0.500000,-0.500000,0.500000,900.0000,0.391460,96.524384,extrusion,545,7028
-713.9550,-197.1910,-508.8000,0.500000,-0.500000,-0.500000,0.500000,900.0000,0.643930,96.525150,extrusion,545,7029
-711.9330,-197.9750,-508.8000,0.500000,-0.500000,-0.500000,0.500000,900.0000,0.000000,0.000000,travel,546,7031
-709.0070,-200.9010,-508.8000,0.500000,-0.500000,-0.500000,0.500000,900.0000,0.443800,96.525151,extrusion,547,7034
-709.0070,-203.4350,-508.8000,0.500000,-0.500000,-0.500000,0.500000,900.0000,0.271770,96.524467,extrusion,547,7035
-715.0070,-203.4350,-508.8000,0.500000,-0.500000,-0.500000,0.500000,900.0000,0.643500,96.525000,extrusion,547,7036
-720.1950,-198.2470,-508.8000,0.500000,-0.500000,-0.500000,0.500000,900.0000,0.786890,96.525391,extrusion,547,7037
-726.1950,-198.2470,-508.8000,0.500000,-0.500000,-0.500000,0.500000,900.0000,0.643500,96.525000,extrusion,547,7038
-726.1950,-200.7800,-508.8000,0.500000,-0.500000,-0.500000,0.500000,900.0000,0.271660,96.523490,extrusion,547,7039
-723.2690,-203.7060,-508.8000,0.500000,-0.500000,-0.500000,0.500000,900.0000,0.443800,96.525151,extrusion,547,7040
-725.7740,-203.8870,-508.3500,0.500000,-0.500000,-0.500000,0.500000,900.0000,0.000000,0.000000,travel,548,7046
-708.5540,-203.8870,-508.3500,0.500000,-0.500000,-0.500000,0.500000,900.0000,1.846840,96.524739,extrusion,549,7049
-708.5540,-200.8410,-508.3500,0.500000,-0.500000,-0.500000,0.500000,900.0000,0.326680,96.523966,extrusion,549,7050
-708.5540,-197.7940,-508.3500,0.500000,-0.500000,-0.500000,0.500000,900.0000,0.326790,96.524778,extrusion,549,7051
-726.6470,-197.7940,-508.3500,0.500000,-0.500000,-0.500000,0.500000,900.0000,1.940470,96.524789,extrusion,549,7052
-726.6470,-203.8870,-508.3500,0.500000,-0.500000,-0.500000,0.500000,900.0000,0.653470,96.524372,extrusion,549,7053
-725.7740,-203.8870,-508.3500,0.500000,-0.500000,-0.500000,0.500000,900.0000,0.093630,96.525773,extrusion,549,7054
-725.7740,-204.4910,-508.3500,0.500000,-0.500000,-0.500000,0.500000,900.0000,0.000000,0.000000,travel,550,7055
-707.9510,-204.4910,-508.3500,0.500000,-0.500000,-0.500000,0.500000,900.0000,1.911510,96.524659,extrusion,551,7057
-707.9510,-200.8410,-508.3500,0.500000,-0.500000,-0.500000,0.500000,900.0000,0.391460,96.524384,extrusion,551,7058
-707.9510,-197.1910,-508.3500,0.500000,-0.500000,-0.500000,0.500000,900.0000,0.391460,96.524384,extrusion,551,7059
-727.2510,-197.1910,-508.3500,0.500000,-0.500000,-0.500000,0.500000,900.0000,2.069920,96.524767,extrusion,551,7060
-727.2510,-204.4910,-508.3500,0.500000,-0.500000,-0.500000,0.500000,900.0000,0.782920,96.524384,extrusion,551,7061
-725.7740,-204.4910,-508.3500,0.500000,-0.500000,-0.500000,0.500000,900.0000,0.158410,96.526066,extrusion,551,7062
-726.4660,-201.1720,-508.3500,0.500000,-0.500000,-0.500000,0.500000,900.0000,0.000000,0.000000,travel,552,7064
-723.5410,-198.2470,-508.3500,0.500000,-0.500000,-0.500000,0.500000,900.0000,0.443650,96.525515,extrusion,553,7067
-715.0070,-198.2470,-508.3500,0.500000,-0.500000,-0.500000,0.500000,900.0000,0.915270,96.524842,extrusion,553,7068
-720.1950,-203.4350,-508.3500,0.500000,-0.500000,-0.500000,0.500000,900.0000,0.786890,96.525391,extrusion,553,7069
-711.6610,-203.4350,-508.3500,0.500000,-0.500000,-0.500000,0.500000,900.0000,0.915270,96.524842,extrusion,553,7070
-708.7350,-200.5090,-508.3500,0.500000,-0.500000,-0.500000,0.500000,900.0000,0.443800,96.525151,extrusion,553,7071
-716.3760,-197.7940,-507.9000,0.500000,-0.500000,-0.500000,0.500000,900.0000,0.000000,0.000000,travel,554,7077
-726.6470,-197.7940,-507.9000,0.500000,-0.500000,-0.500000,0.500000,900.0000,1.101560,96.524584,extrusion,555,7080
-726.6470,-203.8870,-507.9000,0.500000,-0.500000,-0.500000,0.500000,900.0000,0.653470,96.524372,extrusion,555,7081
-708.5540,-203.8870,-507.9000,0.500000,-0.500000,-0.500000,0.500000,900.0000,1.940470,96.524789,extrusion,555,7082
-708.5540,-200.8410,-507.9000,0.500000,-0.500000,-0.500000,0.500000,900.0000,0.326680,96.523966,extrusion,555,7083
-708.5540,-197.7940,-507.9000,0.500000,-0.500000,-0.500000,0.500000,900.0000,0.326790,96.524778,extrusion,555,7084
-716.3760,-197.7940,-507.9000,0.500000,-0.500000,-0.500000,0.500000,900.0000,0.838910,96.525058,extrusion,555,7085
-716.3760,-197.1910,-507.9000,0.500000,-0.500000,-0.500000,0.500000,900.0000,0.000000,0.000000,travel,556,7086
-727.2510,-197.1910,-507.9000,0.500000,-0.500000,-0.500000,0.500000,900.0000,1.166340,96.524690,extrusion,557,7088
-727.2510,-204.4910,-507.9000,0.500000,-0.500000,-0.500000,0.500000,900.0000,0.782920,96.524384,extrusion,557,7089
-707.9510,-204.4910,-507.9000,0.500000,-0.500000,-0.500000,0.500000,900.0000,2.069920,96.524767,extrusion,557,7090
-707.9510,-200.8410,-507.9000,0.500000,-0.500000,-0.500000,0.500000,900.0000,0.391460,96.524384,extrusion,557,7091
-707.9510,-197.1910,-507.9000,0.500000,-0.500000,-0.500000,0.500000,900.0000,0.391460,96.524384,extrusion,557,7092
-716.3760,-197.1910,-507.9000,0.500000,-0.500000,-0.500000,0.500000,900.0000,0.903580,96.524866,extrusion,557,7093
-711.9330,-197.9750,-507.9000,0.500000,-0.500000,-0.500000,0.500000,900.0000,0.000000,0.000000,travel,558,7095
-709.0070,-200.9010,-507.9000,0.500000,-0.500000,-0.500000,0.500000,900.0000,0.443800,96.525151,extrusion,559,7098
-709.0070,-203.4350,-507.9000,0.500000,-0.500000,-0.500000,0.500000,900.0000,0.271770,96.524467,extrusion,559,7099
-715.0070,-203.4350,-507.9000,0.500000,-0.500000,-0.500000,0.500000,900.0000,0.643500,96.525000,extrusion,559,7100
-720.1950,-198.2470,-507.9000,0.500000,-0.500000,-0.500000,0.500000,900.0000,0.786890,96.525391,extrusion,559,7101
-726.1950,-198.2470,-507.9000,0.500000,-0.500000,-0.500000,0.500000,900.0000,0.643500,96.525000,extrusion,559,7102
-726.1950,-200.7800,-507.9000,0.500000,-0.500000,-0.500000,0.500000,900.0000,0.271660,96.523490,extrusion,559,7103
-723.2690,-203.7060,-507.9000,0.500000,-0.500000,-0.500000,0.500000,900.0000,0.443800,96.525151,extrusion,559,7104
-722.8050,-203.8870,-507.4500,0.500000,-0.500000,-0.500000,0.500000,900.0000,0.000000,0.000000,travel,560,7109
-708.5540,-203.8870,-507.4500,0.500000,-0.500000,-0.500000,0.500000,900.0000,1.528420,96.525016,extrusion,561,7112
-708.5540,-200.8410,-507.4500,0.500000,-0.500000,-0.500000,0.500000,900.0000,0.326680,96.523966,extrusion,561,7113
-708.5540,-197.7940,-507.4500,0.500000,-0.500000,-0.500000,0.500000,900.0000,0.326790,96.524778,extrusion,561,7114
-726.6470,-197.7940,-507.4500,0.500000,-0.500000,-0.500000,0.500000,900.0000,1.940470,96.524789,extrusion,561,7115
-726.6470,-203.8870,-507.4500,0.500000,-0.500000,-0.500000,0.500000,900.0000,0.653470,96.524372,extrusion,561,7116
-722.8050,-203.8870,-507.4500,0.500000,-0.500000,-0.500000,0.500000,900.0000,0.412050,96.523946,extrusion,561,7117
-722.8050,-204.4910,-507.4500,0.500000,-0.500000,-0.500000,0.500000,900.0000,0.000000,0.000000,travel,562,7118
-707.9510,-204.4910,-507.4500,0.500000,-0.500000,-0.500000,0.500000,900.0000,1.593090,96.524909,extrusion,563,7120
-707.9510,-200.8410,-507.4500,0.500000,-0.500000,-0.500000,0.500000,900.0000,0.391460,96.524384,extrusion,563,7121
-707.9510,-197.1910,-507.4500,0.500000,-0.500000,-0.500000,0.500000,900.0000,0.391460,96.524384,extrusion,563,7122
-727.2510,-197.1910,-507.4500,0.500000,-0.500000,-0.500000,0.500000,900.0000,2.069920,96.524767,extrusion,563,7123
-727.2510,-204.4910,-507.4500,0.500000,-0.500000,-0.500000,0.500000,900.0000,0.782920,96.524384,extrusion,563,7124
-722.8050,-204.4910,-507.4500,0.500000,-0.500000,-0.500000,0.500000,900.0000,0.476830,96.524291,extrusion,563,7125
-726.4660,-201.1720,-507.4500,0.500000,-0.500000,-0.500000,0.500000,900.0000,0.000000,0.000000,travel,564,7127
-723.5410,-198.2470,-507.4500,0.500000,-0.500000,-0.500000,0.500000,900.0000,0.443650,96.525515,extrusion,565,7130
-715.0070,-198.2470,-507.4500,0.500000,-0.500000,-0.500000,0.500000,900.0000,0.915270,96.524842,extrusion,565,7131
-720.1950,-203.4350,-507.4500,0.500000,-0.500000,-0.500000,0.500000,900.0000,0.786890,96.525391,extrusion,565,7132
-711.6610,-203.4350,-507.4500,0.500000,-0.500000,-0.500000,0.500000,900.0000,0.915270,96.524842,extrusion,565,7133
-708.7350,-200.5090,-507.4500,0.500000,-0.500000,-0.500000,0.500000,900.0000,0.443800,96.525151,extrusion,565,7134
-725.9680,-203.8870,-507.0000,0.500000,-0.500000,-0.500000,0.500000,900.0000,0.000000,0.000000,travel,566,7140
-708.5540,-203.8870,-507.0000,0.500000,-0.500000,-0.500000,0.500000,900.0000,1.867650,96.524922,extrusion,567,7143
-708.5540,-200.8410,-507.0000,0.500000,-0.500000,-0.500000,0.500000,900.0000,0.326680,96.523966,extrusion,567,7144
-708.5540,-197.7940,-507.0000,0.500000,-0.500000,-0.500000,0.500000,900.0000,0.326790,96.524778,extrusion,567,7145
-726.6470,-197.7940,-507.0000,0.500000,-0.500000,-0.500000,0.500000,900.0000,1.940470,96.524789,extrusion,567,7146
-726.6470,-203.8870,-507.0000,0.500000,-0.500000,-0.500000,0.500000,900.0000,0.653470,96.524372,extrusion,567,7147
-725.9680,-203.8870,-507.0000,0.500000,-0.500000,-0.500000,0.500000,900.0000,0.072820,96.521355,extrusion,567,7148
-725.9680,-204.4910,-507.0000,0.500000,-0.500000,-0.500000,0.500000,900.0000,0.000000,0.000000,travel,568,7149
-707.9510,-204.4910,-507.0000,0.500000,-0.500000,-0.500000,0.500000,900.0000,1.932320,96.524838,extrusion,569,7151
-707.9510,-200.8410,-507.0000,0.500000,-0.500000,-0.500000,0.500000,900.0000,0.391460,96.524384,extrusion,569,7152
-707.9510,-197.1910,-507.0000,0.500000,-0.500000,-0.500000,0.500000,900.0000,0.391460,96.524384,extrusion,569,7153
-727.2510,-197.1910,-507.0000,0.500000,-0.500000,-0.500000,0.500000,900.0000,2.069920,96.524767,extrusion,569,7154
-727.2510,-204.4910,-507.0000,0.500000,-0.500000,-0.500000,0.500000,900.0000,0.782920,96.524384,extrusion,569,7155
-725.9680,-204.4910,-507.0000,0.500000,-0.500000,-0.500000,0.500000,900.0000,0.137600,96.523772,extrusion,569,7156
-723.2690,-203.7060,-507.0000,0.500000,-0.500000,-0.500000,0.500000,900.0000,0.000000,0.000000,travel,570,7158
-726.1950,-200.7800,-507.0000,0.500000,-0.500000,-0.500000,0.500000,900.0000,0.443800,96.525151,extrusion,571,7161
-726.1950,-198.2470,-507.0000,0.500000,-0.500000,-0.500000,0.500000,900.0000,0.271660,96.523490,extrusion,571,7162
-720.1950,-198.2470,-507.0000,0.500000,-0.500000,-0.500000,0.500000,900.0000,0.643500,96.525000,extrusion,571,7163
-715.0070,-203.4350,-507.0000,0.500000,-0.500000,-0.500000,0.500000,900.0000,0.786890,96.525391,extrusion,571,7164
-709.0070,-203.4350,-507.0000,0.500000,-0.500000,-0.500000,0.500000,900.0000,0.643500,96.525000,extrusion,571,7165
-709.0070,-200.9010,-507.0000,0.500000,-0.500000,-0.500000,0.500000,900.0000,0.271770,96.524467,extrusion,571,7166
-711.9330,-197.9750,-507.0000,0.500000,-0.500000,-0.500000,0.500000,900.0000,0.443800,96.525151,extrusion,571,7167
-713.4810,-203.8870,-506.5500,0.500000,-0.500000,-0.500000,0.500000,900.0000,0.000000,0.000000,travel,572,7173
-708.5540,-203.8870,-506.5500,0.500000,-0.500000,-0.500000,0.500000,900.0000,0.528420,96.524863,extrusion,573,7176
-708.5540,-200.8410,-506.5500,0.500000,-0.500000,-0.500000,0.500000,900.0000,0.326680,96.523966,extrusion,573,7177
-708.5540,-197.7940,-506.5500,0.500000,-0.500000,-0.500000,0.500000,900.0000,0.326790,96.524778,extrusion,573,7178
-726.6470,-197.7940,-506.5500,0.500000,-0.500000,-0.500000,0.500000,900.0000,1.940470,96.524789,extrusion,573,7179
-726.6470,-203.8870,-506.5500,0.500000,-0.500000,-0.500000,0.500000,900.0000,0.653470,96.524372,extrusion,573,7180
-713.4810,-203.8870,-506.5500,0.500000,-0.500000,-0.500000,0.500000,900.0000,1.412050,96.524761,extrusion,573,7181
-713.4810,-204.4910,-506.5500,0.500000,-0.500000,-0.500000,0.500000,900.0000,0.000000,0.000000,travel,574,7182
-707.9510,-204.4910,-506.5500,0.500000,-0.500000,-0.500000,0.500000,900.0000,0.593090,96.524593,extrusion,575,7184
-707.9510,-200.8410,-506.5500,0.500000,-0.500000,-0.500000,0.500000,900.0000,0.391460,96.524384,extrusion,575,7185
-707.9510,-197.1910,-506.5500,0.500000,-0.500000,-0.500000,0.500000,900.0000,0.391460,96.524384,extrusion,575,7186
-727.2510,-197.1910,-506.5500,0.500000,-0.500000,-0.500000,0.500000,900.0000,2.069920,96.524767,extrusion,575,7187
-727.2510,-204.4910,-506.5500,0.500000,-0.500000,-0.500000,0.500000,900.0000,0.782920,96.524384,extrusion,575,7188
-713.4810,-204.4910,-506.5500,0.500000,-0.500000,-0.500000,0.500000,900.0000,1.476830,96.524837,extrusion,575,7189
-708.7350,-200.5090,-506.5500,0.500000,-0.500000,-0.500000,0.500000,900.0000,0.000000,0.000000,travel,576,7191
-711.6610,-203.4350,-506.5500,0.500000,-0.500000,-0.500000,0.500000,900.0000,0.443800,96.525151,extrusion,577,7194
-720.1950,-203.4350,-506.5500,0.500000,-0.500000,-0.500000,0.500000,900.0000,0.915270,96.524842,extrusion,577,7195
-715.0070,-198.2470,-506.5500,0.500000,-0.500000,-0.500000,0.500000,900.0000,0.786890,96.525391,extrusion,577,7196
-723.5410,-198.2470,-506.5500,0.500000,-0.500000,-0.500000,0.500000,900.0000,0.915270,96.524842,extrusion,577,7197
-726.4660,-201.1720,-506.5500,0.500000,-0.500000,-0.500000,0.500000,900.0000,0.443650,96.525515,extrusion,577,7198
-715.2810,-203.8870,-506.1000,0.500000,-0.500000,-0.500000,0.500000,900.0000,0.000000,0.000000,travel,578,7204
-708.5540,-203.8870,-506.1000,0.500000,-0.500000,-0.500000,0.500000,900.0000,0.721470,96.524900,extrusion,579,7207
-708.5540,-200.8410,-506.1000,0.500000,-0.500000,-0.500000,0.500000,900.0000,0.326680,96.523966,extrusion,579,7208
-708.5540,-197.7940,-506.1000,0.500000,-0.500000,-0.500000,0.500000,900.0000,0.326790,96.524778,extrusion,579,7209
-726.6470,-197.7940,-506.1000,0.500000,-0.500000,-0.500000,0.500000,900.0000,1.940470,96.524789,extrusion,579,7210
-726.6470,-203.8870,-506.1000,0.500000,-0.500000,-0.500000,0.500000,900.0000,0.653470,96.524372,extrusion,579,7211
-715.2810,-203.8870,-506.1000,0.500000,-0.500000,-0.500000,0.500000,900.0000,1.219000,96.524723,extrusion,579,7212
-715.2810,-204.4910,-506.1000,0.500000,-0.500000,-0.500000,0.500000,900.0000,0.000000,0.000000,travel,580,7213
-707.9510,-204.4910,-506.1000,0.500000,-0.500000,-0.500000,0.500000,900.0000,0.786140,96.524693,extrusion,581,7215
-707.9510,-200.8410,-506.1000,0.500000,-0.500000,-0.500000,0.500000,900.0000,0.391460,96.524384,extrusion,581,7216
-707.9510,-197.1910,-506.1000,0.500000,-0.500000,-0.500000,0.500000,900.0000,0.391460,96.524384,extrusion,581,7217
-727.2510,-197.1910,-506.1000,0.500000,-0.500000,-0.500000,0.500000,900.0000,2.069920,96.524767,extrusion,581,7218
-727.2510,-204.4910,-506.1000,0.500000,-0.500000,-0.500000,0.500000,900.0000,0.782920,96.524384,extrusion,581,7219
-715.2810,-204.4910,-506.1000,0.500000,-0.500000,-0.500000,0.500000,900.0000,1.283780,96.524812,extrusion,581,7220
-711.9330,-197.9750,-506.1000,0.500000,-0.500000,-0.500000,0.500000,900.0000,0.000000,0.000000,travel,582,7222
-709.0070,-200.9010,-506.1000,0.500000,-0.500000,-0.500000,0.500000,900.0000,0.443800,96.525151,extrusion,583,7225
-709.0070,-203.4350,-506.1000,0.500000,-0.500000,-0.500000,0.500000,900.0000,0.271770,96.524467,extrusion,583,7226
-715.0070,-203.4350,-506.1000,0.500000,-0.500000,-0.500000,0.500000,900.0000,0.643500,96.525000,extrusion,583,7227
-720.1950,-198.2470,-506.1000,0.500000,-0.500000,-0.500000,0.500000,900.0000,0.786890,96.525391,extrusion,583,7228
-726.1950,-198.2470,-506.1000,0.500000,-0.500000,-0.500000,0.500000,900.0000,0.643500,96.525000,extrusion,583,7229
-726.1950,-200.7800,-506.1000,0.500000,-0.500000,-0.500000,0.500000,900.0000,0.271660,96.523490,extrusion,583,7230
-723.2690,-203.7060,-506.1000,0.500000,-0.500000,-0.500000,0.500000,900.0000,0.443800,96.525151,extrusion,583,7231
-714.2090,-203.8870,-505.6500,0.500000,-0.500000,-0.500000,0.500000,900.0000,0.000000,0.000000,travel,584,7237
-708.5540,-203.8870,-505.6500,0.500000,-0.500000,-0.500000,0.500000,900.0000,0.606500,96.525199,extrusion,585,7240
-708.5540,-200.8410,-505.6500,0.500000,-0.500000,-0.500000,0.500000,900.0000,0.326680,96.523966,extrusion,585,7241
-708.5540,-197.7940,-505.6500,0.500000,-0.500000,-0.500000,0.500000,900.0000,0.326790,96.524778,extrusion,585,7242
-726.6470,-197.7940,-505.6500,0.500000,-0.500000,-0.500000,0.500000,900.0000,1.940470,96.524789,extrusion,585,7243
-726.6470,-203.8870,-505.6500,0.500000,-0.500000,-0.500000,0.500000,900.0000,0.653470,96.524372,extrusion,585,7244
-714.2090,-203.8870,-505.6500,0.500000,-0.500000,-0.500000,0.500000,900.0000,1.333970,96.524602,extrusion,585,7245
-714.2090,-204.4910,-505.6500,0.500000,-0.500000,-0.500000,0.500000,900.0000,0.000000,0.000000,travel,586,7246
-707.9510,-204.4910,-505.6500,0.500000,-0.500000,-0.500000,0.500000,900.0000,0.671170,96.524928,extrusion,587,7248
-707.9510,-200.8410,-505.6500,0.500000,-0.500000,-0.500000,0.500000,900.0000,0.391460,96.524384,extrusion,587,7249
-707.9510,-197.1910,-505.6500,0.500000,-0.500000,-0.500000,0.500000,900.0000,0.391460,96.524384,extrusion,587,7250
-727.2510,-197.1910,-505.6500,0.500000,-0.500000,-0.500000,0.500000,900.0000,2.069920,96.524767,extrusion,587,7251
-727.2510,-204.4910,-505.6500,0.500000,-0.500000,-0.500000,0.500000,900.0000,0.782920,96.524384,extrusion,587,7252
-714.2090,-204.4910,-505.6500,0.500000,-0.500000,-0.500000,0.500000,900.0000,1.398750,96.524689,extrusion,587,7253
-708.7350,-200.5090,-505.6500,0.500000,-0.500000,-0.500000,0.500000,900.0000,0.000000,0.000000,travel,588,7255
-711.6610,-203.4350,-505.6500,0.500000,-0.500000,-0.500000,0.500000,900.0000,0.443800,96.525151,extrusion,589,7258
-720.1950,-203.4350,-505.6500,0.500000,-0.500000,-0.500000,0.500000,900.0000,0.915270,96.524842,extrusion,589,7259
-715.0070,-198.2470,-505.6500,0.500000,-0.500000,-0.500000,0.500000,900.0000,0.786890,96.525391,extrusion,589,7260
-723.5410,-198.2470,-505.6500,0.500000,-0.500000,-0.500000,0.500000,900.0000,0.915270,96.524842,extrusion,589,7261
-726.4660,-201.1720,-505.6500,0.500000,-0.500000,-0.500000,0.500000,900.0000,0.443650,96.525515,extrusion,589,7262
-711.3870,-197.7940,-505.2000,0.500000,-0.500000,-0.500000,0.500000,900.0000,0.000000,0.000000,travel,590,7268
-726.6470,-197.7940,-505.2000,0.500000,-0.500000,-0.500000,0.500000,900.0000,1.636630,96.524705,extrusion,591,7271
-726.6470,-203.8870,-505.2000,0.500000,-0.500000,-0.500000,0.500000,900.0000,0.653470,96.524372,extrusion,591,7272
-708.5540,-203.8870,-505.2000,0.500000,-0.500000,-0.500000,0.500000,900.0000,1.940470,96.524789,extrusion,591,7273
-708.5540,-200.8410,-505.2000,0.500000,-0.500000,-0.500000,0.500000,900.0000,0.326680,96.523966,extrusion,591,7274
-708.5540,-197.7940,-505.2000,0.500000,-0.500000,-0.500000,0.500000,900.0000,0.326790,96.524778,extrusion,591,7275
-711.3870,-197.7940,-505.2000,0.500000,-0.500000,-0.500000,0.500000,900.0000,0.303840,96.525238,extrusion,591,7276
-711.3870,-197.1910,-505.2000,0.500000,-0.500000,-0.500000,0.500000,900.0000,0.000000,0.000000,travel,592,7277
-727.2510,-197.1910,-505.2000,0.500000,-0.500000,-0.500000,0.500000,900.0000,1.701410,96.524773,extrusion,593,7279
-727.2510,-204.4910,-505.2000,0.500000,-0.500000,-0.500000,0.500000,900.0000,0.782920,96.524384,extrusion,593,7280
-707.9510,-204.4910,-505.2000,0.500000,-0.500000,-0.500000,0.500000,900.0000,2.069920,96.524767,extrusion,593,7281
-707.9510,-200.8410,-505.2000,0.500000,-0.500000,-0.500000,0.500000,900.0000,0.391460,96.524384,extrusion,593,7282
-707.9510,-197.1910,-505.2000,0.500000,-0.500000,-0.500000,0.500000,900.0000,0.391460,96.524384,extrusion,593,7283
-711.3870,-197.1910,-505.2000,0.500000,-0.500000,-0.500000,0.500000,900.0000,0.368510,96.524738,extrusion,593,7284
-711.9330,-197.9750,-505.2000,0.500000,-0.500000,-0.500000,0.500000,900.0000,0.000000,0.000000,travel,594,7285
-709.0070,-200.9010,-505.2000,0.500000,-0.500000,-0.500000,0.500000,900.0000,0.443800,96.525151,extrusion,595,7288
-709.0070,-203.4350,-505.2000,0.500000,-0.500000,-0.500000,0.500000,900.0000,0.271770,96.524467,extrusion,595,7289
-715.0070,-203.4350,-505.2000,0.500000,-0.500000,-0.500000,0.500000,900.0000,0.643500,96.525000,extrusion,595,7290
-720.1950,-198.2470,-505.2000,0.500000,-0.500000,-0.500000,0.500000,900.0000,0.786890,96.525391,extrusion,595,7291
-726.1950,-198.2470,-505.2000,0.500000,-0.500000,-0.500000,0.500000,900.0000,0.643500,96.525000,extrusion,595,7292
-726.1950,-200.7800,-505.2000,0.500000,-0.500000,-0.500000,0.500000,900.0000,0.271660,96.523490,extrusion,595,7293
-723.2690,-203.7060,-505.2000,0.500000,-0.500000,-0.500000,0.500000,900.0000,0.443800,96.525151,extrusion,595,7294
-726.6470,-201.3350,-504.7500,0.500000,-0.500000,-0.500000,0.500000,900.0000,0.000000,0.000000,travel,596,7300
-726.6470,-203.8870,-504.7500,0.500000,-0.500000,-0.500000,0.500000,900.0000,0.273700,96.524295,extrusion,597,7303
-708.5540,-203.8870,-504.7500,0.500000,-0.500000,-0.500000,0.500000,900.0000,1.940470,96.524789,extrusion,597,7304
-708.5540,-200.8410,-504.7500,0.500000,-0.500000,-0.500000,0.500000,900.0000,0.326680,96.523966,extrusion,597,7305
-708.5540,-197.7940,-504.7500,0.500000,-0.500000,-0.500000,0.500000,900.0000,0.326790,96.524778,extrusion,597,7306
-726.6470,-197.7940,-504.7500,0.500000,-0.500000,-0.500000,0.500000,900.0000,1.940470,96.524789,extrusion,597,7307
-726.6470,-201.3350,-504.7500,0.500000,-0.500000,-0.500000,0.500000,900.0000,0.379770,96.524428,extrusion,597,7308
-727.2510,-201.3350,-504.7500,0.500000,-0.500000,-0.500000,0.500000,900.0000,0.000000,0.000000,travel,598,7309
-727.2510,-204.4910,-504.7500,0.500000,-0.500000,-0.500000,0.500000,900.0000,0.338480,96.524715,extrusion,599,7311
-707.9510,-204.4910,-504.7500,0.500000,-0.500000,-0.500000,0.500000,900.0000,2.069920,96.524767,extrusion,599,7312
-707.9510,-200.8410,-504.7500,0.500000,-0.500000,-0.500000,0.500000,900.0000,0.391460,96.524384,extrusion,599,7313
-707.9510,-197.1910,-504.7500,0.500000,-0.500000,-0.500000,0.500000,900.0000,0.391460,96.524384,extrusion,599,7314
-727.2510,-197.1910,-504.7500,0.500000,-0.500000,-0.500000,0.500000,900.0000,2.069920,96.524767,extrusion,599,7315
-727.2510,-201.3350,-504.7500,0.500000,-0.500000,-0.500000,0.500000,900.0000,0.444440,96.524131,extrusion,599,7316
-726.4660,-201.1720,-504.7500,0.500000,-0.500000,-0.500000,0.500000,900.0000,0.000000,0.000000,travel,600,7317
-723.5410,-198.2470,-504.7500,0.500000,-0.500000,-0.500000,0.500000,900.0000,0.443650,96.525515,extrusion,601,7320
-715.0070,-198.2470,-504.7500,0.500000,-0.500000,-0.500000,0.500000,900.0000,0.915270,96.524842,extrusion,601,7321
-720.1950,-203.4350,-504.7500,0.500000,-0.500000,-0.500000,0.500000,900.0000,0.786890,96.525391,extrusion,601,7322
-711.6610,-203.4350,-504.7500,0.500000,-0.500000,-0.500000,0.500000,900.0000,0.915270,96.524842,extrusion,601,7323
-708.7350,-200.5090,-504.7500,0.500000,-0.500000,-0.500000,0.500000,900.0000,0.443800,96.525151,extrusion,601,7324
-723.2450,-203.8870,-504.3000,0.500000,-0.500000,-0.500000,0.500000,900.0000,0.000000,0.000000,travel,602,7330
-708.5540,-203.8870,-504.3000,0.500000,-0.500000,-0.500000,0.500000,900.0000,1.575610,96.525015,extrusion,603,7333
-708.5540,-200.8410,-504.3000,0.500000,-0.500000,-0.500000,0.500000,900.0000,0.326680,96.523966,extrusion,603,7334
-708.5540,-197.7940,-504.3000,0.500000,-0.500000,-0.500000,0.500000,900.0000,0.326790,96.524778,extrusion,603,7335
-726.6470,-197.7940,-504.3000,0.500000,-0.500000,-0.500000,0.500000,900.0000,1.940470,96.524789,extrusion,603,7336
-726.6470,-203.8870,-504.3000,0.500000,-0.500000,-0.500000,0.500000,900.0000,0.653470,96.524372,extrusion,603,7337
-723.2450,-203.8870,-504.3000,0.500000,-0.500000,-0.500000,0.500000,900.0000,0.364860,96.523810,extrusion,603,7338
-723.2450,-204.4910,-504.3000,0.500000,-0.500000,-0.500000,0.500000,900.0000,0.000000,0.000000,travel,604,7339
-707.9510,-204.4910,-504.3000,0.500000,-0.500000,-0.500000,0.500000,900.0000,1.640280,96.524912,extrusion,605,7341
-707.9510,-200.8410,-504.3000,0.500000,-0.500000,-0.500000,0.500000,900.0000,0.391460,96.524384,extrusion,605,7342
-707.9510,-197.1910,-504.3000,0.500000,-0.500000,-0.500000,0.500000,900.0000,0.391460,96.524384,extrusion,605,7343
-727.2510,-197.1910,-504.3000,0.500000,-0.500000,-0.500000,0.500000,900.0000,2.069920,96.524767,extrusion,605,7344
-727.2510,-204.4910,-504.3000,0.500000,-0.500000,-0.500000,0.500000,900.0000,0.782920,96.524384,extrusion,605,7345
-723.2450,-204.4910,-504.3000,0.500000,-0.500000,-0.500000,0.500000,900.0000,0.429640,96.524214,extrusion,605,7346
-723.2690,-203.7060,-504.3000,0.500000,-0.500000,-0.500000,0.500000,900.0000,0.000000,0.000000,travel,606,7347
-726.1950,-200.7800,-504.3000,0.500000,-0.500000,-0.500000,0.500000,900.0000,0.443800,96.525151,extrusion,607,7350
-726.1950,-198.2470,-504.3000,0.500000,-0.500000,-0.500000,0.500000,900.0000,0.271660,96.523490,extrusion,607,7351
-720.1950,-198.2470,-504.3000,0.500000,-0.500000,-0.500000,0.500000,900.0000,0.643500,96.525000,extrusion,607,7352
-715.0070,-203.4350,-504.3000,0.500000,-0.500000,-0.500000,0.500000,900.0000,0.786890,96.525391,extrusion,607,7353
-709.0070,-203.4350,-504.3000,0.500000,-0.500000,-0.500000,0.500000,900.0000,0.643500,96.525000,extrusion,607,7354
-709.0070,-200.9010,-504.3000,0.500000,-0.500000,-0.500000,0.500000,900.0000,0.271770,96.524467,extrusion,607,7355
-711.9330,-197.9750,-504.3000,0.500000,-0.500000,-0.500000,0.500000,900.0000,0.443800,96.525151,extrusion,607,7356
-718.4610,-203.8870,-503.8500,0.500000,-0.500000,-0.500000,0.500000,900.0000,0.000000,0.000000,travel,608,7362
-708.5540,-203.8870,-503.8500,0.500000,-0.500000,-0.500000,0.500000,900.0000,1.062520,96.524478,extrusion,609,7365
-708.5540,-200.8410,-503.8500,0.500000,-0.500000,-0.500000,0.500000,900.0000,0.326680,96.523966,extrusion,609,7366
-708.5540,-197.7940,-503.8500,0.500000,-0.500000,-0.500000,0.500000,900.0000,0.326790,96.524778,extrusion,609,7367
-726.6470,-197.7940,-503.8500,0.500000,-0.500000,-0.500000,0.500000,900.0000,1.940470,96.524789,extrusion,609,7368
-726.6470,-203.8870,-503.8500,0.500000,-0.500000,-0.500000,0.500000,900.0000,0.653470,96.524372,extrusion,609,7369
-718.4610,-203.8870,-503.8500,0.500000,-0.500000,-0.500000,0.500000,900.0000,0.877950,96.525165,extrusion,609,7370
-718.4610,-204.4910,-503.8500,0.500000,-0.500000,-0.500000,0.500000,900.0000,0.000000,0.000000,travel,610,7371
-707.9510,-204.4910,-503.8500,0.500000,-0.500000,-0.500000,0.500000,900.0000,1.127190,96.524358,extrusion,611,7373
-707.9510,-200.8410,-503.8500,0.500000,-0.500000,-0.500000,0.500000,900.0000,0.391460,96.524384,extrusion,611,7374
-707.9510,-197.1910,-503.8500,0.500000,-0.500000,-0.500000,0.500000,900.0000,0.391460,96.524384,extrusion,611,7375
-727.2510,-197.1910,-503.8500,0.500000,-0.500000,-0.500000,0.500000,900.0000,2.069920,96.524767,extrusion,611,7376
-727.2510,-204.4910,-503.8500,0.500000,-0.500000,-0.500000,0.500000,900.0000,0.782920,96.524384,extrusion,611,7377
-718.4610,-204.4910,-503.8500,0.500000,-0.500000,-0.500000,0.500000,900.0000,0.942730,96.525256,extrusion,611,7378
-726.4660,-201.1720,-503.8500,0.500000,-0.500000,-0.500000,0.500000,900.0000,0.000000,0.000000,travel,612,7380
-723.5410,-198.2470,-503.8500,0.500000,-0.500000,-0.500000,0.500000,900.0000,0.443650,96.525515,extrusion,613,7383
-715.0070,-198.2470,-503.8500,0.500000,-0.500000,-0.500000,0.500000,900.0000,0.915270,96.524842,extrusion,613,7384
-720.1950,-203.4350,-503.8500,0.500000,-0.500000,-0.500000,0.500000,900.0000,0.786890,96.525391,extrusion,613,7385
-711.6610,-203.4350,-503.8500,0.500000,-0.500000,-0.500000,0.500000,900.0000,0.915270,96.524842,extrusion,613,7386
-708.7350,-200.5090,-503.8500,0.500000,-0.500000,-0.500000,0.500000,900.0000,0.443800,96.525151,extrusion,613,7387
-714.5680,-203.8870,-503.4000,0.500000,-0.500000,-0.500000,0.500000,900.0000,0.000000,0.000000,travel,614,7393
-708.5540,-203.8870,-503.4000,0.500000,-0.500000,-0.500000,0.500000,900.0000,0.645000,96.524776,extrusion,615,7396
-708.5540,-200.8410,-503.4000,0.500000,-0.500000,-0.500000,0.500000,900.0000,0.326680,96.523966,extrusion,615,7397
-708.5540,-197.7940,-503.4000,0.500000,-0.500000,-0.500000,0.500000,900.0000,0.326790,96.524778,extrusion,615,7398
-726.6470,-197.7940,-503.4000,0.500000,-0.500000,-0.500000,0.500000,900.0000,1.940470,96.524789,extrusion,615,7399
-726.6470,-203.8870,-503.4000,0.500000,-0.500000,-0.500000,0.500000,900.0000,0.653470,96.524372,extrusion,615,7400
-714.5680,-203.8870,-503.4000,0.500000,-0.500000,-0.500000,0.500000,900.0000,1.295470,96.524795,extrusion,615,7401
-714.5680,-204.4910,-503.4000,0.500000,-0.500000,-0.500000,0.500000,900.0000,0.000000,0.000000,travel,616,7402
-707.9510,-204.4910,-503.4000,0.500000,-0.500000,-0.500000,0.500000,900.0000,0.709670,96.524558,extrusion,617,7404
-707.9510,-200.8410,-503.4000,0.500000,-0.500000,-0.500000,0.500000,900.0000,0.391460,96.524384,extrusion,617,7405
-707.9510,-197.1910,-503.4000,0.500000,-0.500000,-0.500000,0.500000,900.0000,0.391460,96.524384,extrusion,617,7406
-727.2510,-197.1910,-503.4000,0.500000,-0.500000,-0.500000,0.500000,900.0000,2.069920,96.524767,extrusion,617,7407
-727.2510,-204.4910,-503.4000,0.500000,-0.500000,-0.500000,0.500000,900.0000,0.782920,96.524384,extrusion,617,7408
-714.5680,-204.4910,-503.4000,0.500000,-0.500000,-0.500000,0.500000,900.0000,1.360250,96.524876,extrusion,617,7409
-711.3290,-198.5780,-503.4000,0.500000,-0.500000,-0.500000,0.500000,900.0000,0.000000,0.000000,travel,618,7411
-709.0070,-200.9010,-503.4000,0.500000,-0.500000,-0.500000,0.500000,900.0000,0.352260,96.523955,extrusion,619,7414
-709.0070,-203.4350,-503.4000,0.500000,-0.500000,-0.500000,0.500000,900.0000,0.271770,96.524467,extrusion,619,7415
-711.9630,-203.4350,-503.4000,0.500000,-0.500000,-0.500000,0.500000,900.0000,0.317030,96.524696,extrusion,619,7416
-711.3590,-202.8310,-503.4000,0.500000,-0.500000,-0.500000,0.500000,900.0000,0.091610,96.523588,extrusion,619,7417
-715.6100,-202.8310,-503.4000,0.500000,-0.500000,-0.500000,0.500000,900.0000,0.455920,96.525053,extrusion,619,7418
-719.5910,-198.8500,-503.4000,0.500000,-0.500000,-0.500000,0.500000,900.0000,0.603810,96.524072,extrusion,619,7419
-723.3990,-198.8500,-503.4000,0.500000,-0.500000,-0.500000,0.500000,900.0000,0.408410,96.525473,extrusion,619,7420
-722.7950,-198.2470,-503.4000,0.500000,-0.500000,-0.500000,0.500000,900.0000,0.091540,96.529709,extrusion,619,7421
-726.1950,-198.2470,-503.4000,0.500000,-0.500000,-0.500000,0.500000,900.0000,0.364650,96.525000,extrusion,619,7422
-726.1950,-200.7800,-503.4000,0.500000,-0.500000,-0.500000,0.500000,900.0000,0.271660,96.523490,extrusion,619,7423
-723.8720,-203.1030,-503.4000,0.500000,-0.500000,-0.500000,0.500000,900.0000,0.352340,96.525098,extrusion,619,7424
-724.2950,-203.4350,-503.4000,0.500000,-0.500000,-0.500000,0.500000,900.0000,0.000000,0.000000,travel,620,7425
-712.8160,-203.4350,-503.4000,0.500000,-0.500000,-0.500000,0.500000,1500.0000,1.231100,160.872027,extrusion,621,7429
-721.9420,-198.2470,-503.4000,0.500000,-0.500000,-0.500000,0.500000,900.0000,0.000000,0.000000,travel,622,7432
-710.9160,-198.2470,-503.4000,0.500000,-0.500000,-0.500000,0.500000,1500.0000,1.182510,160.871123,extrusion,623,7435
-711.0090,-203.8870,-502.9500,0.500000,-0.500000,-0.500000,0.500000,900.0000,0.000000,0.000000,travel,624,7441
-708.5540,-203.8870,-502.9500,0.500000,-0.500000,-0.500000,0.500000,900.0000,0.263300,96.525458,extrusion,625,7444
-708.5540,-200.8410,-502.9500,0.500000,-0.500000,-0.500000,0.500000,900.0000,0.326680,96.523966,extrusion,625,7445
-708.5540,-197.7940,-502.9500,0.500000,-0.500000,-0.500000,0.500000,900.0000,0.326790,96.524778,extrusion,625,7446
-726.6470,-197.7940,-502.9500,0.500000,-0.500000,-0.500000,0.500000,900.0000,1.940470,96.524789,extrusion,625,7447
-726.6470,-203.8870,-502.9500,0.500000,-0.500000,-0.500000,0.500000,900.0000,0.653470,96.524372,extrusion,625,7448
-711.0090,-203.8870,-502.9500,0.500000,-0.500000,-0.500000,0.500000,900.0000,1.677170,96.524683,extrusion,625,7449
-711.0090,-204.4910,-502.9500,0.500000,-0.500000,-0.500000,0.500000,900.0000,0.000000,0.000000,travel,626,7450
-707.9510,-204.4910,-502.9500,0.500000,-0.500000,-0.500000,0.500000,900.0000,0.327970,96.524853,extrusion,627,7452
-707.9510,-200.8410,-502.9500,0.500000,-0.500000,-0.500000,0.500000,900.0000,0.391460,96.524384,extrusion,627,7453
-707.9510,-197.1910,-502.9500,0.500000,-0.500000,-0.500000,0.500000,900.0000,0.391460,96.524384,extrusion,627,7454
-727.2510,-197.1910,-502.9500,0.500000,-0.500000,-0.500000,0.500000,900.0000,2.069920,96.524767,extrusion,627,7455
-727.2510,-204.4910,-502.9500,0.500000,-0.500000,-0.500000,0.500000,900.0000,0.782920,96.524384,extrusion,627,7456
-711.0090,-204.4910,-502.9500,0.500000,-0.500000,-0.500000,0.500000,900.0000,1.741950,96.524751,extrusion,627,7457
-711.9330,-203.7060,-502.9500,0.500000,-0.500000,-0.500000,0.500000,900.0000,0.000000,0.000000,travel,628,7458
-708.7350,-200.5090,-502.9500,0.500000,-0.500000,-0.500000,0.500000,900.0000,0.484980,96.525216,extrusion,629,7461
-723.2690,-197.9750,-502.9500,0.500000,-0.500000,-0.500000,0.500000,900.0000,0.000000,0.000000,travel,630,7463
-726.4660,-201.1720,-502.9500,0.500000,-0.500000,-0.500000,0.500000,900.0000,0.484900,96.524389,extrusion,631,7464
-725.7130,-202.0650,-502.9500,0.500000,-0.500000,-0.500000,0.500000,900.0000,0.000000,0.000000,travel,632,7465
-721.9180,-198.2700,-502.9500,0.500000,-0.500000,-0.500000,0.500000,900.0000,0.640610,107.426010,extrusion,633,7470
-720.9700,-198.2700,-502.9500,0.500000,-0.500000,-0.500000,0.500000,900.0000,0.113160,107.430380,extrusion,633,7471
-725.0320,-202.3320,-502.9500,0.500000,-0.500000,-0.500000,0.500000,900.0000,0.685680,107.425918,extrusion,633,7472
-724.5580,-202.8060,-502.9500,0.500000,-0.500000,-0.500000,0.500000,900.0000,0.080010,107.422051,extrusion,633,7473
-720.0220,-198.2700,-502.9500,0.500000,-0.500000,-0.500000,0.500000,900.0000,0.765700,107.426917,extrusion,633,7474
-719.0740,-198.2700,-502.9500,0.500000,-0.500000,-0.500000,0.500000,900.0000,0.113160,107.430380,extrusion,633,7475
-724.2160,-203.4110,-502.9500,0.500000,-0.500000,-0.500000,0.500000,900.0000,0.867910,107.426731,extrusion,633,7476
-723.2680,-203.4110,-502.9500,0.500000,-0.500000,-0.500000,0.500000,900.0000,0.113160,107.430380,extrusion,633,7477
-718.1260,-198.2700,-502.9500,0.500000,-0.500000,-0.500000,0.500000,900.0000,0.867910,107.426731,extrusion,633,7478
-717.1780,-198.2700,-502.9500,0.500000,-0.500000,-0.500000,0.500000,900.0000,0.113160,107.430380,extrusion,633,7479
-722.3200,-203.4110,-502.9500,0.500000,-0.500000,-0.500000,0.500000,900.0000,0.867910,107.426731,extrusion,633,7480
-721.3720,-203.4110,-502.9500,0.500000,-0.500000,-0.500000,0.500000,900.0000,0.113160,107.430380,extrusion,633,7481
-716.2300,-198.2700,-502.9500,0.500000,-0.500000,-0.500000,0.500000,900.0000,0.867910,107.426731,extrusion,633,7482
-715.2820,-198.2700,-502.9500,0.500000,-0.500000,-0.500000,0.500000,900.0000,0.113160,107.430380,extrusion,633,7483
-720.4240,-203.4110,-502.9500,0.500000,-0.500000,-0.500000,0.500000,900.0000,0.867910,107.426731,extrusion,633,7484
-719.4760,-203.4110,-502.9500,0.500000,-0.500000,-0.500000,0.500000,900.0000,0.113160,107.430380,extrusion,633,7485
-714.3340,-198.2700,-502.9500,0.500000,-0.500000,-0.500000,0.500000,900.0000,0.867910,107.426731,extrusion,633,7486
-713.3860,-198.2700,-502.9500,0.500000,-0.500000,-0.500000,0.500000,900.0000,0.113160,107.430380,extrusion,633,7487
-718.5280,-203.4110,-502.9500,0.500000,-0.500000,-0.500000,0.500000,900.0000,0.867910,107.426731,extrusion,633,7488
-717.5800,-203.4110,-502.9500,0.500000,-0.500000,-0.500000,0.500000,900.0000,0.113160,107.430380,extrusion,633,7489
-712.4380,-198.2700,-502.9500,0.500000,-0.500000,-0.500000,0.500000,900.0000,0.867910,107.426731,extrusion,633,7490
-711.4900,-198.2700,-502.9500,0.500000,-0.500000,-0.500000,0.500000,900.0000,0.113160,107.430380,extrusion,633,7491
-716.6320,-203.4110,-502.9500,0.500000,-0.500000,-0.500000,0.500000,900.0000,0.867910,107.426731,extrusion,633,7492
-715.6840,-203.4110,-502.9500,0.500000,-0.500000,-0.500000,0.500000,900.0000,0.113160,107.430380,extrusion,633,7493
-710.8960,-198.6230,-502.9500,0.500000,-0.500000,-0.500000,0.500000,900.0000,0.808240,107.427065,extrusion,633,7494
-710.4220,-199.0970,-502.9500,0.500000,-0.500000,-0.500000,0.500000,900.0000,0.080010,107.422051,extrusion,633,7495
-714.7360,-203.4110,-502.9500,0.500000,-0.500000,-0.500000,0.500000,900.0000,0.728220,107.426141,extrusion,633,7496
-713.7880,-203.4110,-502.9500,0.500000,-0.500000,-0.500000,0.500000,900.0000,0.113160,107.430380,extrusion,633,7497
-709.9480,-199.5710,-502.9500,0.500000,-0.500000,-0.500000,0.500000,900.0000,0.648210,107.426645,extrusion,633,7498
-709.4740,-200.0450,-502.9500,0.500000,-0.500000,-0.500000,0.500000,900.0000,0.080010,107.422051,extrusion,633,7499
-713.1320,-203.7040,-502.9500,0.500000,-0.500000,-0.500000,0.500000,900.0000,0.617570,107.426305,extrusion,633,7500
-726.4700,-197.7940,-502.5000,0.500000,-0.500000,-0.500000,0.500000,900.0000,0.000000,0.000000,travel,634,7507
-726.6470,-197.7940,-502.5000,0.500000,-0.500000,-0.500000,0.500000,900.0000,0.018980,96.508475,extrusion,635,7510
-726.6470,-203.8870,-502.5000,0.500000,-0.500000,-0.500000,0.500000,900.0000,0.653470,96.524372,extrusion,635,7511
-708.5540,-203.8870,-502.5000,0.500000,-0.500000,-0.500000,0.500000,900.0000,1.940470,96.524789,extrusion,635,7512
-708.5540,-200.8410,-502.5000,0.500000,-0.500000,-0.500000,0.500000,900.0000,0.326680,96.523966,extrusion,635,7513
-708.5540,-197.7940,-502.5000,0.500000,-0.500000,-0.500000,0.500000,900.0000,0.326790,96.524778,extrusion,635,7514
-726.4700,-197.7940,-502.5000,0.500000,-0.500000,-0.500000,0.500000,900.0000,1.921490,96.524950,extrusion,635,7515
-727.2510,-197.2990,-502.5000,0.500000,-0.500000,-0.500000,0.500000,900.0000,0.000000,0.000000,travel,636,7516
-727.2510,-204.4910,-502.5000,0.500000,-0.500000,-0.500000,0.500000,900.0000,0.771340,96.524750,extrusion,637,7518
-707.9510,-204.4910,-502.5000,0.500000,-0.500000,-0.500000,0.500000,900.0000,2.069920,96.524767,extrusion,637,7519
-707.9510,-200.8410,-502.5000,0.500000,-0.500000,-0.500000,0.500000,900.0000,0.391460,96.524384,extrusion,637,7520
-707.9510,-197.1910,-502.5000,0.500000,-0.500000,-0.500000,0.500000,900.0000,0.391460,96.524384,extrusion,637,7521
-727.2510,-197.1910,-502.5000,0.500000,-0.500000,-0.500000,0.500000,900.0000,2.069920,96.524767,extrusion,637,7522
-727.2510,-197.2990,-502.5000,0.500000,-0.500000,-0.500000,0.500000,900.0000,0.011580,96.500000,extrusion,637,7523
-726.4660,-200.5090,-502.5000,0.500000,-0.500000,-0.500000,0.500000,900.0000,0.000000,0.000000,travel,638,7525
-723.2690,-203.7060,-502.5000,0.500000,-0.500000,-0.500000,0.500000,900.0000,0.484900,96.524389,extrusion,639,7528
-721.2050,-203.3860,-502.5000,0.500000,-0.500000,-0.500000,0.500000,900.0000,0.000000,0.000000,travel,640,7530
-721.2710,-203.4520,-502.5000,0.500000,-0.500000,-0.500000,0.500000,1500.0000,0.012440,199.918372,extrusion,641,7534
-721.3620,-203.4280,-502.5000,0.500000,-0.500000,-0.500000,0.500000,1500.0000,0.012540,199.869015,extrusion,641,7535
-721.3860,-203.3370,-502.5000,0.500000,-0.500000,-0.500000,0.500000,1500.0000,0.012540,199.869015,extrusion,641,7536
-721.3190,-203.2710,-502.5000,0.500000,-0.500000,-0.500000,0.500000,1500.0000,0.012530,199.845057,extrusion,641,7537
-721.2290,-203.2950,-502.5000,0.500000,-0.500000,-0.500000,0.500000,1500.0000,0.012410,199.849593,extrusion,641,7538
-721.3680,-202.3310,-502.5000,0.500000,-0.500000,-0.500000,0.500000,1500.0000,0.104460,160.877693,extrusion,641,7540
-720.2650,-203.4350,-502.5000,0.500000,-0.500000,-0.500000,0.500000,1500.0000,0.167370,160.872383,extrusion,641,7541
-720.1270,-203.5410,-502.5000,0.500000,-0.500000,-0.500000,0.500000,1500.0000,0.018660,160.851444,extrusion,641,7542
-719.9880,-203.6470,-502.5000,0.500000,-0.500000,-0.500000,0.500000,1500.0000,0.017300,148.450616,extrusion,641,7544
-720.0500,-203.6310,-502.5000,0.500000,-0.500000,-0.500000,0.500000,1500.0000,0.005800,135.871173,extrusion,641,7546
-720.0950,-203.6760,-502.5000,0.500000,-0.500000,-0.500000,0.500000,1500.0000,0.005770,136.000204,extrusion,641,7547
-720.0790,-203.7370,-502.5000,0.500000,-0.500000,-0.500000,0.500000,1500.0000,0.005720,136.053429,extrusion,641,7548
-720.0170,-203.7540,-502.5000,0.500000,-0.500000,-0.500000,0.500000,1500.0000,0.005830,136.027624,extrusion,641,7549
-719.9720,-203.7090,-502.5000,0.500000,-0.500000,-0.500000,0.500000,1500.0000,0.005770,136.000204,extrusion,641,7550
-719.4120,-203.4350,-502.5000,0.500000,-0.500000,-0.500000,0.500000,1500.0000,0.066860,160.865817,extrusion,641,7552
-721.3680,-201.4780,-502.5000,0.500000,-0.500000,-0.500000,0.500000,1500.0000,0.296750,160.874468,extrusion,641,7553
-721.3680,-200.6250,-502.5000,0.500000,-0.500000,-0.500000,0.500000,1500.0000,0.091480,160.867526,extrusion,641,7554
-718.5580,-203.4350,-502.5000,0.500000,-0.500000,-0.500000,0.500000,1500.0000,0.426200,160.873084,extrusion,641,7555
-717.7050,-203.4350,-502.5000,0.500000,-0.500000,-0.500000,0.500000,1500.0000,0.091480,160.867526,extrusion,641,7556
-721.3680,-199.7710,-502.5000,0.500000,-0.500000,-0.500000,0.500000,1500.0000,0.555660,160.875236,extrusion,641,7557
-721.3680,-198.9180,-502.5000,0.500000,-0.500000,-0.500000,0.500000,1500.0000,0.091480,160.867526,extrusion,641,7558
-716.8520,-203.4350,-502.5000,0.500000,-0.500000,-0.500000,0.500000,1500.0000,0.685040,160.875598,extrusion,641,7559
-715.9980,-203.4350,-502.5000,0.500000,-0.500000,-0.500000,0.500000,1500.0000,0.091590,160.872365,extrusion,641,7560
-721.1860,-198.2470,-502.5000,0.500000,-0.500000,-0.500000,0.500000,1500.0000,0.786880,160.873608,extrusion,641,7561
-721.3340,-198.1680,-502.5000,0.500000,-0.500000,-0.500000,0.500000,1500.0000,0.017990,160.850271,extrusion,641,7562
-721.4810,-198.0890,-502.5000,0.500000,-0.500000,-0.500000,0.500000,1500.0000,0.016510,148.397209,extrusion,641,7564
-721.5260,-198.1340,-502.5000,0.500000,-0.500000,-0.500000,0.500000,1500.0000,0.005770,136.000204,extrusion,641,7566
-721.5880,-198.1180,-502.5000,0.500000,-0.500000,-0.500000,0.500000,1500.0000,0.005800,135.871173,extrusion,641,7567
-721.6040,-198.0560,-502.5000,0.500000,-0.500000,-0.500000,0.500000,1500.0000,0.005800,135.871173,extrusion,641,7568
-721.5590,-198.0110,-502.5000,0.500000,-0.500000,-0.500000,0.500000,1500.0000,0.005770,136.000204,extrusion,641,7569
-721.4970,-198.0270,-502.5000,0.500000,-0.500000,-0.500000,0.500000,1500.0000,0.005800,135.871173,extrusion,641,7570
-720.3330,-198.2470,-502.5000,0.500000,-0.500000,-0.500000,0.500000,1500.0000,0.127050,160.876009,extrusion,641,7572
-715.1450,-203.4350,-502.5000,0.500000,-0.500000,-0.500000,0.500000,1500.0000,0.786880,160.873608,extrusion,641,7573
-714.2910,-203.4350,-502.5000,0.500000,-0.500000,-0.500000,0.500000,1500.0000,0.091590,160.872365,extrusion,641,7574
-719.4790,-198.2470,-502.5000,0.500000,-0.500000,-0.500000,0.500000,1500.0000,0.786880,160.873608,extrusion,641,7575
-718.6260,-198.2470,-502.5000,0.500000,-0.500000,-0.500000,0.500000,1500.0000,0.091480,160.867526,extrusion,641,7576
-713.8330,-203.0400,-502.5000,0.500000,-0.500000,-0.500000,0.500000,1500.0000,0.726970,160.873800,extrusion,641,7577
-713.7480,-203.2770,-502.5000,0.500000,-0.500000,-0.500000,0.500000,1500.0000,0.027000,160.853659,extrusion,641,7578
-713.6620,-203.5150,-502.5000,0.500000,-0.500000,-0.500000,0.500000,1500.0000,0.025040,148.422561,extrusion,641,7580
-713.7240,-203.4990,-502.5000,0.500000,-0.500000,-0.500000,0.500000,1500.0000,0.005800,135.871173,extrusion,641,7582
-713.7690,-203.5440,-502.5000,0.500000,-0.500000,-0.500000,0.500000,1500.0000,0.005770,136.000204,extrusion,641,7583
-713.7520,-203.6060,-502.5000,0.500000,-0.500000,-0.500000,0.500000,1500.0000,0.005830,136.027624,extrusion,641,7584
-713.6910,-203.6220,-502.5000,0.500000,-0.500000,-0.500000,0.500000,1500.0000,0.005720,136.053429,extrusion,641,7585
-713.6460,-203.5770,-502.5000,0.500000,-0.500000,-0.500000,0.500000,1500.0000,0.005770,136.000204,extrusion,641,7586
-713.8330,-202.1860,-502.5000,0.500000,-0.500000,-0.500000,0.500000,900.0000,0.000000,0.000000,travel,642,7588
-717.7730,-198.2470,-502.5000,0.500000,-0.500000,-0.500000,0.500000,1500.0000,0.597520,160.874644,extrusion,643,7591
-716.9190,-198.2470,-502.5000,0.500000,-0.500000,-0.500000,0.500000,1500.0000,0.091590,160.872365,extrusion,643,7592
-713.8330,-201.3330,-502.5000,0.500000,-0.500000,-0.500000,0.500000,1500.0000,0.468070,160.875958,extrusion,643,7593
-713.8330,-200.4790,-502.5000,0.500000,-0.500000,-0.500000,0.500000,1500.0000,0.091590,160.872365,extrusion,643,7594
-716.0660,-198.2470,-502.5000,0.500000,-0.500000,-0.500000,0.500000,1500.0000,0.338610,160.873519,extrusion,643,7595
-715.3990,-197.9440,-502.5000,0.500000,-0.500000,-0.500000,0.500000,1500.0000,0.078570,160.872949,extrusion,643,7596
-715.4610,-197.9270,-502.5000,0.500000,-0.500000,-0.500000,0.500000,1500.0000,0.005830,136.027624,extrusion,643,7598
-715.5060,-197.9730,-502.5000,0.500000,-0.500000,-0.500000,0.500000,1500.0000,0.005830,135.896164,extrusion,643,7599
-715.4890,-198.0340,-502.5000,0.500000,-0.500000,-0.500000,0.500000,1500.0000,0.005740,135.966202,extrusion,643,7600
-715.4280,-198.0510,-502.5000,0.500000,-0.500000,-0.500000,0.500000,1500.0000,0.005740,135.966202,extrusion,643,7601
-715.3830,-198.0060,-502.5000,0.500000,-0.500000,-0.500000,0.500000,1500.0000,0.005770,136.000204,extrusion,643,7602
-715.2980,-198.1260,-502.5000,0.500000,-0.500000,-0.500000,0.500000,1500.0000,0.014550,148.414453,extrusion,643,7604
-715.2130,-198.2470,-502.5000,0.500000,-0.500000,-0.500000,0.500000,1500.0000,0.015860,160.882857,extrusion,643,7606
-713.8330,-199.6260,-502.5000,0.500000,-0.500000,-0.500000,0.500000,1500.0000,0.209230,160.871267,extrusion,643,7607
-713.7590,-198.9510,-502.5000,0.500000,-0.500000,-0.500000,0.500000,1500.0000,0.072830,160.880548,extrusion,643,7608
-713.7590,-198.1730,-502.5000,0.500000,-0.500000,-0.500000,0.500000,1500.0000,0.063030,121.523136,extrusion,643,7610
-714.5370,-198.1730,-502.5000,0.500000,-0.500000,-0.500000,0.500000,1500.0000,0.063030,121.523136,extrusion,643,7611
-713.9730,-198.7380,-502.5000,0.500000,-0.500000,-0.500000,0.500000,1500.0000,0.064670,121.510835,extrusion,643,7612
-711.9330,-197.9750,-502.5000,0.500000,-0.500000,-0.500000,0.500000,900.0000,0.000000,0.000000,travel,644,7615
-708.7350,-201.1720,-502.5000,0.500000,-0.500000,-0.500000,0.500000,900.0000,0.484980,96.525216,extrusion,645,7618
-726.6470,-203.2830,-502.0500,0.500000,-0.500000,-0.500000,0.500000,900.0000,0.000000,0.000000,travel,646,7624
-726.6470,-203.8870,-502.0500,0.500000,-0.500000,-0.500000,0.500000,900.0000,0.064780,96.526490,extrusion,647,7627
-708.5540,-203.8870,-502.0500,0.500000,-0.500000,-0.500000,0.500000,900.0000,1.940470,96.524789,extrusion,647,7628
-708.5540,-200.8410,-502.0500,0.500000,-0.500000,-0.500000,0.500000,900.0000,0.326680,96.523966,extrusion,647,7629
-708.5540,-197.7940,-502.0500,0.500000,-0.500000,-0.500000,0.500000,900.0000,0.326790,96.524778,extrusion,647,7630
-726.6470,-197.7940,-502.0500,0.500000,-0.500000,-0.500000,0.500000,900.0000,1.940470,96.524789,extrusion,647,7631
-726.6470,-203.2830,-502.0500,0.500000,-0.500000,-0.500000,0.500000,900.0000,0.588690,96.524139,extrusion,647,7632
-727.2510,-203.2830,-502.0500,0.500000,-0.500000,-0.500000,0.500000,900.0000,0.000000,0.000000,travel,648,7633
-727.2510,-204.4910,-502.0500,0.500000,-0.500000,-0.500000,0.500000,900.0000,0.129560,96.526490,extrusion,649,7635
-707.9510,-204.4910,-502.0500,0.500000,-0.500000,-0.500000,0.500000,900.0000,2.069920,96.524767,extrusion,649,7636
-707.9510,-200.8410,-502.0500,0.500000,-0.500000,-0.500000,0.500000,900.0000,0.391460,96.524384,extrusion,649,7637
-707.9510,-197.1910,-502.0500,0.500000,-0.500000,-0.500000,0.500000,900.0000,0.391460,96.524384,extrusion,649,7638
-727.2510,-197.1910,-502.0500,0.500000,-0.500000,-0.500000,0.500000,900.0000,2.069920,96.524767,extrusion,649,7639
-727.2510,-203.2830,-502.0500,0.500000,-0.500000,-0.500000,0.500000,900.0000,0.653370,96.525443,extrusion,649,7640
-726.1460,-198.4100,-502.0500,0.500000,-0.500000,-0.500000,0.500000,900.0000,0.000000,0.000000,travel,650,7642
-726.2120,-198.3440,-502.0500,0.500000,-0.500000,-0.500000,0.500000,1500.0000,0.012440,199.918372,extrusion,651,7646
-726.1880,-198.2540,-502.0500,0.500000,-0.500000,-0.500000,0.500000,1500.0000,0.012410,199.849593,extrusion,651,7647
-726.0970,-198.2290,-502.0500,0.500000,-0.500000,-0.500000,0.500000,1500.0000,0.012580,199.954211,extrusion,651,7648
-726.0310,-198.2960,-502.0500,0.500000,-0.500000,-0.500000,0.500000,1500.0000,0.012530,199.845057,extrusion,651,7649
-726.0550,-198.3860,-502.0500,0.500000,-0.500000,-0.500000,0.500000,1500.0000,0.012410,199.849593,extrusion,651,7650
-724.8760,-198.0510,-502.0500,0.500000,-0.500000,-0.500000,0.500000,900.0000,0.000000,0.000000,travel,652,7652
-724.9210,-198.0060,-502.0500,0.500000,-0.500000,-0.500000,0.500000,1500.0000,0.005770,136.000204,extrusion,653,7655
-724.9050,-197.9440,-502.0500,0.500000,-0.500000,-0.500000,0.500000,1500.0000,0.005800,135.871173,extrusion,653,7656
-724.8430,-197.9270,-502.0500,0.500000,-0.500000,-0.500000,0.500000,1500.0000,0.005830,136.027624,extrusion,653,7657
-724.7980,-197.9730,-502.0500,0.500000,-0.500000,-0.500000,0.500000,1500.0000,0.005830,135.896164,extrusion,653,7658
-724.8150,-198.0340,-502.0500,0.500000,-0.500000,-0.500000,0.500000,1500.0000,0.005740,135.966202,extrusion,653,7659
-724.9530,-198.1400,-502.0500,0.500000,-0.500000,-0.500000,0.500000,1500.0000,0.017220,148.438471,extrusion,653,7661
-725.0910,-198.2470,-502.0500,0.500000,-0.500000,-0.500000,0.500000,1500.0000,0.018730,160.889966,extrusion,653,7663
-726.1950,-199.3500,-502.0500,0.500000,-0.500000,-0.500000,0.500000,1500.0000,0.167370,160.872383,extrusion,653,7664
-726.3010,-199.4880,-502.0500,0.500000,-0.500000,-0.500000,0.500000,1500.0000,0.018660,160.851444,extrusion,653,7665
-726.4070,-199.6270,-502.0500,0.500000,-0.500000,-0.500000,0.500000,1500.0000,0.017300,148.450616,extrusion,653,7667
-726.3910,-199.5650,-502.0500,0.500000,-0.500000,-0.500000,0.500000,1500.0000,0.005800,135.871173,extrusion,653,7669
-726.4360,-199.5200,-502.0500,0.500000,-0.500000,-0.500000,0.500000,1500.0000,0.005770,136.000204,extrusion,653,7670
-726.4970,-199.5360,-502.0500,0.500000,-0.500000,-0.500000,0.500000,1500.0000,0.005720,136.053429,extrusion,653,7671
-726.5140,-199.5980,-502.0500,0.500000,-0.500000,-0.500000,0.500000,1500.0000,0.005830,136.027624,extrusion,653,7672
-726.4690,-199.6430,-502.0500,0.500000,-0.500000,-0.500000,0.500000,1500.0000,0.005770,136.000204,extrusion,653,7673
-726.1950,-200.2030,-502.0500,0.500000,-0.500000,-0.500000,0.500000,1500.0000,0.066860,160.865817,extrusion,653,7675
-724.2380,-198.2470,-502.0500,0.500000,-0.500000,-0.500000,0.500000,1500.0000,0.296750,160.874468,extrusion,653,7676
-723.3850,-198.2470,-502.0500,0.500000,-0.500000,-0.500000,0.500000,1500.0000,0.091480,160.867526,extrusion,653,7677
-726.1950,-201.0570,-502.0500,0.500000,-0.500000,-0.500000,0.500000,1500.0000,0.426200,160.873084,extrusion,653,7678
-726.1950,-201.9100,-502.0500,0.500000,-0.500000,-0.500000,0.500000,1500.0000,0.091480,160.867526,extrusion,653,7679
-722.5310,-198.2470,-502.0500,0.500000,-0.500000,-0.500000,0.500000,1500.0000,0.555660,160.875236,extrusion,653,7680
-721.7870,-198.1510,-502.0500,0.500000,-0.500000,-0.500000,0.500000,1500.0000,0.080460,160.883966,extrusion,653,7681
-721.7700,-198.0900,-502.0500,0.500000,-0.500000,-0.500000,0.500000,1500.0000,0.005740,135.966202,extrusion,653,7683
-721.8150,-198.0450,-502.0500,0.500000,-0.500000,-0.500000,0.500000,1500.0000,0.005770,136.000204,extrusion,653,7684
-721.8770,-198.0610,-502.0500,0.500000,-0.500000,-0.500000,0.500000,1500.0000,0.005800,135.871173,extrusion,653,7685
-721.8930,-198.1230,-502.0500,0.500000,-0.500000,-0.500000,0.500000,1500.0000,0.005800,135.871173,extrusion,653,7686
-721.8480,-198.1680,-502.0500,0.500000,-0.500000,-0.500000,0.500000,1500.0000,0.005770,136.000204,extrusion,653,7687
-721.9100,-198.3540,-502.0500,0.500000,-0.500000,-0.500000,0.500000,1500.0000,0.019400,148.423032,extrusion,653,7689
-721.9720,-198.5400,-502.0500,0.500000,-0.500000,-0.500000,0.500000,1500.0000,0.021030,160.893627,extrusion,653,7691
-726.1950,-202.7630,-502.0500,0.500000,-0.500000,-0.500000,0.500000,1500.0000,0.640520,160.874746,extrusion,653,7692
-726.3850,-203.6700,-502.0500,0.500000,-0.500000,-0.500000,0.500000,1500.0000,0.099390,160.879544,extrusion,653,7693
-726.4300,-203.6250,-502.0500,0.500000,-0.500000,-0.500000,0.500000,1500.0000,0.005770,136.000204,extrusion,653,7695
-726.4140,-203.5640,-502.0500,0.500000,-0.500000,-0.500000,0.500000,1500.0000,0.005720,136.053429,extrusion,653,7696
-726.3520,-203.5470,-502.0500,0.500000,-0.500000,-0.500000,0.500000,1500.0000,0.005830,136.027624,extrusion,653,7697
-726.3070,-203.5920,-502.0500,0.500000,-0.500000,-0.500000,0.500000,1500.0000,0.005770,136.000204,extrusion,653,7698
-726.3240,-203.6540,-502.0500,0.500000,-0.500000,-0.500000,0.500000,1500.0000,0.005830,136.027624,extrusion,653,7699
-726.1680,-203.5440,-502.0500,0.500000,-0.500000,-0.500000,0.500000,1500.0000,0.018890,148.442367,extrusion,653,7701
-726.0130,-203.4350,-502.0500,0.500000,-0.500000,-0.500000,0.500000,1500.0000,0.020320,160.853846,extrusion,653,7703
-721.9720,-199.3940,-502.0500,0.500000,-0.500000,-0.500000,0.500000,1500.0000,0.612910,160.873355,extrusion,653,7704
-721.9720,-200.2470,-502.0500,0.500000,-0.500000,-0.500000,0.500000,1500.0000,0.091480,160.867526,extrusion,653,7705
-725.1590,-203.4350,-502.0500,0.500000,-0.500000,-0.500000,0.500000,1500.0000,0.483460,160.874278,extrusion,653,7706
-724.3060,-203.4350,-502.0500,0.500000,-0.500000,-0.500000,0.500000,1500.0000,0.091480,160.867526,extrusion,653,7707
-721.9720,-201.1010,-502.0500,0.500000,-0.500000,-0.500000,0.500000,1500.0000,0.354010,160.875881,extrusion,653,7708
-721.9720,-201.9540,-502.0500,0.500000,-0.500000,-0.500000,0.500000,1500.0000,0.091480,160.867526,extrusion,653,7709
-723.4520,-203.4350,-502.0500,0.500000,-0.500000,-0.500000,0.500000,1500.0000,0.224550,160.872157,extrusion,653,7710
-723.5460,-203.5860,-502.0500,0.500000,-0.500000,-0.500000,0.500000,1500.0000,0.019080,160.905905,extrusion,653,7711
-723.6390,-203.7370,-502.0500,0.500000,-0.500000,-0.500000,0.500000,1500.0000,0.017550,148.442430,extrusion,653,7713
-723.6230,-203.6760,-502.0500,0.500000,-0.500000,-0.500000,0.500000,1500.0000,0.005720,136.053429,extrusion,653,7715
-723.6680,-203.6310,-502.0500,0.500000,-0.500000,-0.500000,0.500000,1500.0000,0.005770,136.000204,extrusion,653,7716
-723.7290,-203.6470,-502.0500,0.500000,-0.500000,-0.500000,0.500000,1500.0000,0.005720,136.053429,extrusion,653,7717
-723.7460,-203.7090,-502.0500,0.500000,-0.500000,-0.500000,0.500000,1500.0000,0.005830,136.027624,extrusion,653,7718
-723.7010,-203.7540,-502.0500,0.500000,-0.500000,-0.500000,0.500000,1500.0000,0.005770,136.000204,extrusion,653,7719
-722.7420,-203.4940,-502.0500,0.500000,-0.500000,-0.500000,0.500000,1500.0000,0.106570,160.881399,extrusion,653,7721
-721.9130,-203.4940,-502.0500,0.500000,-0.500000,-0.500000,0.500000,1500.0000,0.071520,129.408926,extrusion,653,7723
-721.9130,-202.6650,-502.0500,0.500000,-0.500000,-0.500000,0.500000,1500.0000,0.071520,129.408926,extrusion,653,7724
-722.5280,-203.2800,-502.0500,0.500000,-0.500000,-0.500000,0.500000,1500.0000,0.075040,129.417787,extrusion,653,7725
-714.8070,-203.7060,-502.0500,0.500000,-0.500000,-0.500000,0.500000,900.0000,0.000000,0.000000,travel,654,7728
-713.8330,-202.7320,-502.0500,0.500000,-0.500000,-0.500000,0.500000,900.0000,0.150720,98.478050,extrusion,655,7731
-713.8330,-201.8610,-502.0500,0.500000,-0.500000,-0.500000,0.500000,900.0000,0.095300,98.473020,extrusion,655,7732
-715.4060,-203.4350,-502.0500,0.500000,-0.500000,-0.500000,0.500000,900.0000,0.243490,98.478601,extrusion,655,7733
-716.2770,-203.4350,-502.0500,0.500000,-0.500000,-0.500000,0.500000,900.0000,0.095300,98.473020,extrusion,655,7734
-713.8330,-200.9910,-502.0500,0.500000,-0.500000,-0.500000,0.500000,900.0000,0.378190,98.477350,extrusion,655,7735
-713.8330,-200.1200,-502.0500,0.500000,-0.500000,-0.500000,0.500000,900.0000,0.095300,98.473020,extrusion,655,7736
-717.1480,-203.4350,-502.0500,0.500000,-0.500000,-0.500000,0.500000,900.0000,0.512970,98.477258,extrusion,655,7737
-718.0180,-203.4350,-502.0500,0.500000,-0.500000,-0.500000,0.500000,900.0000,0.095190,98.472414,extrusion,655,7738
-713.8330,-199.2490,-502.0500,0.500000,-0.500000,-0.500000,0.500000,900.0000,0.647670,98.476804,extrusion,655,7739
-713.8330,-198.3790,-502.0500,0.500000,-0.500000,-0.500000,0.500000,900.0000,0.095190,98.472414,extrusion,655,7740
-718.8890,-203.4350,-502.0500,0.500000,-0.500000,-0.500000,0.500000,900.0000,0.782370,98.476507,extrusion,655,7741
-719.7600,-203.4350,-502.0500,0.500000,-0.500000,-0.500000,0.500000,900.0000,0.095300,98.473020,extrusion,655,7742
-714.5720,-198.2470,-502.0500,0.500000,-0.500000,-0.500000,0.500000,900.0000,0.802800,98.477022,extrusion,655,7743
-715.4420,-198.2470,-502.0500,0.500000,-0.500000,-0.500000,0.500000,900.0000,0.095190,98.472414,extrusion,655,7744
-720.6300,-203.4350,-502.0500,0.500000,-0.500000,-0.500000,0.500000,900.0000,0.802800,98.477022,extrusion,655,7745
-721.3680,-203.4350,-502.0500,0.500000,-0.500000,-0.500000,0.500000,900.0000,0.080750,98.475610,extrusion,655,7746
-721.3680,-203.3020,-502.0500,0.500000,-0.500000,-0.500000,0.500000,900.0000,0.014550,98.458647,extrusion,655,7747
-716.3130,-198.2470,-502.0500,0.500000,-0.500000,-0.500000,0.500000,900.0000,0.782220,98.477104,extrusion,655,7748
-717.1830,-198.2470,-502.0500,0.500000,-0.500000,-0.500000,0.500000,900.0000,0.095190,98.472414,extrusion,655,7749
-721.3680,-202.4320,-502.0500,0.500000,-0.500000,-0.500000,0.500000,900.0000,0.647590,98.476404,extrusion,655,7750
-721.3680,-201.5610,-502.0500,0.500000,-0.500000,-0.500000,0.500000,900.0000,0.095300,98.473020,extrusion,655,7751
-718.0540,-198.2470,-502.0500,0.500000,-0.500000,-0.500000,0.500000,900.0000,0.512810,98.476248,extrusion,655,7752
-718.9250,-198.2470,-502.0500,0.500000,-0.500000,-0.500000,0.500000,900.0000,0.095300,98.473020,extrusion,655,7753
-721.3680,-200.6900,-502.0500,0.500000,-0.500000,-0.500000,0.500000,900.0000,0.378030,98.475980,extrusion,655,7754
-721.3680,-199.8200,-502.0500,0.500000,-0.500000,-0.500000,0.500000,900.0000,0.095190,98.472414,extrusion,655,7755
-719.7950,-198.2470,-502.0500,0.500000,-0.500000,-0.500000,0.500000,900.0000,0.243410,98.477543,extrusion,655,7756
-720.6660,-198.2470,-502.0500,0.500000,-0.500000,-0.500000,0.500000,900.0000,0.095300,98.473020,extrusion,655,7757
-721.6400,-199.2210,-502.0500,0.500000,-0.500000,-0.500000,0.500000,900.0000,0.150720,98.478050,extrusion,655,7758
-713.1810,-198.4100,-502.0500,0.500000,-0.500000,-0.500000,0.500000,900.0000,0.000000,0.000000,travel,656,7760
-713.2470,-198.3440,-502.0500,0.500000,-0.500000,-0.500000,0.500000,1500.0000,0.012440,199.918372,extrusion,657,7764
-713.2230,-198.2540,-502.0500,0.500000,-0.500000,-0.500000,0.500000,1500.0000,0.012410,199.849593,extrusion,657,7765
-713.1320,-198.2290,-502.0500,0.500000,-0.500000,-0.500000,0.500000,1500.0000,0.012580,199.954211,extrusion,657,7766
-713.0660,-198.2960,-502.0500,0.500000,-0.500000,-0.500000,0.500000,1500.0000,0.012530,199.845057,extrusion,657,7767
-713.0900,-198.3860,-502.0500,0.500000,-0.500000,-0.500000,0.500000,1500.0000,0.012410,199.849593,extrusion,657,7768
-713.2300,-199.3500,-502.0500,0.500000,-0.500000,-0.500000,0.500000,1500.0000,0.104470,160.869438,extrusion,657,7770
-712.0190,-198.1490,-502.0500,0.500000,-0.500000,-0.500000,0.500000,1500.0000,0.182920,160.874205,extrusion,657,7771
-711.9110,-198.0510,-502.0500,0.500000,-0.500000,-0.500000,0.500000,1500.0000,0.014430,148.420628,extrusion,657,7773
-711.9560,-198.0060,-502.0500,0.500000,-0.500000,-0.500000,0.500000,1500.0000,0.005770,136.000204,extrusion,657,7775
-711.9400,-197.9440,-502.0500,0.500000,-0.500000,-0.500000,0.500000,1500.0000,0.005800,135.871173,extrusion,657,7776
-711.8780,-197.9270,-502.0500,0.500000,-0.500000,-0.500000,0.500000,1500.0000,0.005830,136.027624,extrusion,657,7777
-711.8330,-197.9730,-502.0500,0.500000,-0.500000,-0.500000,0.500000,1500.0000,0.005830,135.896164,extrusion,657,7778
-711.8500,-198.0340,-502.0500,0.500000,-0.500000,-0.500000,0.500000,1500.0000,0.005740,135.966202,extrusion,657,7779
-711.2730,-198.2470,-502.0500,0.500000,-0.500000,-0.500000,0.500000,1500.0000,0.065960,160.862526,extrusion,657,7781
-713.2300,-200.2030,-502.0500,0.500000,-0.500000,-0.500000,0.500000,1500.0000,0.296750,160.874468,extrusion,657,7782
-713.2300,-201.0570,-502.0500,0.500000,-0.500000,-0.500000,0.500000,1500.0000,0.091590,160.872365,extrusion,657,7783
-710.4200,-198.2470,-502.0500,0.500000,-0.500000,-0.500000,0.500000,1500.0000,0.426200,160.873084,extrusion,657,7784
-709.5660,-198.2470,-502.0500,0.500000,-0.500000,-0.500000,0.500000,1500.0000,0.091590,160.872365,extrusion,657,7785
-713.2300,-201.9100,-502.0500,0.500000,-0.500000,-0.500000,0.500000,1500.0000,0.555660,160.875236,extrusion,657,7786
-713.2300,-202.7630,-502.0500,0.500000,-0.500000,-0.500000,0.500000,1500.0000,0.091480,160.867526,extrusion,657,7787
-709.0070,-198.5400,-502.0500,0.500000,-0.500000,-0.500000,0.500000,1500.0000,0.640520,160.874746,extrusion,657,7788
-708.9450,-198.3540,-502.0500,0.500000,-0.500000,-0.500000,0.500000,1500.0000,0.021030,160.893627,extrusion,657,7789
-708.8830,-198.1680,-502.0500,0.500000,-0.500000,-0.500000,0.500000,1500.0000,0.019400,148.423032,extrusion,657,7791
-708.9280,-198.1230,-502.0500,0.500000,-0.500000,-0.500000,0.500000,1500.0000,0.005770,136.000204,extrusion,657,7793
-708.9120,-198.0610,-502.0500,0.500000,-0.500000,-0.500000,0.500000,1500.0000,0.005800,135.871173,extrusion,657,7794
-708.8500,-198.0450,-502.0500,0.500000,-0.500000,-0.500000,0.500000,1500.0000,0.005800,135.871173,extrusion,657,7795
-708.8050,-198.0900,-502.0500,0.500000,-0.500000,-0.500000,0.500000,1500.0000,0.005770,136.000204,extrusion,657,7796
-708.8210,-198.1510,-502.0500,0.500000,-0.500000,-0.500000,0.500000,1500.0000,0.005720,136.053429,extrusion,657,7797
-709.0070,-199.3940,-502.0500,0.500000,-0.500000,-0.500000,0.500000,900.0000,0.000000,0.000000,travel,658,7799
-713.0480,-203.4350,-502.0500,0.500000,-0.500000,-0.500000,0.500000,1500.0000,0.612910,160.873355,extrusion,659,7802
-713.2030,-203.5440,-502.0500,0.500000,-0.500000,-0.500000,0.500000,1500.0000,0.020320,160.853846,extrusion,659,7803
-713.3590,-203.6540,-502.0500,0.500000,-0.500000,-0.500000,0.500000,1500.0000,0.018890,148.442367,extrusion,659,7805
-713.3420,-203.5920,-502.0500,0.500000,-0.500000,-0.500000,0.500000,1500.0000,0.005830,136.027624,extrusion,659,7807
-713.3870,-203.5470,-502.0500,0.500000,-0.500000,-0.500000,0.500000,1500.0000,0.005770,136.000204,extrusion,659,7808
-713.4490,-203.5640,-502.0500,0.500000,-0.500000,-0.500000,0.500000,1500.0000,0.005830,136.027624,extrusion,659,7809
-713.4650,-203.6250,-502.0500,0.500000,-0.500000,-0.500000,0.500000,1500.0000,0.005720,136.053429,extrusion,659,7810
-713.4200,-203.6700,-502.0500,0.500000,-0.500000,-0.500000,0.500000,1500.0000,0.005770,136.000204,extrusion,659,7811
-712.1940,-203.4350,-502.0500,0.500000,-0.500000,-0.500000,0.500000,900.0000,0.000000,0.000000,travel,660,7813
-709.0070,-200.2470,-502.0500,0.500000,-0.500000,-0.500000,0.500000,1500.0000,0.483460,160.874278,extrusion,661,7816
-709.0070,-201.1010,-502.0500,0.500000,-0.500000,-0.500000,0.500000,1500.0000,0.091590,160.872365,extrusion,661,7817
-711.3410,-203.4350,-502.0500,0.500000,-0.500000,-0.500000,0.500000,1500.0000,0.354010,160.875881,extrusion,661,7818
-710.7360,-203.7540,-502.0500,0.500000,-0.500000,-0.500000,0.500000,1500.0000,0.073350,160.867298,extrusion,661,7819
-710.7810,-203.7090,-502.0500,0.500000,-0.500000,-0.500000,0.500000,1500.0000,0.005770,136.000204,extrusion,661,7821
-710.7640,-203.6470,-502.0500,0.500000,-0.500000,-0.500000,0.500000,1500.0000,0.005830,136.027624,extrusion,661,7822
-710.7030,-203.6310,-502.0500,0.500000,-0.500000,-0.500000,0.500000,1500.0000,0.005720,136.053429,extrusion,661,7823
-710.6570,-203.6760,-502.0500,0.500000,-0.500000,-0.500000,0.500000,1500.0000,0.005830,135.896164,extrusion,661,7824
-710.6740,-203.7370,-502.0500,0.500000,-0.500000,-0.500000,0.500000,1500.0000,0.005740,135.966202,extrusion,661,7825
-710.5810,-203.5860,-502.0500,0.500000,-0.500000,-0.500000,0.500000,1500.0000,0.017550,148.442430,extrusion,661,7827
-710.4870,-203.4350,-502.0500,0.500000,-0.500000,-0.500000,0.500000,1500.0000,0.019080,160.905905,extrusion,661,7829
-709.0070,-201.9540,-502.0500,0.500000,-0.500000,-0.500000,0.500000,1500.0000,0.224550,160.872157,extrusion,661,7830
-708.8550,-201.8610,-502.0500,0.500000,-0.500000,-0.500000,0.500000,1500.0000,0.019110,160.864260,extrusion,661,7831
-708.7040,-201.7670,-502.0500,0.500000,-0.500000,-0.500000,0.500000,1500.0000,0.017600,148.424734,extrusion,661,7833
-708.6880,-201.7060,-502.0500,0.500000,-0.500000,-0.500000,0.500000,1500.0000,0.005720,136.053429,extrusion,661,7835
-708.7330,-201.6610,-502.0500,0.500000,-0.500000,-0.500000,0.500000,1500.0000,0.005770,136.000204,extrusion,661,7836
-708.7940,-201.6770,-502.0500,0.500000,-0.500000,-0.500000,0.500000,1500.0000,0.005720,136.053429,extrusion,661,7837
-708.8110,-201.7390,-502.0500,0.500000,-0.500000,-0.500000,0.500000,1500.0000,0.005830,136.027624,extrusion,661,7838
-708.7660,-201.7840,-502.0500,0.500000,-0.500000,-0.500000,0.500000,1500.0000,0.005770,136.000204,extrusion,661,7839
-709.5630,-203.2800,-502.0500,0.500000,-0.500000,-0.500000,0.500000,900.0000,0.000000,0.000000,travel,662,7841
-708.9480,-202.6650,-502.0500,0.500000,-0.500000,-0.500000,0.500000,1500.0000,0.075040,129.417787,extrusion,663,7844
-708.9480,-203.4940,-502.0500,0.500000,-0.500000,-0.500000,0.500000,1500.0000,0.071520,129.408926,extrusion,663,7845
-709.7760,-203.4940,-502.0500,0.500000,-0.500000,-0.500000,0.500000,1500.0000,0.071440,129.420290,extrusion,663,7846
-714.7800,-203.1620,-501.6000,0.500000,-0.500000,-0.500000,0.500000,900.0000,0.000000,0.000000,travel,664,7852
-714.7800,-203.8870,-501.6000,0.500000,-0.500000,-0.500000,0.500000,900.0000,0.077760,96.529655,extrusion,665,7855
-708.5540,-203.8870,-501.6000,0.500000,-0.500000,-0.500000,0.500000,900.0000,0.667740,96.525217,extrusion,665,7856
-708.5540,-200.8410,-501.6000,0.500000,-0.500000,-0.500000,0.500000,900.0000,0.326680,96.523966,extrusion,665,7857
-708.5540,-197.7940,-501.6000,0.500000,-0.500000,-0.500000,0.500000,900.0000,0.326790,96.524778,extrusion,665,7858
-714.7800,-197.7940,-501.6000,0.500000,-0.500000,-0.500000,0.500000,900.0000,0.667740,96.525217,extrusion,665,7859
-714.7800,-203.1620,-501.6000,0.500000,-0.500000,-0.500000,0.500000,900.0000,0.575720,96.525335,extrusion,665,7860
-715.3830,-203.1620,-501.6000,0.500000,-0.500000,-0.500000,0.500000,900.0000,0.000000,0.000000,travel,666,7861
-715.3830,-204.4910,-501.6000,0.500000,-0.500000,-0.500000,0.500000,900.0000,0.142530,96.521445,extrusion,667,7863
-707.9510,-204.4910,-501.6000,0.500000,-0.500000,-0.500000,0.500000,900.0000,0.797080,96.524758,extrusion,667,7864
-707.9510,-200.8410,-501.6000,0.500000,-0.500000,-0.500000,0.500000,900.0000,0.391460,96.524384,extrusion,667,7865
-707.9510,-197.1910,-501.6000,0.500000,-0.500000,-0.500000,0.500000,900.0000,0.391460,96.524384,extrusion,667,7866
-715.3830,-197.1910,-501.6000,0.500000,-0.500000,-0.500000,0.500000,900.0000,0.797080,96.524758,extrusion,667,7867
-715.3830,-203.1620,-501.6000,0.500000,-0.500000,-0.500000,0.500000,900.0000,0.640390,96.525038,extrusion,667,7868
-714.1630,-203.3860,-501.6000,0.500000,-0.500000,-0.500000,0.500000,900.0000,0.000000,0.000000,travel,668,7869
-714.2300,-203.4520,-501.6000,0.500000,-0.500000,-0.500000,0.500000,1500.0000,0.012530,199.845057,extrusion,669,7873
-714.3200,-203.4280,-501.6000,0.500000,-0.500000,-0.500000,0.500000,1500.0000,0.012410,199.849593,extrusion,669,7874
-714.3440,-203.3370,-501.6000,0.500000,-0.500000,-0.500000,0.500000,1500.0000,0.012540,199.869015,extrusion,669,7875
-714.2780,-203.2710,-501.6000,0.500000,-0.500000,-0.500000,0.500000,1500.0000,0.012440,199.918372,extrusion,669,7876
-714.1880,-203.2950,-501.6000,0.500000,-0.500000,-0.500000,0.500000,1500.0000,0.012410,199.849593,extrusion,669,7877
-713.2240,-203.4350,-501.6000,0.500000,-0.500000,-0.500000,0.500000,1500.0000,0.104470,160.869438,extrusion,669,7879
-714.4250,-202.2240,-501.6000,0.500000,-0.500000,-0.500000,0.500000,1500.0000,0.182920,160.874205,extrusion,669,7880
-714.5230,-202.1160,-501.6000,0.500000,-0.500000,-0.500000,0.500000,1500.0000,0.014430,148.420628,extrusion,669,7882
-714.5680,-202.1610,-501.6000,0.500000,-0.500000,-0.500000,0.500000,1500.0000,0.005770,136.000204,extrusion,669,7884
-714.6300,-202.1450,-501.6000,0.500000,-0.500000,-0.500000,0.500000,1500.0000,0.005800,135.871173,extrusion,669,7885
-714.6460,-202.0830,-501.6000,0.500000,-0.500000,-0.500000,0.500000,1500.0000,0.005800,135.871173,extrusion,669,7886
-714.6010,-202.0380,-501.6000,0.500000,-0.500000,-0.500000,0.500000,1500.0000,0.005770,136.000204,extrusion,669,7887
-714.5400,-202.0550,-501.6000,0.500000,-0.500000,-0.500000,0.500000,1500.0000,0.005740,135.966202,extrusion,669,7888
-714.3270,-201.4780,-501.6000,0.500000,-0.500000,-0.500000,0.500000,1500.0000,0.065960,160.862526,extrusion,669,7890
-712.3700,-203.4350,-501.6000,0.500000,-0.500000,-0.500000,0.500000,1500.0000,0.296830,160.876729,extrusion,669,7891
-711.5170,-203.4350,-501.6000,0.500000,-0.500000,-0.500000,0.500000,1500.0000,0.091480,160.867526,extrusion,669,7892
-714.3270,-200.6250,-501.6000,0.500000,-0.500000,-0.500000,0.500000,1500.0000,0.426200,160.873084,extrusion,669,7893
-714.3270,-199.7710,-501.6000,0.500000,-0.500000,-0.500000,0.500000,1500.0000,0.091590,160.872365,extrusion,669,7894
-710.6640,-203.4350,-501.6000,0.500000,-0.500000,-0.500000,0.500000,1500.0000,0.555660,160.875236,extrusion,669,7895
-709.8100,-203.4350,-501.6000,0.500000,-0.500000,-0.500000,0.500000,1500.0000,0.091590,160.872365,extrusion,669,7896
-714.3270,-198.9180,-501.6000,0.500000,-0.500000,-0.500000,0.500000,1500.0000,0.685110,160.874229,extrusion,669,7897
-714.4560,-198.0270,-501.6000,0.500000,-0.500000,-0.500000,0.500000,1500.0000,0.096560,160.881502,extrusion,669,7898
-714.5180,-198.0110,-501.6000,0.500000,-0.500000,-0.500000,0.500000,1500.0000,0.005800,135.871173,extrusion,669,7900
-714.5630,-198.0560,-501.6000,0.500000,-0.500000,-0.500000,0.500000,1500.0000,0.005770,136.000204,extrusion,669,7901
-714.5460,-198.1180,-501.6000,0.500000,-0.500000,-0.500000,0.500000,1500.0000,0.005830,136.027624,extrusion,669,7902
-714.4850,-198.1340,-501.6000,0.500000,-0.500000,-0.500000,0.500000,1500.0000,0.005720,136.053429,extrusion,669,7903
-714.4400,-198.0890,-501.6000,0.500000,-0.500000,-0.500000,0.500000,1500.0000,0.005770,136.000204,extrusion,669,7904
-714.2920,-198.1680,-501.6000,0.500000,-0.500000,-0.500000,0.500000,1500.0000,0.016600,148.422151,extrusion,669,7906
-714.1450,-198.2470,-501.6000,0.500000,-0.500000,-0.500000,0.500000,1500.0000,0.017900,160.890978,extrusion,669,7908
-709.0070,-203.3850,-501.6000,0.500000,-0.500000,-0.500000,0.500000,1500.0000,0.779300,160.874362,extrusion,669,7909
-709.0070,-202.5310,-501.6000,0.500000,-0.500000,-0.500000,0.500000,1500.0000,0.091590,160.872365,extrusion,669,7910
-713.2920,-198.2470,-501.6000,0.500000,-0.500000,-0.500000,0.500000,1500.0000,0.649850,160.875250,extrusion,669,7911
-712.4380,-198.2470,-501.6000,0.500000,-0.500000,-0.500000,0.500000,1500.0000,0.091590,160.872365,extrusion,669,7912
-709.0070,-201.6780,-501.6000,0.500000,-0.500000,-0.500000,0.500000,1500.0000,0.520390,160.873491,extrusion,669,7913
-709.0070,-200.8250,-501.6000,0.500000,-0.500000,-0.500000,0.500000,1500.0000,0.091480,160.867526,extrusion,669,7914
-711.5850,-198.2470,-501.6000,0.500000,-0.500000,-0.500000,0.500000,1500.0000,0.391020,160.876393,extrusion,669,7915
-710.9180,-197.9440,-501.6000,0.500000,-0.500000,-0.500000,0.500000,1500.0000,0.078570,160.872949,extrusion,669,7916
-710.9800,-197.9270,-501.6000,0.500000,-0.500000,-0.500000,0.500000,1500.0000,0.005830,136.027624,extrusion,669,7918
-711.0250,-197.9730,-501.6000,0.500000,-0.500000,-0.500000,0.500000,1500.0000,0.005830,135.896164,extrusion,669,7919
-711.0080,-198.0340,-501.6000,0.500000,-0.500000,-0.500000,0.500000,1500.0000,0.005740,135.966202,extrusion,669,7920
-710.9470,-198.0510,-501.6000,0.500000,-0.500000,-0.500000,0.500000,1500.0000,0.005740,135.966202,extrusion,669,7921
-710.9020,-198.0060,-501.6000,0.500000,-0.500000,-0.500000,0.500000,1500.0000,0.005770,136.000204,extrusion,669,7922
-710.8160,-198.1260,-501.6000,0.500000,-0.500000,-0.500000,0.500000,1500.0000,0.014610,148.440728,extrusion,669,7924
-710.7310,-198.2470,-501.6000,0.500000,-0.500000,-0.500000,0.500000,1500.0000,0.015860,160.882857,extrusion,669,7926
-709.0070,-199.9710,-501.6000,0.500000,-0.500000,-0.500000,0.500000,1500.0000,0.261490,160.877047,extrusion,669,7927
-708.9840,-199.1740,-501.6000,0.500000,-0.500000,-0.500000,0.500000,1500.0000,0.085510,160.867784,extrusion,669,7928
-708.9840,-198.2230,-501.6000,0.500000,-0.500000,-0.500000,0.500000,1500.0000,0.094130,148.470032,extrusion,669,7930
-709.9340,-198.2230,-501.6000,0.500000,-0.500000,-0.500000,0.500000,1500.0000,0.094030,148.468421,extrusion,669,7931
-709.1970,-198.9610,-501.6000,0.500000,-0.500000,-0.500000,0.500000,1500.0000,0.103240,148.478008,extrusion,669,7932
-721.5210,-203.8870,-501.6000,0.500000,-0.500000,-0.500000,0.500000,900.0000,0.000000,0.000000,travel,670,7935
-720.4220,-203.8870,-501.6000,0.500000,-0.500000,-0.500000,0.500000,900.0000,0.117870,96.526843,extrusion,671,7938
-720.4220,-200.8410,-501.6000,0.500000,-0.500000,-0.500000,0.500000,900.0000,0.326680,96.523966,extrusion,671,7939
-720.4220,-197.7940,-501.6000,0.500000,-0.500000,-0.500000,0.500000,900.0000,0.326790,96.524778,extrusion,671,7940
-726.6470,-197.7940,-501.6000,0.500000,-0.500000,-0.500000,0.500000,900.0000,0.667630,96.524819,extrusion,671,7941
-726.6470,-203.8870,-501.6000,0.500000,-0.500000,-0.500000,0.500000,900.0000,0.653470,96.524372,extrusion,671,7942
-721.5210,-203.8870,-501.6000,0.500000,-0.500000,-0.500000,0.500000,900.0000,0.549760,96.524385,extrusion,671,7943
-721.5210,-204.4910,-501.6000,0.500000,-0.500000,-0.500000,0.500000,900.0000,0.000000,0.000000,travel,672,7944
-719.8180,-204.4910,-501.6000,0.500000,-0.500000,-0.500000,0.500000,900.0000,0.182650,96.526718,extrusion,673,7946
-719.8180,-200.8410,-501.6000,0.500000,-0.500000,-0.500000,0.500000,900.0000,0.391460,96.524384,extrusion,673,7947
-719.8180,-197.1910,-501.6000,0.500000,-0.500000,-0.500000,0.500000,900.0000,0.391460,96.524384,extrusion,673,7948
-727.2510,-197.1910,-501.6000,0.500000,-0.500000,-0.500000,0.500000,900.0000,0.797190,96.525091,extrusion,673,7949
-727.2510,-204.4910,-501.6000,0.500000,-0.500000,-0.500000,0.500000,900.0000,0.782920,96.524384,extrusion,673,7950
-721.5210,-204.4910,-501.6000,0.500000,-0.500000,-0.500000,0.500000,900.0000,0.614540,96.524607,extrusion,673,7951
-726.0310,-203.3860,-501.6000,0.500000,-0.500000,-0.500000,0.500000,900.0000,0.000000,0.000000,travel,674,7953
-726.0970,-203.4520,-501.6000,0.500000,-0.500000,-0.500000,0.500000,1500.0000,0.012440,199.918372,extrusion,675,7957
-726.1880,-203.4280,-501.6000,0.500000,-0.500000,-0.500000,0.500000,1500.0000,0.012540,199.869015,extrusion,675,7958
-726.2120,-203.3370,-501.6000,0.500000,-0.500000,-0.500000,0.500000,1500.0000,0.012540,199.869015,extrusion,675,7959
-726.1460,-203.2710,-501.6000,0.500000,-0.500000,-0.500000,0.500000,1500.0000,0.012440,199.918372,extrusion,675,7960
-726.0550,-203.2950,-501.6000,0.500000,-0.500000,-0.500000,0.500000,1500.0000,0.012540,199.869015,extrusion,675,7961
-725.0910,-203.4350,-501.6000,0.500000,-0.500000,-0.500000,0.500000,1500.0000,0.104470,160.869438,extrusion,675,7963
-726.2930,-202.2240,-501.6000,0.500000,-0.500000,-0.500000,0.500000,1500.0000,0.183000,160.878128,extrusion,675,7964
-726.3910,-202.1160,-501.6000,0.500000,-0.500000,-0.500000,0.500000,1500.0000,0.014430,148.420628,extrusion,675,7966
-726.4360,-202.1610,-501.6000,0.500000,-0.500000,-0.500000,0.500000,1500.0000,0.005770,136.000204,extrusion,675,7968
-726.4970,-202.1450,-501.6000,0.500000,-0.500000,-0.500000,0.500000,1500.0000,0.005720,136.053429,extrusion,675,7969
-726.5140,-202.0830,-501.6000,0.500000,-0.500000,-0.500000,0.500000,1500.0000,0.005830,136.027624,extrusion,675,7970
-726.4690,-202.0380,-501.6000,0.500000,-0.500000,-0.500000,0.500000,1500.0000,0.005770,136.000204,extrusion,675,7971
-726.4070,-202.0550,-501.6000,0.500000,-0.500000,-0.500000,0.500000,1500.0000,0.005830,136.027624,extrusion,675,7972
-726.1950,-201.4780,-501.6000,0.500000,-0.500000,-0.500000,0.500000,1500.0000,0.065930,160.879758,extrusion,675,7974
-724.2380,-203.4350,-501.6000,0.500000,-0.500000,-0.500000,0.500000,1500.0000,0.296830,160.876729,extrusion,675,7975
-723.3850,-203.4350,-501.6000,0.500000,-0.500000,-0.500000,0.500000,1500.0000,0.091480,160.867526,extrusion,675,7976
-726.1950,-200.6250,-501.6000,0.500000,-0.500000,-0.500000,0.500000,1500.0000,0.426200,160.873084,extrusion,675,7977
-726.1950,-199.7710,-501.6000,0.500000,-0.500000,-0.500000,0.500000,1500.0000,0.091590,160.872365,extrusion,675,7978
-722.5310,-203.4350,-501.6000,0.500000,-0.500000,-0.500000,0.500000,1500.0000,0.555730,160.873547,extrusion,675,7979
-721.6780,-203.4350,-501.6000,0.500000,-0.500000,-0.500000,0.500000,1500.0000,0.091480,160.867526,extrusion,675,7980
-726.1950,-198.9180,-501.6000,0.500000,-0.500000,-0.500000,0.500000,1500.0000,0.685110,160.874229,extrusion,675,7981
-726.3240,-198.0270,-501.6000,0.500000,-0.500000,-0.500000,0.500000,1500.0000,0.096560,160.881502,extrusion,675,7982
-726.3850,-198.0110,-501.6000,0.500000,-0.500000,-0.500000,0.500000,1500.0000,0.005720,136.053429,extrusion,675,7984
-726.4300,-198.0560,-501.6000,0.500000,-0.500000,-0.500000,0.500000,1500.0000,0.005770,136.000204,extrusion,675,7985
-726.4140,-198.1180,-501.6000,0.500000,-0.500000,-0.500000,0.500000,1500.0000,0.005800,135.871173,extrusion,675,7986
-726.3520,-198.1340,-501.6000,0.500000,-0.500000,-0.500000,0.500000,1500.0000,0.005800,135.871173,extrusion,675,7987
-726.3070,-198.0890,-501.6000,0.500000,-0.500000,-0.500000,0.500000,1500.0000,0.005770,136.000204,extrusion,675,7988
-726.1600,-198.1680,-501.6000,0.500000,-0.500000,-0.500000,0.500000,1500.0000,0.016510,148.397209,extrusion,675,7990
-726.0130,-198.2470,-501.6000,0.500000,-0.500000,-0.500000,0.500000,1500.0000,0.017900,160.890978,extrusion,675,7992
-720.8740,-203.3850,-501.6000,0.500000,-0.500000,-0.500000,0.500000,1500.0000,0.779380,160.875221,extrusion,675,7993
-720.8740,-202.5310,-501.6000,0.500000,-0.500000,-0.500000,0.500000,1500.0000,0.091590,160.872365,extrusion,675,7994
-725.1590,-198.2470,-501.6000,0.500000,-0.500000,-0.500000,0.500000,1500.0000,0.649850,160.875250,extrusion,675,7995
-724.3060,-198.2470,-501.6000,0.500000,-0.500000,-0.500000,0.500000,1500.0000,0.091480,160.867526,extrusion,675,7996
-720.8740,-201.6780,-501.6000,0.500000,-0.500000,-0.500000,0.500000,1500.0000,0.520470,160.874776,extrusion,675,7997
-720.8740,-200.8250,-501.6000,0.500000,-0.500000,-0.500000,0.500000,1500.0000,0.091480,160.867526,extrusion,675,7998
-723.4520,-198.2470,-501.6000,0.500000,-0.500000,-0.500000,0.500000,1500.0000,0.391020,160.876393,extrusion,675,7999
-722.7860,-197.9440,-501.6000,0.500000,-0.500000,-0.500000,0.500000,1500.0000,0.078470,160.868097,extrusion,675,8000
-722.8470,-197.9270,-501.6000,0.500000,-0.500000,-0.500000,0.500000,1500.0000,0.005740,135.966202,extrusion,675,8002
-722.8920,-197.9730,-501.6000,0.500000,-0.500000,-0.500000,0.500000,1500.0000,0.005830,135.896164,extrusion,675,8003
-722.8760,-198.0340,-501.6000,0.500000,-0.500000,-0.500000,0.500000,1500.0000,0.005720,136.053429,extrusion,675,8004
-722.8140,-198.0510,-501.6000,0.500000,-0.500000,-0.500000,0.500000,1500.0000,0.005830,136.027624,extrusion,675,8005
-722.7690,-198.0060,-501.6000,0.500000,-0.500000,-0.500000,0.500000,1500.0000,0.005770,136.000204,extrusion,675,8006
-722.6840,-198.1260,-501.6000,0.500000,-0.500000,-0.500000,0.500000,1500.0000,0.014550,148.414453,extrusion,675,8008
-722.5990,-198.2470,-501.6000,0.500000,-0.500000,-0.500000,0.500000,1500.0000,0.015860,160.882857,extrusion,675,8010
-720.8740,-199.9710,-501.6000,0.500000,-0.500000,-0.500000,0.500000,1500.0000,0.261560,160.873449,extrusion,675,8011
-720.8510,-199.1740,-501.6000,0.500000,-0.500000,-0.500000,0.500000,1500.0000,0.085510,160.867784,extrusion,675,8012
-720.8510,-198.2230,-501.6000,0.500000,-0.500000,-0.500000,0.500000,1500.0000,0.094130,148.470032,extrusion,675,8014
-721.8020,-198.2230,-501.6000,0.500000,-0.500000,-0.500000,0.500000,1500.0000,0.094130,148.470032,extrusion,675,8015
-721.0640,-198.9610,-501.6000,0.500000,-0.500000,-0.500000,0.500000,1500.0000,0.103310,148.478052,extrusion,675,8016
-709.1010,-203.8870,-501.1500,0.500000,-0.500000,-0.500000,0.500000,900.0000,0.000000,0.000000,travel,676,8022
-708.5540,-203.8870,-501.1500,0.500000,-0.500000,-0.500000,0.500000,900.0000,0.058670,96.531993,extrusion,677,8025
-708.5540,-201.2010,-501.1500,0.500000,-0.500000,-0.500000,0.500000,900.0000,0.288070,96.523827,extrusion,677,8026
-708.5540,-197.7940,-501.1500,0.500000,-0.500000,-0.500000,0.500000,900.0000,0.365400,96.524802,extrusion,677,8027
-713.9260,-197.7940,-501.1500,0.500000,-0.500000,-0.500000,0.500000,900.0000,0.576150,96.525503,extrusion,677,8028
-713.9260,-203.8870,-501.1500,0.500000,-0.500000,-0.500000,0.500000,900.0000,0.653470,96.524372,extrusion,677,8029
-709.1010,-203.8870,-501.1500,0.500000,-0.500000,-0.500000,0.500000,900.0000,0.517480,96.524767,extrusion,677,8030
-709.1010,-204.4910,-501.1500,0.500000,-0.500000,-0.500000,0.500000,900.0000,0.000000,0.000000,travel,678,8031
-707.9510,-204.4910,-501.1500,0.500000,-0.500000,-0.500000,0.500000,900.0000,0.123340,96.526957,extrusion,679,8033
-707.9510,-201.2010,-501.1500,0.500000,-0.500000,-0.500000,0.500000,900.0000,0.352850,96.524316,extrusion,679,8034
-707.9510,-197.1910,-501.1500,0.500000,-0.500000,-0.500000,0.500000,900.0000,0.430070,96.524439,extrusion,679,8035
-714.5290,-197.1910,-501.1500,0.500000,-0.500000,-0.500000,0.500000,900.0000,0.705490,96.524932,extrusion,679,8036
-714.5290,-204.4910,-501.1500,0.500000,-0.500000,-0.500000,0.500000,900.0000,0.782920,96.524384,extrusion,679,8037
-709.1010,-204.4910,-501.1500,0.500000,-0.500000,-0.500000,0.500000,900.0000,0.582150,96.524503,extrusion,679,8038
-713.4240,-198.4100,-501.1500,0.500000,-0.500000,-0.500000,0.500000,900.0000,0.000000,0.000000,travel,680,8040
-713.4910,-198.3440,-501.1500,0.500000,-0.500000,-0.500000,0.500000,1500.0000,0.012530,199.845057,extrusion,681,8044
-713.4660,-198.2540,-501.1500,0.500000,-0.500000,-0.500000,0.500000,1500.0000,0.012450,199.929966,extrusion,681,8045
-713.3760,-198.2290,-501.1500,0.500000,-0.500000,-0.500000,0.500000,1500.0000,0.012450,199.929966,extrusion,681,8046
-713.3100,-198.2960,-501.1500,0.500000,-0.500000,-0.500000,0.500000,1500.0000,0.012530,199.845057,extrusion,681,8047
-713.3340,-198.3860,-501.1500,0.500000,-0.500000,-0.500000,0.500000,1500.0000,0.012410,199.849593,extrusion,681,8048
-713.4730,-199.3500,-501.1500,0.500000,-0.500000,-0.500000,0.500000,1500.0000,0.104460,160.877693,extrusion,681,8050
-712.3700,-198.2470,-501.1500,0.500000,-0.500000,-0.500000,0.500000,1500.0000,0.167300,160.878012,extrusion,681,8051
-711.5170,-198.2470,-501.1500,0.500000,-0.500000,-0.500000,0.500000,1500.0000,0.091480,160.867526,extrusion,681,8052
-713.4730,-200.2030,-501.1500,0.500000,-0.500000,-0.500000,0.500000,1500.0000,0.296670,160.872215,extrusion,681,8053
-713.4730,-201.0570,-501.1500,0.500000,-0.500000,-0.500000,0.500000,1500.0000,0.091590,160.872365,extrusion,681,8054
-710.6630,-198.2470,-501.1500,0.500000,-0.500000,-0.500000,0.500000,1500.0000,0.426200,160.873084,extrusion,681,8055
-709.8100,-198.2470,-501.1500,0.500000,-0.500000,-0.500000,0.500000,1500.0000,0.091480,160.867526,extrusion,681,8056
-713.4730,-201.9100,-501.1500,0.500000,-0.500000,-0.500000,0.500000,1500.0000,0.555580,160.874032,extrusion,681,8057
-713.4730,-202.7630,-501.1500,0.500000,-0.500000,-0.500000,0.500000,1500.0000,0.091480,160.867526,extrusion,681,8058
-709.0070,-198.2970,-501.1500,0.500000,-0.500000,-0.500000,0.500000,1500.0000,0.677380,160.875501,extrusion,681,8059
-709.0070,-199.1500,-501.1500,0.500000,-0.500000,-0.500000,0.500000,1500.0000,0.091480,160.867526,extrusion,681,8060
-713.2910,-203.4350,-501.1500,0.500000,-0.500000,-0.500000,0.500000,1500.0000,0.649850,160.875250,extrusion,681,8061
-713.4470,-203.5440,-501.1500,0.500000,-0.500000,-0.500000,0.500000,1500.0000,0.020410,160.871098,extrusion,681,8062
-713.6020,-203.6540,-501.1500,0.500000,-0.500000,-0.500000,0.500000,1500.0000,0.018810,148.448607,extrusion,681,8064
-713.5860,-203.5920,-501.1500,0.500000,-0.500000,-0.500000,0.500000,1500.0000,0.005800,135.871173,extrusion,681,8066
-713.6310,-203.5470,-501.1500,0.500000,-0.500000,-0.500000,0.500000,1500.0000,0.005770,136.000204,extrusion,681,8067
-713.6920,-203.5640,-501.1500,0.500000,-0.500000,-0.500000,0.500000,1500.0000,0.005740,135.966202,extrusion,681,8068
-713.7090,-203.6250,-501.1500,0.500000,-0.500000,-0.500000,0.500000,1500.0000,0.005740,135.966202,extrusion,681,8069
-713.6640,-203.6700,-501.1500,0.500000,-0.500000,-0.500000,0.500000,1500.0000,0.005770,136.000204,extrusion,681,8070
-712.4380,-203.4350,-501.1500,0.500000,-0.500000,-0.500000,0.500000,900.0000,0.000000,0.000000,travel,682,8072
-709.0070,-200.0040,-501.1500,0.500000,-0.500000,-0.500000,0.500000,1500.0000,0.520390,160.873491,extrusion,683,8075
-709.0070,-200.8570,-501.1500,0.500000,-0.500000,-0.500000,0.500000,1500.0000,0.091480,160.867526,extrusion,683,8076
-711.5840,-203.4350,-501.1500,0.500000,-0.500000,-0.500000,0.500000,1500.0000,0.390940,160.874677,extrusion,683,8077
-710.9790,-203.7540,-501.1500,0.500000,-0.500000,-0.500000,0.500000,1500.0000,0.073350,160.867298,extrusion,683,8078
-711.0240,-203.7090,-501.1500,0.500000,-0.500000,-0.500000,0.500000,1500.0000,0.005770,136.000204,extrusion,683,8080
-711.0080,-203.6470,-501.1500,0.500000,-0.500000,-0.500000,0.500000,1500.0000,0.005800,135.871173,extrusion,683,8081
-710.9460,-203.6310,-501.1500,0.500000,-0.500000,-0.500000,0.500000,1500.0000,0.005800,135.871173,extrusion,683,8082
-710.9010,-203.6760,-501.1500,0.500000,-0.500000,-0.500000,0.500000,1500.0000,0.005770,136.000204,extrusion,683,8083
-710.9170,-203.7370,-501.1500,0.500000,-0.500000,-0.500000,0.500000,1500.0000,0.005720,136.053429,extrusion,683,8084
-710.8240,-203.5860,-501.1500,0.500000,-0.500000,-0.500000,0.500000,1500.0000,0.017550,148.442430,extrusion,683,8086
-710.7310,-203.4350,-501.1500,0.500000,-0.500000,-0.500000,0.500000,1500.0000,0.019020,160.876069,extrusion,683,8088
-709.0070,-201.7100,-501.1500,0.500000,-0.500000,-0.500000,0.500000,1500.0000,0.261560,160.873449,extrusion,683,8089
-709.7210,-203.2450,-501.1500,0.500000,-0.500000,-0.500000,0.500000,900.0000,0.000000,0.000000,travel,684,8091
-708.9830,-202.5080,-501.1500,0.500000,-0.500000,-0.500000,0.500000,1500.0000,0.103210,148.434863,extrusion,685,8094
-708.9830,-203.4580,-501.1500,0.500000,-0.500000,-0.500000,0.500000,1500.0000,0.094010,148.436842,extrusion,685,8095
-709.9340,-203.4580,-501.1500,0.500000,-0.500000,-0.500000,0.500000,1500.0000,0.094110,148.438486,extrusion,685,8096
-724.6730,-197.7940,-501.1500,0.500000,-0.500000,-0.500000,0.500000,900.0000,0.000000,0.000000,travel,686,8099
-726.6470,-197.7940,-501.1500,0.500000,-0.500000,-0.500000,0.500000,900.0000,0.211710,96.524316,extrusion,687,8102
-726.6470,-203.8870,-501.1500,0.500000,-0.500000,-0.500000,0.500000,900.0000,0.653470,96.524372,extrusion,687,8103
-721.2760,-203.8870,-501.1500,0.500000,-0.500000,-0.500000,0.500000,900.0000,0.576040,96.525042,extrusion,687,8104
-721.2760,-201.2010,-501.1500,0.500000,-0.500000,-0.500000,0.500000,900.0000,0.288070,96.523827,extrusion,687,8105
-721.2760,-197.7940,-501.1500,0.500000,-0.500000,-0.500000,0.500000,900.0000,0.365400,96.524802,extrusion,687,8106
-724.6730,-197.7940,-501.1500,0.500000,-0.500000,-0.500000,0.500000,900.0000,0.364330,96.525464,extrusion,687,8107
-724.6730,-197.1910,-501.1500,0.500000,-0.500000,-0.500000,0.500000,900.0000,0.000000,0.000000,travel,688,8108
-727.2510,-197.1910,-501.1500,0.500000,-0.500000,-0.500000,0.500000,900.0000,0.276490,96.524825,extrusion,689,8110
-727.2510,-204.4910,-501.1500,0.500000,-0.500000,-0.500000,0.500000,900.0000,0.782920,96.524384,extrusion,689,8111
-720.6720,-204.4910,-501.1500,0.500000,-0.500000,-0.500000,0.500000,900.0000,0.705600,96.525308,extrusion,689,8112
-720.6720,-201.2010,-501.1500,0.500000,-0.500000,-0.500000,0.500000,900.0000,0.352850,96.524316,extrusion,689,8113
-720.6720,-197.1910,-501.1500,0.500000,-0.500000,-0.500000,0.500000,900.0000,0.430070,96.524439,extrusion,689,8114
-724.6730,-197.1910,-501.1500,0.500000,-0.500000,-0.500000,0.500000,900.0000,0.429110,96.525619,extrusion,689,8115
-726.1460,-198.4100,-501.1500,0.500000,-0.500000,-0.500000,0.500000,900.0000,0.000000,0.000000,travel,690,8116
-726.2120,-198.3440,-501.1500,0.500000,-0.500000,-0.500000,0.500000,1500.0000,0.012440,199.918372,extrusion,691,8120
-726.1880,-198.2540,-501.1500,0.500000,-0.500000,-0.500000,0.500000,1500.0000,0.012410,199.849593,extrusion,691,8121
-726.0970,-198.2290,-501.1500,0.500000,-0.500000,-0.500000,0.500000,1500.0000,0.012580,199.954211,extrusion,691,8122
-726.0310,-198.2960,-501.1500,0.500000,-0.500000,-0.500000,0.500000,1500.0000,0.012530,199.845057,extrusion,691,8123
-726.0550,-198.3860,-501.1500,0.500000,-0.500000,-0.500000,0.500000,1500.0000,0.012410,199.849593,extrusion,691,8124
-725.0910,-198.2470,-501.1500,0.500000,-0.500000,-0.500000,0.500000,1500.0000,0.104460,160.877693,extrusion,691,8126
-726.1950,-199.3500,-501.1500,0.500000,-0.500000,-0.500000,0.500000,1500.0000,0.167370,160.872383,extrusion,691,8127
-726.3010,-199.4880,-501.1500,0.500000,-0.500000,-0.500000,0.500000,1500.0000,0.018660,160.851444,extrusion,691,8128
-726.4070,-199.6270,-501.1500,0.500000,-0.500000,-0.500000,0.500000,1500.0000,0.017300,148.450616,extrusion,691,8130
-726.3910,-199.5650,-501.1500,0.500000,-0.500000,-0.500000,0.500000,1500.0000,0.005800,135.871173,extrusion,691,8132
-726.4360,-199.5200,-501.1500,0.500000,-0.500000,-0.500000,0.500000,1500.0000,0.005770,136.000204,extrusion,691,8133
-726.4970,-199.5360,-501.1500,0.500000,-0.500000,-0.500000,0.500000,1500.0000,0.005720,136.053429,extrusion,691,8134
-726.5140,-199.5980,-501.1500,0.500000,-0.500000,-0.500000,0.500000,1500.0000,0.005830,136.027624,extrusion,691,8135
-726.4690,-199.6430,-501.1500,0.500000,-0.500000,-0.500000,0.500000,1500.0000,0.005770,136.000204,extrusion,691,8136
-726.1950,-200.2030,-501.1500,0.500000,-0.500000,-0.500000,0.500000,1500.0000,0.066860,160.865817,extrusion,691,8138
-724.2380,-198.2470,-501.1500,0.500000,-0.500000,-0.500000,0.500000,1500.0000,0.296750,160.874468,extrusion,691,8139
-723.3850,-198.2470,-501.1500,0.500000,-0.500000,-0.500000,0.500000,1500.0000,0.091480,160.867526,extrusion,691,8140
-726.1950,-201.0570,-501.1500,0.500000,-0.500000,-0.500000,0.500000,1500.0000,0.426200,160.873084,extrusion,691,8141
-726.1950,-201.9100,-501.1500,0.500000,-0.500000,-0.500000,0.500000,1500.0000,0.091480,160.867526,extrusion,691,8142
-722.5310,-198.2470,-501.1500,0.500000,-0.500000,-0.500000,0.500000,1500.0000,0.555660,160.875236,extrusion,691,8143
-721.7280,-198.2970,-501.1500,0.500000,-0.500000,-0.500000,0.500000,1500.0000,0.086290,160.877721,extrusion,691,8144
-726.1950,-202.7630,-501.1500,0.500000,-0.500000,-0.500000,0.500000,1500.0000,0.677450,160.874114,extrusion,691,8145
-726.3850,-203.6700,-501.1500,0.500000,-0.500000,-0.500000,0.500000,1500.0000,0.099390,160.879544,extrusion,691,8146
-726.4300,-203.6250,-501.1500,0.500000,-0.500000,-0.500000,0.500000,1500.0000,0.005770,136.000204,extrusion,691,8148
-726.4140,-203.5640,-501.1500,0.500000,-0.500000,-0.500000,0.500000,1500.0000,0.005720,136.053429,extrusion,691,8149
-726.3520,-203.5470,-501.1500,0.500000,-0.500000,-0.500000,0.500000,1500.0000,0.005830,136.027624,extrusion,691,8150
-726.3070,-203.5920,-501.1500,0.500000,-0.500000,-0.500000,0.500000,1500.0000,0.005770,136.000204,extrusion,691,8151
-726.3240,-203.6540,-501.1500,0.500000,-0.500000,-0.500000,0.500000,1500.0000,0.005830,136.027624,extrusion,691,8152
-726.1680,-203.5440,-501.1500,0.500000,-0.500000,-0.500000,0.500000,1500.0000,0.018890,148.442367,extrusion,691,8154
-726.0130,-203.4350,-501.1500,0.500000,-0.500000,-0.500000,0.500000,1500.0000,0.020320,160.853846,extrusion,691,8156
-721.7280,-199.1500,-501.1500,0.500000,-0.500000,-0.500000,0.500000,1500.0000,0.649920,160.873806,extrusion,691,8157
-721.7280,-200.0040,-501.1500,0.500000,-0.500000,-0.500000,0.500000,1500.0000,0.091590,160.872365,extrusion,691,8158
-725.1590,-203.4350,-501.1500,0.500000,-0.500000,-0.500000,0.500000,1500.0000,0.520390,160.873491,extrusion,691,8159
-724.3060,-203.4350,-501.1500,0.500000,-0.500000,-0.500000,0.500000,1500.0000,0.091480,160.867526,extrusion,691,8160
-721.7280,-200.8570,-501.1500,0.500000,-0.500000,-0.500000,0.500000,1500.0000,0.391020,160.876393,extrusion,691,8161
-721.7280,-201.7100,-501.1500,0.500000,-0.500000,-0.500000,0.500000,1500.0000,0.091480,160.867526,extrusion,691,8162
-723.4520,-203.4350,-501.1500,0.500000,-0.500000,-0.500000,0.500000,1500.0000,0.261560,160.873449,extrusion,691,8163
-722.6550,-203.4580,-501.1500,0.500000,-0.500000,-0.500000,0.500000,1500.0000,0.085510,160.867784,extrusion,691,8164
-721.7050,-203.4580,-501.1500,0.500000,-0.500000,-0.500000,0.500000,1500.0000,0.094010,148.436842,extrusion,691,8166
-721.7050,-202.5080,-501.1500,0.500000,-0.500000,-0.500000,0.500000,1500.0000,0.094010,148.436842,extrusion,691,8167
-722.4420,-203.2450,-501.1500,0.500000,-0.500000,-0.500000,0.500000,1500.0000,0.103140,148.434858,extrusion,691,8168
-726.6470,-202.5970,-500.7000,0.500000,-0.500000,-0.500000,0.500000,900.0000,0.000000,0.000000,travel,692,8174
-726.6470,-203.8870,-500.7000,0.500000,-0.500000,-0.500000,0.500000,900.0000,0.138350,96.523256,extrusion,693,8177
-721.8730,-203.8870,-500.7000,0.500000,-0.500000,-0.500000,0.500000,900.0000,0.512010,96.524717,extrusion,693,8178
-721.8730,-201.5000,-500.7000,0.500000,-0.500000,-0.500000,0.500000,900.0000,0.256010,96.526602,extrusion,693,8179
-721.8730,-197.7940,-500.7000,0.500000,-0.500000,-0.500000,0.500000,900.0000,0.397470,96.525364,extrusion,693,8180
-726.6470,-197.7940,-500.7000,0.500000,-0.500000,-0.500000,0.500000,900.0000,0.512010,96.524717,extrusion,693,8181
-726.6470,-202.5970,-500.7000,0.500000,-0.500000,-0.500000,0.500000,900.0000,0.515120,96.524672,extrusion,693,8182
-727.2510,-202.5970,-500.7000,0.500000,-0.500000,-0.500000,0.500000,900.0000,0.000000,0.000000,travel,694,8183
-727.2510,-204.4910,-500.7000,0.500000,-0.500000,-0.500000,0.500000,900.0000,0.203130,96.524287,extrusion,695,8185
-721.2700,-204.4910,-500.7000,0.500000,-0.500000,-0.500000,0.500000,900.0000,0.641460,96.524661,extrusion,695,8186
-721.2700,-201.5000,-500.7000,0.500000,-0.500000,-0.500000,0.500000,900.0000,0.320780,96.523571,extrusion,695,8187
-721.2700,-197.1910,-500.7000,0.500000,-0.500000,-0.500000,0.500000,900.0000,0.462140,96.524948,extrusion,695,8188
-727.2510,-197.1910,-500.7000,0.500000,-0.500000,-0.500000,0.500000,900.0000,0.641460,96.524661,extrusion,695,8189
-727.2510,-202.5970,-500.7000,0.500000,-0.500000,-0.500000,0.500000,900.0000,0.579790,96.524417,extrusion,695,8190
-726.0310,-203.3860,-500.7000,0.500000,-0.500000,-0.500000,0.500000,900.0000,0.000000,0.000000,travel,696,8191
-726.0970,-203.4520,-500.7000,0.500000,-0.500000,-0.500000,0.500000,1500.0000,0.012440,199.918372,extrusion,697,8195
-726.1880,-203.4280,-500.7000,0.500000,-0.500000,-0.500000,0.500000,1500.0000,0.012540,199.869015,extrusion,697,8196
-726.2120,-203.3370,-500.7000,0.500000,-0.500000,-0.500000,0.500000,1500.0000,0.012540,199.869015,extrusion,697,8197
-726.1460,-203.2710,-500.7000,0.500000,-0.500000,-0.500000,0.500000,1500.0000,0.012440,199.918372,extrusion,697,8198
-726.0550,-203.2950,-500.7000,0.500000,-0.500000,-0.500000,0.500000,1500.0000,0.012540,199.869015,extrusion,697,8199
-726.3910,-202.1160,-500.7000,0.500000,-0.500000,-0.500000,0.500000,900.0000,0.000000,0.000000,travel,698,8201
-726.4360,-202.1610,-500.7000,0.500000,-0.500000,-0.500000,0.500000,1500.0000,0.005770,136.000204,extrusion,699,8204
-726.4970,-202.1450,-500.7000,0.500000,-0.500000,-0.500000,0.500000,1500.0000,0.005720,136.053429,extrusion,699,8205
-726.5140,-202.0830,-500.7000,0.500000,-0.500000,-0.500000,0.500000,1500.0000,0.005830,136.027624,extrusion,699,8206
-726.4690,-202.0380,-500.7000,0.500000,-0.500000,-0.500000,0.500000,1500.0000,0.005770,136.000204,extrusion,699,8207
-726.4070,-202.0550,-500.7000,0.500000,-0.500000,-0.500000,0.500000,1500.0000,0.005830,136.027624,extrusion,699,8208
-726.3010,-202.1930,-500.7000,0.500000,-0.500000,-0.500000,0.500000,1500.0000,0.017220,148.438471,extrusion,699,8210
-726.1950,-202.3310,-500.7000,0.500000,-0.500000,-0.500000,0.500000,1500.0000,0.018660,160.851444,extrusion,699,8212
-725.0910,-203.4350,-500.7000,0.500000,-0.500000,-0.500000,0.500000,1500.0000,0.167450,160.876400,extrusion,699,8213
-724.9530,-203.5410,-500.7000,0.500000,-0.500000,-0.500000,0.500000,1500.0000,0.018660,160.851444,extrusion,699,8214
-724.8150,-203.6470,-500.7000,0.500000,-0.500000,-0.500000,0.500000,1500.0000,0.017220,148.438471,extrusion,699,8216
-724.8760,-203.6310,-500.7000,0.500000,-0.500000,-0.500000,0.500000,1500.0000,0.005720,136.053429,extrusion,699,8218
-724.9210,-203.6760,-500.7000,0.500000,-0.500000,-0.500000,0.500000,1500.0000,0.005770,136.000204,extrusion,699,8219
-724.9050,-203.7370,-500.7000,0.500000,-0.500000,-0.500000,0.500000,1500.0000,0.005720,136.053429,extrusion,699,8220
-724.8430,-203.7540,-500.7000,0.500000,-0.500000,-0.500000,0.500000,1500.0000,0.005830,136.027624,extrusion,699,8221
-724.7980,-203.7090,-500.7000,0.500000,-0.500000,-0.500000,0.500000,1500.0000,0.005770,136.000204,extrusion,699,8222
-724.2380,-203.4350,-500.7000,0.500000,-0.500000,-0.500000,0.500000,1500.0000,0.066860,160.865817,extrusion,699,8224
-726.1950,-201.4780,-500.7000,0.500000,-0.500000,-0.500000,0.500000,1500.0000,0.296830,160.876729,extrusion,699,8225
-726.1950,-200.6250,-500.7000,0.500000,-0.500000,-0.500000,0.500000,1500.0000,0.091480,160.867526,extrusion,699,8226
-723.3850,-203.4350,-500.7000,0.500000,-0.500000,-0.500000,0.500000,1500.0000,0.426200,160.873084,extrusion,699,8227
-722.5310,-203.4350,-500.7000,0.500000,-0.500000,-0.500000,0.500000,1500.0000,0.091590,160.872365,extrusion,699,8228
-726.1950,-199.7710,-500.7000,0.500000,-0.500000,-0.500000,0.500000,1500.0000,0.555730,160.873547,extrusion,699,8229
-726.1950,-198.9180,-500.7000,0.500000,-0.500000,-0.500000,0.500000,1500.0000,0.091480,160.867526,extrusion,699,8230
-722.3260,-202.7870,-500.7000,0.500000,-0.500000,-0.500000,0.500000,1500.0000,0.586830,160.875474,extrusion,699,8231
-722.3260,-201.9330,-500.7000,0.500000,-0.500000,-0.500000,0.500000,1500.0000,0.091590,160.872365,extrusion,699,8232
-726.0130,-198.2470,-500.7000,0.500000,-0.500000,-0.500000,0.500000,1500.0000,0.559150,160.875662,extrusion,699,8233
-726.1600,-198.1680,-500.7000,0.500000,-0.500000,-0.500000,0.500000,1500.0000,0.017900,160.890978,extrusion,699,8234
-726.3070,-198.0890,-500.7000,0.500000,-0.500000,-0.500000,0.500000,1500.0000,0.016510,148.397209,extrusion,699,8236
-726.3520,-198.1340,-500.7000,0.500000,-0.500000,-0.500000,0.500000,1500.0000,0.005770,136.000204,extrusion,699,8238
-726.4140,-198.1180,-500.7000,0.500000,-0.500000,-0.500000,0.500000,1500.0000,0.005800,135.871173,extrusion,699,8239
-726.4300,-198.0560,-500.7000,0.500000,-0.500000,-0.500000,0.500000,1500.0000,0.005800,135.871173,extrusion,699,8240
-726.3850,-198.0110,-500.7000,0.500000,-0.500000,-0.500000,0.500000,1500.0000,0.005770,136.000204,extrusion,699,8241
-726.3240,-198.0270,-500.7000,0.500000,-0.500000,-0.500000,0.500000,1500.0000,0.005720,136.053429,extrusion,699,8242
-725.1590,-198.2470,-500.7000,0.500000,-0.500000,-0.500000,0.500000,1500.0000,0.127150,160.869194,extrusion,699,8244
-722.3260,-201.0800,-500.7000,0.500000,-0.500000,-0.500000,0.500000,1500.0000,0.429690,160.873657,extrusion,699,8245
-722.3260,-200.2270,-500.7000,0.500000,-0.500000,-0.500000,0.500000,1500.0000,0.091480,160.867526,extrusion,699,8246
-724.3060,-198.2470,-500.7000,0.500000,-0.500000,-0.500000,0.500000,1500.0000,0.300310,160.872150,extrusion,699,8247
-723.4520,-198.2470,-500.7000,0.500000,-0.500000,-0.500000,0.500000,1500.0000,0.091590,160.872365,extrusion,699,8248
-722.3260,-199.3730,-500.7000,0.500000,-0.500000,-0.500000,0.500000,1500.0000,0.170780,160.869933,extrusion,699,8249
-722.3140,-198.3510,-500.7000,0.500000,-0.500000,-0.500000,0.500000,1500.0000,0.109620,160.879321,extrusion,699,8250
-722.3810,-198.4190,-500.7000,0.500000,-0.500000,-0.500000,0.500000,1500.0000,0.012950,203.484036,extrusion,699,8252
-722.4730,-198.3940,-500.7000,0.500000,-0.500000,-0.500000,0.500000,1500.0000,0.012940,203.595176,extrusion,699,8253
-722.4980,-198.3020,-500.7000,0.500000,-0.500000,-0.500000,0.500000,1500.0000,0.012940,203.595176,extrusion,699,8254
-722.4310,-198.2340,-500.7000,0.500000,-0.500000,-0.500000,0.500000,1500.0000,0.012950,203.484036,extrusion,699,8255
-722.3380,-198.2590,-500.7000,0.500000,-0.500000,-0.500000,0.500000,1500.0000,0.013070,203.579152,extrusion,699,8256
-708.5540,-202.5100,-500.7000,0.500000,-0.500000,-0.500000,0.500000,900.0000,0.000000,0.000000,travel,700,8259
-708.5540,-201.5000,-500.7000,0.500000,-0.500000,-0.500000,0.500000,900.0000,0.108320,96.522772,extrusion,701,8262
-708.5540,-197.7940,-500.7000,0.500000,-0.500000,-0.500000,0.500000,900.0000,0.397470,96.525364,extrusion,701,8263
-713.3280,-197.7940,-500.7000,0.500000,-0.500000,-0.500000,0.500000,900.0000,0.512010,96.524717,extrusion,701,8264
-713.3280,-203.8870,-500.7000,0.500000,-0.500000,-0.500000,0.500000,900.0000,0.653470,96.524372,extrusion,701,8265
-708.5540,-203.8870,-500.7000,0.500000,-0.500000,-0.500000,0.500000,900.0000,0.512010,96.524717,extrusion,701,8266
-708.5540,-202.5100,-500.7000,0.500000,-0.500000,-0.500000,0.500000,900.0000,0.147680,96.522876,extrusion,701,8267
-707.9510,-202.5100,-500.7000,0.500000,-0.500000,-0.500000,0.500000,900.0000,0.000000,0.000000,travel,702,8268
-707.9510,-201.5000,-500.7000,0.500000,-0.500000,-0.500000,0.500000,900.0000,0.108320,96.522772,extrusion,703,8270
-707.9510,-197.1910,-500.7000,0.500000,-0.500000,-0.500000,0.500000,900.0000,0.462140,96.524948,extrusion,703,8271
-713.9320,-197.1910,-500.7000,0.500000,-0.500000,-0.500000,0.500000,900.0000,0.641460,96.524661,extrusion,703,8272
-713.9320,-204.4910,-500.7000,0.500000,-0.500000,-0.500000,0.500000,900.0000,0.782920,96.524384,extrusion,703,8273
-707.9510,-204.4910,-500.7000,0.500000,-0.500000,-0.500000,0.500000,900.0000,0.641460,96.524661,extrusion,703,8274
-707.9510,-202.5100,-500.7000,0.500000,-0.500000,-0.500000,0.500000,900.0000,0.212460,96.523978,extrusion,703,8275
-712.7120,-203.3860,-500.7000,0.500000,-0.500000,-0.500000,0.500000,900.0000,0.000000,0.000000,travel,704,8277
-712.7780,-203.4520,-500.7000,0.500000,-0.500000,-0.500000,0.500000,1500.0000,0.012440,199.918372,extrusion,705,8281
-712.8690,-203.4280,-500.7000,0.500000,-0.500000,-0.500000,0.500000,1500.0000,0.012540,199.869015,extrusion,705,8282
-712.8930,-203.3370,-500.7000,0.500000,-0.500000,-0.500000,0.500000,1500.0000,0.012540,199.869015,extrusion,705,8283
-712.8270,-203.2710,-500.7000,0.500000,-0.500000,-0.500000,0.500000,1500.0000,0.012440,199.918372,extrusion,705,8284
-712.7360,-203.2950,-500.7000,0.500000,-0.500000,-0.500000,0.500000,1500.0000,0.012540,199.869015,extrusion,705,8285
-713.0720,-202.1160,-500.7000,0.500000,-0.500000,-0.500000,0.500000,900.0000,0.000000,0.000000,travel,706,8287
-713.1170,-202.1610,-500.7000,0.500000,-0.500000,-0.500000,0.500000,1500.0000,0.005770,136.000204,extrusion,707,8290
-713.1780,-202.1450,-500.7000,0.500000,-0.500000,-0.500000,0.500000,1500.0000,0.005720,136.053429,extrusion,707,8291
-713.1950,-202.0830,-500.7000,0.500000,-0.500000,-0.500000,0.500000,1500.0000,0.005830,136.027624,extrusion,707,8292
-713.1500,-202.0380,-500.7000,0.500000,-0.500000,-0.500000,0.500000,1500.0000,0.005770,136.000204,extrusion,707,8293
-713.0880,-202.0550,-500.7000,0.500000,-0.500000,-0.500000,0.500000,1500.0000,0.005830,136.027624,extrusion,707,8294
-712.9820,-202.1930,-500.7000,0.500000,-0.500000,-0.500000,0.500000,1500.0000,0.017220,148.438471,extrusion,707,8296
-712.8760,-202.3310,-500.7000,0.500000,-0.500000,-0.500000,0.500000,1500.0000,0.018660,160.851444,extrusion,707,8298
-711.7720,-203.4350,-500.7000,0.500000,-0.500000,-0.500000,0.500000,1500.0000,0.167450,160.876400,extrusion,707,8299
-711.6340,-203.5410,-500.7000,0.500000,-0.500000,-0.500000,0.500000,1500.0000,0.018660,160.851444,extrusion,707,8300
-711.4960,-203.6470,-500.7000,0.500000,-0.500000,-0.500000,0.500000,1500.0000,0.017220,148.438471,extrusion,707,8302
-711.5570,-203.6310,-500.7000,0.500000,-0.500000,-0.500000,0.500000,1500.0000,0.005720,136.053429,extrusion,707,8304
-711.6020,-203.6760,-500.7000,0.500000,-0.500000,-0.500000,0.500000,1500.0000,0.005770,136.000204,extrusion,707,8305
-711.5860,-203.7370,-500.7000,0.500000,-0.500000,-0.500000,0.500000,1500.0000,0.005720,136.053429,extrusion,707,8306
-711.5240,-203.7540,-500.7000,0.500000,-0.500000,-0.500000,0.500000,1500.0000,0.005830,136.027624,extrusion,707,8307
-711.4790,-203.7090,-500.7000,0.500000,-0.500000,-0.500000,0.500000,1500.0000,0.005770,136.000204,extrusion,707,8308
-710.9190,-203.4350,-500.7000,0.500000,-0.500000,-0.500000,0.500000,1500.0000,0.066860,160.865817,extrusion,707,8310
-712.8760,-201.4780,-500.7000,0.500000,-0.500000,-0.500000,0.500000,1500.0000,0.296830,160.876729,extrusion,707,8311
-712.8760,-200.6250,-500.7000,0.500000,-0.500000,-0.500000,0.500000,1500.0000,0.091480,160.867526,extrusion,707,8312
-710.0660,-203.4350,-500.7000,0.500000,-0.500000,-0.500000,0.500000,1500.0000,0.426200,160.873084,extrusion,707,8313
-708.7790,-203.6170,-500.7000,0.500000,-0.500000,-0.500000,0.500000,900.0000,0.000000,0.000000,travel,708,8315
-708.8250,-203.6620,-500.7000,0.500000,-0.500000,-0.500000,0.500000,1500.0000,0.005830,135.896164,extrusion,709,8318
-708.8860,-203.6450,-500.7000,0.500000,-0.500000,-0.500000,0.500000,1500.0000,0.005740,135.966202,extrusion,709,8319
-708.9030,-203.5840,-500.7000,0.500000,-0.500000,-0.500000,0.500000,1500.0000,0.005740,135.966202,extrusion,709,8320
-708.8580,-203.5390,-500.7000,0.500000,-0.500000,-0.500000,0.500000,1500.0000,0.005770,136.000204,extrusion,709,8321
-708.7960,-203.5550,-500.7000,0.500000,-0.500000,-0.500000,0.500000,1500.0000,0.005800,135.871173,extrusion,709,8322
-709.0040,-203.4950,-500.7000,0.500000,-0.500000,-0.500000,0.500000,1500.0000,0.021420,148.419529,extrusion,709,8324
-709.2120,-203.4350,-500.7000,0.500000,-0.500000,-0.500000,0.500000,1500.0000,0.023220,160.891758,extrusion,709,8326
-712.8760,-199.7710,-500.7000,0.500000,-0.500000,-0.500000,0.500000,1500.0000,0.555730,160.873547,extrusion,709,8327
-712.8760,-198.9180,-500.7000,0.500000,-0.500000,-0.500000,0.500000,1500.0000,0.091480,160.867526,extrusion,709,8328
-709.0070,-202.7870,-500.7000,0.500000,-0.500000,-0.500000,0.500000,1500.0000,0.586830,160.875474,extrusion,709,8329
-709.0070,-201.9330,-500.7000,0.500000,-0.500000,-0.500000,0.500000,1500.0000,0.091590,160.872365,extrusion,709,8330
-712.6930,-198.2470,-500.7000,0.500000,-0.500000,-0.500000,0.500000,1500.0000,0.559070,160.874466,extrusion,709,8331
-712.8410,-198.1680,-500.7000,0.500000,-0.500000,-0.500000,0.500000,1500.0000,0.017990,160.850271,extrusion,709,8332
-712.9880,-198.0890,-500.7000,0.500000,-0.500000,-0.500000,0.500000,1500.0000,0.016510,148.397209,extrusion,709,8334
-713.0330,-198.1340,-500.7000,0.500000,-0.500000,-0.500000,0.500000,1500.0000,0.005770,136.000204,extrusion,709,8336
-713.0950,-198.1180,-500.7000,0.500000,-0.500000,-0.500000,0.500000,1500.0000,0.005800,135.871173,extrusion,709,8337
-713.1110,-198.0560,-500.7000,0.500000,-0.500000,-0.500000,0.500000,1500.0000,0.005800,135.871173,extrusion,709,8338
-713.0660,-198.0110,-500.7000,0.500000,-0.500000,-0.500000,0.500000,1500.0000,0.005770,136.000204,extrusion,709,8339
-713.0050,-198.0270,-500.7000,0.500000,-0.500000,-0.500000,0.500000,1500.0000,0.005720,136.053429,extrusion,709,8340
-711.8400,-198.2470,-500.7000,0.500000,-0.500000,-0.500000,0.500000,1500.0000,0.127150,160.869194,extrusion,709,8342
-709.0070,-201.0800,-500.7000,0.500000,-0.500000,-0.500000,0.500000,1500.0000,0.429690,160.873657,extrusion,709,8343
-709.0070,-200.2270,-500.7000,0.500000,-0.500000,-0.500000,0.500000,1500.0000,0.091480,160.867526,extrusion,709,8344
-710.9870,-198.2470,-500.7000,0.500000,-0.500000,-0.500000,0.500000,1500.0000,0.300310,160.872150,extrusion,709,8345
-710.3200,-197.9440,-500.7000,0.500000,-0.500000,-0.500000,0.500000,1500.0000,0.078570,160.872949,extrusion,709,8346
-710.3810,-197.9270,-500.7000,0.500000,-0.500000,-0.500000,0.500000,1500.0000,0.005740,135.966202,extrusion,709,8348
-710.4270,-197.9730,-500.7000,0.500000,-0.500000,-0.500000,0.500000,1500.0000,0.005900,136.041196,extrusion,709,8349
-710.4100,-198.0340,-500.7000,0.500000,-0.500000,-0.500000,0.500000,1500.0000,0.005740,135.966202,extrusion,709,8350
-710.3480,-198.0510,-500.7000,0.500000,-0.500000,-0.500000,0.500000,1500.0000,0.005830,136.027624,extrusion,709,8351
-710.3030,-198.0060,-500.7000,0.500000,-0.500000,-0.500000,0.500000,1500.0000,0.005770,136.000204,extrusion,709,8352
-710.2180,-198.1260,-500.7000,0.500000,-0.500000,-0.500000,0.500000,1500.0000,0.014550,148.414453,extrusion,709,8354
-710.1330,-198.2470,-500.7000,0.500000,-0.500000,-0.500000,0.500000,1500.0000,0.015860,160.882857,extrusion,709,8356
-709.0070,-199.3730,-500.7000,0.500000,-0.500000,-0.500000,0.500000,1500.0000,0.170780,160.869933,extrusion,709,8357
-708.9950,-198.3510,-500.7000,0.500000,-0.500000,-0.500000,0.500000,1500.0000,0.109620,160.879321,extrusion,709,8358
-709.0620,-198.4190,-500.7000,0.500000,-0.500000,-0.500000,0.500000,1500.0000,0.012950,203.484036,extrusion,709,8360
-709.1540,-198.3940,-500.7000,0.500000,-0.500000,-0.500000,0.500000,1500.0000,0.012940,203.595176,extrusion,709,8361
-709.1790,-198.3020,-500.7000,0.500000,-0.500000,-0.500000,0.500000,1500.0000,0.012940,203.595176,extrusion,709,8362
-709.1110,-198.2340,-500.7000,0.500000,-0.500000,-0.500000,0.500000,1500.0000,0.013050,203.553165,extrusion,709,8363
-709.0190,-198.2590,-500.7000,0.500000,-0.500000,-0.500000,0.500000,1500.0000,0.012940,203.595176,extrusion,709,8364
-708.5540,-203.8380,-500.2500,0.500000,-0.500000,-0.500000,0.500000,900.0000,0.000000,0.000000,travel,710,8370
-708.5540,-201.7250,-500.2500,0.500000,-0.500000,-0.500000,0.500000,900.0000,0.226620,96.525319,extrusion,711,8373
-708.5540,-197.7940,-500.2500,0.500000,-0.500000,-0.500000,0.500000,900.0000,0.421600,96.525057,extrusion,711,8374
-712.8780,-197.7940,-500.2500,0.500000,-0.500000,-0.500000,0.500000,900.0000,0.463750,96.525208,extrusion,711,8375
-712.8780,-203.8870,-500.2500,0.500000,-0.500000,-0.500000,0.500000,900.0000,0.653470,96.524372,extrusion,711,8376
-708.5540,-203.8870,-500.2500,0.500000,-0.500000,-0.500000,0.500000,900.0000,0.463750,96.525208,extrusion,711,8377
-708.5540,-203.8380,-500.2500,0.500000,-0.500000,-0.500000,0.500000,900.0000,0.005260,96.612245,extrusion,711,8378
-708.3070,-204.4910,-500.2500,0.500000,-0.500000,-0.500000,0.500000,900.0000,0.000000,0.000000,travel,712,8379
-707.9510,-204.4910,-500.2500,0.500000,-0.500000,-0.500000,0.500000,900.0000,0.038180,96.522472,extrusion,713,8381
-707.9510,-201.7250,-500.2500,0.500000,-0.500000,-0.500000,0.500000,900.0000,0.296650,96.523861,extrusion,713,8382
-707.9510,-197.1910,-500.2500,0.500000,-0.500000,-0.500000,0.500000,900.0000,0.486270,96.524702,extrusion,713,8383
-713.4820,-197.1910,-500.2500,0.500000,-0.500000,-0.500000,0.500000,900.0000,0.593200,96.525041,extrusion,713,8384
-713.4820,-204.4910,-500.2500,0.500000,-0.500000,-0.500000,0.500000,900.0000,0.782920,96.524384,extrusion,713,8385
-708.3070,-204.4910,-500.2500,0.500000,-0.500000,-0.500000,0.500000,900.0000,0.555020,96.525217,extrusion,713,8386
-712.3770,-198.4100,-500.2500,0.500000,-0.500000,-0.500000,0.500000,900.0000,0.000000,0.000000,travel,714,8388
-712.4430,-198.3440,-500.2500,0.500000,-0.500000,-0.500000,0.500000,1500.0000,0.012440,199.918372,extrusion,715,8392
-712.4190,-198.2540,-500.2500,0.500000,-0.500000,-0.500000,0.500000,1500.0000,0.012410,199.849593,extrusion,715,8393
-712.3280,-198.2290,-500.2500,0.500000,-0.500000,-0.500000,0.500000,1500.0000,0.012580,199.954211,extrusion,715,8394
-712.2620,-198.2960,-500.2500,0.500000,-0.500000,-0.500000,0.500000,1500.0000,0.012530,199.845057,extrusion,715,8395
-712.2860,-198.3860,-500.2500,0.500000,-0.500000,-0.500000,0.500000,1500.0000,0.012410,199.849593,extrusion,715,8396
-712.4260,-199.3500,-500.2500,0.500000,-0.500000,-0.500000,0.500000,1500.0000,0.104470,160.869438,extrusion,715,8398
-711.2150,-198.1490,-500.2500,0.500000,-0.500000,-0.500000,0.500000,1500.0000,0.182920,160.874205,extrusion,715,8399
-711.1070,-198.0510,-500.2500,0.500000,-0.500000,-0.500000,0.500000,1500.0000,0.014430,148.420628,extrusion,715,8401
-711.1520,-198.0060,-500.2500,0.500000,-0.500000,-0.500000,0.500000,1500.0000,0.005770,136.000204,extrusion,715,8403
-711.1360,-197.9440,-500.2500,0.500000,-0.500000,-0.500000,0.500000,1500.0000,0.005800,135.871173,extrusion,715,8404
-711.0740,-197.9270,-500.2500,0.500000,-0.500000,-0.500000,0.500000,1500.0000,0.005830,136.027624,extrusion,715,8405
-711.0290,-197.9730,-500.2500,0.500000,-0.500000,-0.500000,0.500000,1500.0000,0.005830,135.896164,extrusion,715,8406
-711.0460,-198.0340,-500.2500,0.500000,-0.500000,-0.500000,0.500000,1500.0000,0.005740,135.966202,extrusion,715,8407
-710.4690,-198.2470,-500.2500,0.500000,-0.500000,-0.500000,0.500000,1500.0000,0.065960,160.862526,extrusion,715,8409
-712.4260,-200.2030,-500.2500,0.500000,-0.500000,-0.500000,0.500000,1500.0000,0.296750,160.874468,extrusion,715,8410
-712.4260,-201.0570,-500.2500,0.500000,-0.500000,-0.500000,0.500000,1500.0000,0.091590,160.872365,extrusion,715,8411
-709.6160,-198.2470,-500.2500,0.500000,-0.500000,-0.500000,0.500000,1500.0000,0.426200,160.873084,extrusion,715,8412
-708.8090,-198.1390,-500.2500,0.500000,-0.500000,-0.500000,0.500000,1500.0000,0.087320,160.870614,extrusion,715,8413
-708.7920,-198.0770,-500.2500,0.500000,-0.500000,-0.500000,0.500000,1500.0000,0.005830,136.027624,extrusion,715,8415
-708.8370,-198.0320,-500.2500,0.500000,-0.500000,-0.500000,0.500000,1500.0000,0.005770,136.000204,extrusion,715,8416
-708.8990,-198.0480,-500.2500,0.500000,-0.500000,-0.500000,0.500000,1500.0000,0.005800,135.871173,extrusion,715,8417
-708.9150,-198.1100,-500.2500,0.500000,-0.500000,-0.500000,0.500000,1500.0000,0.005800,135.871173,extrusion,715,8418
-708.8700,-198.1550,-500.2500,0.500000,-0.500000,-0.500000,0.500000,1500.0000,0.005770,136.000204,extrusion,715,8419
-708.9380,-198.3230,-500.2500,0.500000,-0.500000,-0.500000,0.500000,1500.0000,0.017930,148.394253,extrusion,715,8421
-709.0070,-198.4910,-500.2500,0.500000,-0.500000,-0.500000,0.500000,1500.0000,0.019480,160.887376,extrusion,715,8423
-712.4260,-201.9100,-500.2500,0.500000,-0.500000,-0.500000,0.500000,1500.0000,0.518570,160.873514,extrusion,715,8424
-712.4260,-202.7630,-500.2500,0.500000,-0.500000,-0.500000,0.500000,1500.0000,0.091480,160.867526,extrusion,715,8425
-709.0070,-199.3450,-500.2500,0.500000,-0.500000,-0.500000,0.500000,1500.0000,0.518500,160.875323,extrusion,715,8426
-709.0070,-200.1980,-500.2500,0.500000,-0.500000,-0.500000,0.500000,1500.0000,0.091480,160.867526,extrusion,715,8427
-712.2430,-203.4350,-500.2500,0.500000,-0.500000,-0.500000,0.500000,1500.0000,0.490890,160.873618,extrusion,715,8428
-712.3990,-203.5440,-500.2500,0.500000,-0.500000,-0.500000,0.500000,1500.0000,0.020410,160.871098,extrusion,715,8429
-712.5550,-203.6540,-500.2500,0.500000,-0.500000,-0.500000,0.500000,1500.0000,0.018890,148.442367,extrusion,715,8431
-712.5380,-203.5920,-500.2500,0.500000,-0.500000,-0.500000,0.500000,1500.0000,0.005830,136.027624,extrusion,715,8433
-712.5830,-203.5470,-500.2500,0.500000,-0.500000,-0.500000,0.500000,1500.0000,0.005770,136.000204,extrusion,715,8434
-712.6450,-203.5640,-500.2500,0.500000,-0.500000,-0.500000,0.500000,1500.0000,0.005830,136.027624,extrusion,715,8435
-712.6610,-203.6250,-500.2500,0.500000,-0.500000,-0.500000,0.500000,1500.0000,0.005720,136.053429,extrusion,715,8436
-712.6160,-203.6700,-500.2500,0.500000,-0.500000,-0.500000,0.500000,1500.0000,0.005770,136.000204,extrusion,715,8437
-711.3900,-203.4350,-500.2500,0.500000,-0.500000,-0.500000,0.500000,900.0000,0.000000,0.000000,travel,716,8439
-709.0070,-201.0510,-500.2500,0.500000,-0.500000,-0.500000,0.500000,1500.0000,0.361520,160.876802,extrusion,717,8442
-708.7660,-201.7350,-500.2500,0.500000,-0.500000,-0.500000,0.500000,1500.0000,0.077780,160.876399,extrusion,717,8443
-708.8110,-201.6900,-500.2500,0.500000,-0.500000,-0.500000,0.500000,1500.0000,0.005770,136.000204,extrusion,717,8445
-708.7940,-201.6280,-500.2500,0.500000,-0.500000,-0.500000,0.500000,1500.0000,0.005830,136.027624,extrusion,717,8446
-708.7330,-201.6110,-500.2500,0.500000,-0.500000,-0.500000,0.500000,1500.0000,0.005740,135.966202,extrusion,717,8447
-708.6880,-201.6570,-500.2500,0.500000,-0.500000,-0.500000,0.500000,1500.0000,0.005830,135.896164,extrusion,717,8448
-708.7040,-201.7180,-500.2500,0.500000,-0.500000,-0.500000,0.500000,1500.0000,0.005720,136.053429,extrusion,717,8449
-708.8550,-201.8110,-500.2500,0.500000,-0.500000,-0.500000,0.500000,1500.0000,0.017550,148.442430,extrusion,717,8451
-709.0070,-201.9050,-500.2500,0.500000,-0.500000,-0.500000,0.500000,1500.0000,0.019170,160.896248,extrusion,717,8453
-710.5370,-203.4350,-500.2500,0.500000,-0.500000,-0.500000,0.500000,1500.0000,0.232060,160.873725,extrusion,717,8454
-710.6300,-203.5860,-500.2500,0.500000,-0.500000,-0.500000,0.500000,1500.0000,0.019020,160.876069,extrusion,717,8455
-710.7230,-203.7370,-500.2500,0.500000,-0.500000,-0.500000,0.500000,1500.0000,0.017550,148.442430,extrusion,717,8457
-710.7070,-203.6760,-500.2500,0.500000,-0.500000,-0.500000,0.500000,1500.0000,0.005720,136.053429,extrusion,717,8459
-710.7520,-203.6310,-500.2500,0.500000,-0.500000,-0.500000,0.500000,1500.0000,0.005770,136.000204,extrusion,717,8460
-710.8130,-203.6470,-500.2500,0.500000,-0.500000,-0.500000,0.500000,1500.0000,0.005720,136.053429,extrusion,717,8461
-710.8300,-203.7090,-500.2500,0.500000,-0.500000,-0.500000,0.500000,1500.0000,0.005830,136.027624,extrusion,717,8462
-710.7850,-203.7540,-500.2500,0.500000,-0.500000,-0.500000,0.500000,1500.0000,0.005770,136.000204,extrusion,717,8463
-709.8080,-203.4860,-500.2500,0.500000,-0.500000,-0.500000,0.500000,1500.0000,0.108650,160.869092,extrusion,717,8465
-708.9550,-203.4860,-500.2500,0.500000,-0.500000,-0.500000,0.500000,1500.0000,0.075780,133.259086,extrusion,717,8467
-708.9550,-202.6330,-500.2500,0.500000,-0.500000,-0.500000,0.500000,1500.0000,0.075780,133.259086,extrusion,717,8468
-709.5950,-203.2730,-500.2500,0.500000,-0.500000,-0.500000,0.500000,1500.0000,0.080410,133.262007,extrusion,717,8469
-722.7870,-203.8870,-500.2500,0.500000,-0.500000,-0.500000,0.500000,900.0000,0.000000,0.000000,travel,718,8471
-722.3230,-203.8870,-500.2500,0.500000,-0.500000,-0.500000,0.500000,900.0000,0.049760,96.517241,extrusion,719,8474
-722.3230,-201.7250,-500.2500,0.500000,-0.500000,-0.500000,0.500000,900.0000,0.231870,96.523127,extrusion,719,8475
-722.3230,-197.7940,-500.2500,0.500000,-0.500000,-0.500000,0.500000,900.0000,0.421600,96.525057,extrusion,719,8476
-726.6470,-197.7940,-500.2500,0.500000,-0.500000,-0.500000,0.500000,900.0000,0.463750,96.525208,extrusion,719,8477
-726.6470,-203.8870,-500.2500,0.500000,-0.500000,-0.500000,0.500000,900.0000,0.653470,96.524372,extrusion,719,8478
-722.7870,-203.8870,-500.2500,0.500000,-0.500000,-0.500000,0.500000,900.0000,0.413980,96.523834,extrusion,719,8479
-722.7870,-204.4910,-500.2500,0.500000,-0.500000,-0.500000,0.500000,900.0000,0.000000,0.000000,travel,720,8480
-721.7200,-204.4910,-500.2500,0.500000,-0.500000,-0.500000,0.500000,900.0000,0.114440,96.528585,extrusion,721,8482
-721.7200,-201.7250,-500.2500,0.500000,-0.500000,-0.500000,0.500000,900.0000,0.296650,96.523861,extrusion,721,8483
-721.7200,-197.1910,-500.2500,0.500000,-0.500000,-0.500000,0.500000,900.0000,0.486270,96.524702,extrusion,721,8484
-727.2510,-197.1910,-500.2500,0.500000,-0.500000,-0.500000,0.500000,900.0000,0.593200,96.525041,extrusion,721,8485
-727.2510,-204.4910,-500.2500,0.500000,-0.500000,-0.500000,0.500000,900.0000,0.782920,96.524384,extrusion,721,8486
-722.7870,-204.4910,-500.2500,0.500000,-0.500000,-0.500000,0.500000,900.0000,0.478760,96.524194,extrusion,721,8487
-726.1460,-198.4100,-500.2500,0.500000,-0.500000,-0.500000,0.500000,900.0000,0.000000,0.000000,travel,722,8489
-726.2120,-198.3440,-500.2500,0.500000,-0.500000,-0.500000,0.500000,1500.0000,0.012440,199.918372,extrusion,723,8493
-726.1880,-198.2540,-500.2500,0.500000,-0.500000,-0.500000,0.500000,1500.0000,0.012410,199.849593,extrusion,723,8494
-726.0970,-198.2290,-500.2500,0.500000,-0.500000,-0.500000,0.500000,1500.0000,0.012580,199.954211,extrusion,723,8495
-726.0310,-198.2960,-500.2500,0.500000,-0.500000,-0.500000,0.500000,1500.0000,0.012530,199.845057,extrusion,723,8496
-726.0550,-198.3860,-500.2500,0.500000,-0.500000,-0.500000,0.500000,1500.0000,0.012410,199.849593,extrusion,723,8497
-724.8760,-198.0510,-500.2500,0.500000,-0.500000,-0.500000,0.500000,900.0000,0.000000,0.000000,travel,724,8499
-724.9210,-198.0060,-500.2500,0.500000,-0.500000,-0.500000,0.500000,1500.0000,0.005770,136.000204,extrusion,725,8502
-724.9050,-197.9440,-500.2500,0.500000,-0.500000,-0.500000,0.500000,1500.0000,0.005800,135.871173,extrusion,725,8503
-724.8430,-197.9270,-500.2500,0.500000,-0.500000,-0.500000,0.500000,1500.0000,0.005830,136.027624,extrusion,725,8504
-724.7980,-197.9730,-500.2500,0.500000,-0.500000,-0.500000,0.500000,1500.0000,0.005830,135.896164,extrusion,725,8505
-724.8150,-198.0340,-500.2500,0.500000,-0.500000,-0.500000,0.500000,1500.0000,0.005740,135.966202,extrusion,725,8506
-724.9530,-198.1400,-500.2500,0.500000,-0.500000,-0.500000,0.500000,1500.0000,0.017220,148.438471,extrusion,725,8508
-725.0910,-198.2470,-500.2500,0.500000,-0.500000,-0.500000,0.500000,1500.0000,0.018730,160.889966,extrusion,725,8510
-726.1950,-199.3500,-500.2500,0.500000,-0.500000,-0.500000,0.500000,1500.0000,0.167370,160.872383,extrusion,725,8511
-726.3010,-199.4880,-500.2500,0.500000,-0.500000,-0.500000,0.500000,1500.0000,0.018660,160.851444,extrusion,725,8512
-726.4070,-199.6270,-500.2500,0.500000,-0.500000,-0.500000,0.500000,1500.0000,0.017300,148.450616,extrusion,725,8514
-726.3910,-199.5650,-500.2500,0.500000,-0.500000,-0.500000,0.500000,1500.0000,0.005800,135.871173,extrusion,725,8516
-726.4360,-199.5200,-500.2500,0.500000,-0.500000,-0.500000,0.500000,1500.0000,0.005770,136.000204,extrusion,725,8517
-726.4970,-199.5360,-500.2500,0.500000,-0.500000,-0.500000,0.500000,1500.0000,0.005720,136.053429,extrusion,725,8518
-726.5140,-199.5980,-500.2500,0.500000,-0.500000,-0.500000,0.500000,1500.0000,0.005830,136.027624,extrusion,725,8519
-726.4690,-199.6430,-500.2500,0.500000,-0.500000,-0.500000,0.500000,1500.0000,0.005770,136.000204,extrusion,725,8520
-726.1950,-200.2030,-500.2500,0.500000,-0.500000,-0.500000,0.500000,1500.0000,0.066860,160.865817,extrusion,725,8522
-724.2380,-198.2470,-500.2500,0.500000,-0.500000,-0.500000,0.500000,1500.0000,0.296750,160.874468,extrusion,725,8523
-723.3850,-198.2470,-500.2500,0.500000,-0.500000,-0.500000,0.500000,1500.0000,0.091480,160.867526,extrusion,725,8524
-726.1950,-201.0570,-500.2500,0.500000,-0.500000,-0.500000,0.500000,1500.0000,0.426200,160.873084,extrusion,725,8525
-726.1950,-201.9100,-500.2500,0.500000,-0.500000,-0.500000,0.500000,1500.0000,0.091480,160.867526,extrusion,725,8526
-722.7760,-198.4910,-500.2500,0.500000,-0.500000,-0.500000,0.500000,1500.0000,0.518570,160.873514,extrusion,725,8527
-722.7080,-198.3230,-500.2500,0.500000,-0.500000,-0.500000,0.500000,1500.0000,0.019440,160.891483,extrusion,725,8528
-722.6390,-198.1550,-500.2500,0.500000,-0.500000,-0.500000,0.500000,1500.0000,0.017970,148.416126,extrusion,725,8530
-722.6840,-198.1100,-500.2500,0.500000,-0.500000,-0.500000,0.500000,1500.0000,0.005770,136.000204,extrusion,725,8532
-722.6680,-198.0480,-500.2500,0.500000,-0.500000,-0.500000,0.500000,1500.0000,0.005800,135.871173,extrusion,725,8533
-722.6060,-198.0320,-500.2500,0.500000,-0.500000,-0.500000,0.500000,1500.0000,0.005800,135.871173,extrusion,725,8534
-722.5610,-198.0770,-500.2500,0.500000,-0.500000,-0.500000,0.500000,1500.0000,0.005770,136.000204,extrusion,725,8535
-722.5780,-198.1390,-500.2500,0.500000,-0.500000,-0.500000,0.500000,1500.0000,0.005830,136.027624,extrusion,725,8536
-722.7760,-199.3450,-500.2500,0.500000,-0.500000,-0.500000,0.500000,900.0000,0.000000,0.000000,travel,726,8538
-726.1950,-202.7630,-500.2500,0.500000,-0.500000,-0.500000,0.500000,1500.0000,0.518500,160.875323,extrusion,727,8541
-726.3850,-203.6700,-500.2500,0.500000,-0.500000,-0.500000,0.500000,1500.0000,0.099390,160.879544,extrusion,727,8542
-726.4300,-203.6250,-500.2500,0.500000,-0.500000,-0.500000,0.500000,1500.0000,0.005770,136.000204,extrusion,727,8544
-726.4140,-203.5640,-500.2500,0.500000,-0.500000,-0.500000,0.500000,1500.0000,0.005720,136.053429,extrusion,727,8545
-726.3520,-203.5470,-500.2500,0.500000,-0.500000,-0.500000,0.500000,1500.0000,0.005830,136.027624,extrusion,727,8546
-726.3070,-203.5920,-500.2500,0.500000,-0.500000,-0.500000,0.500000,1500.0000,0.005770,136.000204,extrusion,727,8547
-726.3240,-203.6540,-500.2500,0.500000,-0.500000,-0.500000,0.500000,1500.0000,0.005830,136.027624,extrusion,727,8548
-726.1680,-203.5440,-500.2500,0.500000,-0.500000,-0.500000,0.500000,1500.0000,0.018890,148.442367,extrusion,727,8550
-726.0130,-203.4350,-500.2500,0.500000,-0.500000,-0.500000,0.500000,1500.0000,0.020320,160.853846,extrusion,727,8552
-722.7760,-200.1980,-500.2500,0.500000,-0.500000,-0.500000,0.500000,1500.0000,0.490970,160.874984,extrusion,727,8553
-722.7760,-201.0510,-500.2500,0.500000,-0.500000,-0.500000,0.500000,1500.0000,0.091480,160.867526,extrusion,727,8554
-725.1590,-203.4350,-500.2500,0.500000,-0.500000,-0.500000,0.500000,1500.0000,0.361520,160.876802,extrusion,727,8555
-724.3060,-203.4350,-500.2500,0.500000,-0.500000,-0.500000,0.500000,1500.0000,0.091480,160.867526,extrusion,727,8556
-722.7760,-201.9050,-500.2500,0.500000,-0.500000,-0.500000,0.500000,1500.0000,0.232060,160.873725,extrusion,727,8557
-723.3640,-203.2730,-500.2500,0.500000,-0.500000,-0.500000,0.500000,900.0000,0.000000,0.000000,travel,728,8559
-722.7240,-202.6330,-500.2500,0.500000,-0.500000,-0.500000,0.500000,1500.0000,0.080410,133.262007,extrusion,729,8562
-722.7240,-203.4860,-500.2500,0.500000,-0.500000,-0.500000,0.500000,1500.0000,0.075780,133.259086,extrusion,729,8563
-723.5770,-203.4860,-500.2500,0.500000,-0.500000,-0.500000,0.500000,1500.0000,0.075780,133.259086,extrusion,729,8564
-708.5540,-201.1610,-499.8000,0.500000,-0.500000,-0.500000,0.500000,900.0000,0.000000,0.000000,travel,730,8570
-708.5540,-197.7940,-499.8000,0.500000,-0.500000,-0.500000,0.500000,900.0000,0.361110,96.524800,extrusion,731,8573
-712.5450,-197.7940,-499.8000,0.500000,-0.500000,-0.500000,0.500000,900.0000,0.428030,96.523929,extrusion,731,8574
-712.5450,-203.8870,-499.8000,0.500000,-0.500000,-0.500000,0.500000,900.0000,0.653470,96.524372,extrusion,731,8575
-708.5540,-203.8870,-499.8000,0.500000,-0.500000,-0.500000,0.500000,900.0000,0.428030,96.523929,extrusion,731,8576
-708.5540,-201.8920,-499.8000,0.500000,-0.500000,-0.500000,0.500000,900.0000,0.213960,96.523308,extrusion,731,8577
-708.5540,-201.1610,-499.8000,0.500000,-0.500000,-0.500000,0.500000,900.0000,0.078400,96.525308,extrusion,731,8578
-707.9510,-201.1610,-499.8000,0.500000,-0.500000,-0.500000,0.500000,900.0000,0.000000,0.000000,travel,732,8579
-707.9510,-197.1910,-499.8000,0.500000,-0.500000,-0.500000,0.500000,900.0000,0.425780,96.524433,extrusion,733,8581
-713.1480,-197.1910,-499.8000,0.500000,-0.500000,-0.500000,0.500000,900.0000,0.557380,96.525303,extrusion,733,8582
-713.1480,-204.4910,-499.8000,0.500000,-0.500000,-0.500000,0.500000,900.0000,0.782920,96.524384,extrusion,733,8583
-707.9510,-204.4910,-499.8000,0.500000,-0.500000,-0.500000,0.500000,900.0000,0.557380,96.525303,extrusion,733,8584
-707.9510,-201.8920,-499.8000,0.500000,-0.500000,-0.500000,0.500000,900.0000,0.278740,96.524048,extrusion,733,8585
-707.9510,-201.1610,-499.8000,0.500000,-0.500000,-0.500000,0.500000,900.0000,0.078400,96.525308,extrusion,733,8586
-711.9280,-203.3860,-499.8000,0.500000,-0.500000,-0.500000,0.500000,900.0000,0.000000,0.000000,travel,734,8588
-711.9950,-203.4520,-499.8000,0.500000,-0.500000,-0.500000,0.500000,1500.0000,0.012530,199.845057,extrusion,735,8592
-712.0850,-203.4280,-499.8000,0.500000,-0.500000,-0.500000,0.500000,1500.0000,0.012410,199.849593,extrusion,735,8593
-712.1100,-203.3370,-499.8000,0.500000,-0.500000,-0.500000,0.500000,1500.0000,0.012580,199.954211,extrusion,735,8594
-712.0430,-203.2710,-499.8000,0.500000,-0.500000,-0.500000,0.500000,1500.0000,0.012530,199.845057,extrusion,735,8595
-711.9530,-203.2950,-499.8000,0.500000,-0.500000,-0.500000,0.500000,1500.0000,0.012410,199.849593,extrusion,735,8596
-712.0920,-202.3310,-499.8000,0.500000,-0.500000,-0.500000,0.500000,1500.0000,0.104460,160.877693,extrusion,735,8598
-710.9890,-203.4350,-499.8000,0.500000,-0.500000,-0.500000,0.500000,1500.0000,0.167370,160.872383,extrusion,735,8599
-710.8510,-203.5410,-499.8000,0.500000,-0.500000,-0.500000,0.500000,1500.0000,0.018660,160.851444,extrusion,735,8600
-710.7120,-203.6470,-499.8000,0.500000,-0.500000,-0.500000,0.500000,1500.0000,0.017300,148.450616,extrusion,735,8602
-710.7740,-203.6310,-499.8000,0.500000,-0.500000,-0.500000,0.500000,1500.0000,0.005800,135.871173,extrusion,735,8604
-710.8190,-203.6760,-499.8000,0.500000,-0.500000,-0.500000,0.500000,1500.0000,0.005770,136.000204,extrusion,735,8605
-710.8020,-203.7370,-499.8000,0.500000,-0.500000,-0.500000,0.500000,1500.0000,0.005740,135.966202,extrusion,735,8606
-710.7410,-203.7540,-499.8000,0.500000,-0.500000,-0.500000,0.500000,1500.0000,0.005740,135.966202,extrusion,735,8607
-710.6960,-203.7090,-499.8000,0.500000,-0.500000,-0.500000,0.500000,1500.0000,0.005770,136.000204,extrusion,735,8608
-710.1360,-203.4350,-499.8000,0.500000,-0.500000,-0.500000,0.500000,1500.0000,0.066860,160.865817,extrusion,735,8610
-712.0920,-201.4780,-499.8000,0.500000,-0.500000,-0.500000,0.500000,1500.0000,0.296750,160.874468,extrusion,735,8611
-712.0920,-200.6250,-499.8000,0.500000,-0.500000,-0.500000,0.500000,1500.0000,0.091480,160.867526,extrusion,735,8612
-709.2820,-203.4350,-499.8000,0.500000,-0.500000,-0.500000,0.500000,1500.0000,0.426200,160.873084,extrusion,735,8613
-709.0500,-203.4840,-499.8000,0.500000,-0.500000,-0.500000,0.500000,1500.0000,0.025430,160.869194,extrusion,735,8614
-708.8170,-203.5340,-499.8000,0.500000,-0.500000,-0.500000,0.500000,1500.0000,0.023580,148.423596,extrusion,735,8616
-708.8790,-203.5180,-499.8000,0.500000,-0.500000,-0.500000,0.500000,1500.0000,0.005800,135.871173,extrusion,735,8618
-708.9240,-203.5630,-499.8000,0.500000,-0.500000,-0.500000,0.500000,1500.0000,0.005770,136.000204,extrusion,735,8619
-708.9070,-203.6240,-499.8000,0.500000,-0.500000,-0.500000,0.500000,1500.0000,0.005740,135.966202,extrusion,735,8620
-708.8460,-203.6410,-499.8000,0.500000,-0.500000,-0.500000,0.500000,1500.0000,0.005740,135.966202,extrusion,735,8621
-708.8010,-203.5960,-499.8000,0.500000,-0.500000,-0.500000,0.500000,1500.0000,0.005770,136.000204,extrusion,735,8622
-709.0070,-202.8570,-499.8000,0.500000,-0.500000,-0.500000,0.500000,1500.0000,0.082280,160.876007,extrusion,735,8624
-712.0920,-199.7710,-499.8000,0.500000,-0.500000,-0.500000,0.500000,1500.0000,0.467990,160.874525,extrusion,735,8625
-712.0920,-198.9180,-499.8000,0.500000,-0.500000,-0.500000,0.500000,1500.0000,0.091480,160.867526,extrusion,735,8626
-709.0070,-202.0030,-499.8000,0.500000,-0.500000,-0.500000,0.500000,1500.0000,0.467910,160.873096,extrusion,735,8627
-709.0070,-201.1500,-499.8000,0.500000,-0.500000,-0.500000,0.500000,1500.0000,0.091480,160.867526,extrusion,735,8628
-711.9100,-198.2470,-499.8000,0.500000,-0.500000,-0.500000,0.500000,1500.0000,0.440310,160.874709,extrusion,735,8629
-712.0570,-198.1680,-499.8000,0.500000,-0.500000,-0.500000,0.500000,1500.0000,0.017900,160.890978,extrusion,735,8630
-712.2050,-198.0890,-499.8000,0.500000,-0.500000,-0.500000,0.500000,1500.0000,0.016600,148.422151,extrusion,735,8632
-712.2500,-198.1340,-499.8000,0.500000,-0.500000,-0.500000,0.500000,1500.0000,0.005770,136.000204,extrusion,735,8634
-712.3110,-198.1180,-499.8000,0.500000,-0.500000,-0.500000,0.500000,1500.0000,0.005720,136.053429,extrusion,735,8635
-712.3280,-198.0560,-499.8000,0.500000,-0.500000,-0.500000,0.500000,1500.0000,0.005830,136.027624,extrusion,735,8636
-712.2830,-198.0110,-499.8000,0.500000,-0.500000,-0.500000,0.500000,1500.0000,0.005770,136.000204,extrusion,735,8637
-712.2210,-198.0270,-499.8000,0.500000,-0.500000,-0.500000,0.500000,1500.0000,0.005800,135.871173,extrusion,735,8638
-711.0570,-198.2470,-499.8000,0.500000,-0.500000,-0.500000,0.500000,1500.0000,0.127050,160.876009,extrusion,735,8640
-709.0070,-200.2960,-499.8000,0.500000,-0.500000,-0.500000,0.500000,1500.0000,0.310860,160.876707,extrusion,735,8641
-709.0070,-199.4430,-499.8000,0.500000,-0.500000,-0.500000,0.500000,1500.0000,0.091480,160.867526,extrusion,735,8642
-710.2030,-198.2470,-499.8000,0.500000,-0.500000,-0.500000,0.500000,1500.0000,0.181400,160.872705,extrusion,735,8643
-710.2880,-198.1260,-499.8000,0.500000,-0.500000,-0.500000,0.500000,1500.0000,0.015860,160.882857,extrusion,735,8644
-710.3730,-198.0060,-499.8000,0.500000,-0.500000,-0.500000,0.500000,1500.0000,0.014550,148.414453,extrusion,735,8646
-710.4180,-198.0510,-499.8000,0.500000,-0.500000,-0.500000,0.500000,1500.0000,0.005770,136.000204,extrusion,735,8648
-710.4800,-198.0340,-499.8000,0.500000,-0.500000,-0.500000,0.500000,1500.0000,0.005830,136.027624,extrusion,735,8649
-710.4970,-197.9730,-499.8000,0.500000,-0.500000,-0.500000,0.500000,1500.0000,0.005740,135.966202,extrusion,735,8650
-710.4510,-197.9270,-499.8000,0.500000,-0.500000,-0.500000,0.500000,1500.0000,0.005900,136.041196,extrusion,735,8651
-710.3900,-197.9440,-499.8000,0.500000,-0.500000,-0.500000,0.500000,1500.0000,0.005740,135.966202,extrusion,735,8652
-709.0360,-198.2760,-499.8000,0.500000,-0.500000,-0.500000,0.500000,900.0000,0.000000,0.000000,travel,736,8654
-709.1330,-198.2500,-499.8000,0.500000,-0.500000,-0.500000,0.500000,1500.0000,0.014360,214.490345,extrusion,737,8657
-709.2040,-198.3210,-499.8000,0.500000,-0.500000,-0.500000,0.500000,1500.0000,0.014360,214.522254,extrusion,737,8658
-709.1780,-198.4180,-499.8000,0.500000,-0.500000,-0.500000,0.500000,1500.0000,0.014360,214.490345,extrusion,737,8659
-709.0810,-198.4440,-499.8000,0.500000,-0.500000,-0.500000,0.500000,1500.0000,0.014360,214.490345,extrusion,737,8660
-709.0100,-198.3730,-499.8000,0.500000,-0.500000,-0.500000,0.500000,1500.0000,0.014360,214.522254,extrusion,737,8661
-725.8290,-203.8870,-499.8000,0.500000,-0.500000,-0.500000,0.500000,900.0000,0.000000,0.000000,travel,738,8664
-722.6570,-203.8870,-499.8000,0.500000,-0.500000,-0.500000,0.500000,900.0000,0.340200,96.525851,extrusion,739,8667
-722.6570,-201.8920,-499.8000,0.500000,-0.500000,-0.500000,0.500000,900.0000,0.213960,96.523308,extrusion,739,8668
-722.6570,-197.7940,-499.8000,0.500000,-0.500000,-0.500000,0.500000,900.0000,0.439510,96.524890,extrusion,739,8669
-726.6470,-197.7940,-499.8000,0.500000,-0.500000,-0.500000,0.500000,900.0000,0.427930,96.525564,extrusion,739,8670
-726.6470,-203.8870,-499.8000,0.500000,-0.500000,-0.500000,0.500000,900.0000,0.653470,96.524372,extrusion,739,8671
-725.8290,-203.8870,-499.8000,0.500000,-0.500000,-0.500000,0.500000,900.0000,0.087730,96.524450,extrusion,739,8672
-725.8290,-204.4910,-499.8000,0.500000,-0.500000,-0.500000,0.500000,900.0000,0.000000,0.000000,travel,740,8673
-722.0530,-204.4910,-499.8000,0.500000,-0.500000,-0.500000,0.500000,900.0000,0.404980,96.525953,extrusion,741,8675
-722.0530,-201.8920,-499.8000,0.500000,-0.500000,-0.500000,0.500000,900.0000,0.278740,96.524048,extrusion,741,8676
-722.0530,-197.1910,-499.8000,0.500000,-0.500000,-0.500000,0.500000,900.0000,0.504180,96.524569,extrusion,741,8677
-727.2510,-197.1910,-499.8000,0.500000,-0.500000,-0.500000,0.500000,900.0000,0.557480,96.524048,extrusion,741,8678
-727.2510,-204.4910,-499.8000,0.500000,-0.500000,-0.500000,0.500000,900.0000,0.782920,96.524384,extrusion,741,8679
-725.8290,-204.4910,-499.8000,0.500000,-0.500000,-0.500000,0.500000,900.0000,0.152510,96.525316,extrusion,741,8680
-726.0310,-203.3860,-499.8000,0.500000,-0.500000,-0.500000,0.500000,900.0000,0.000000,0.000000,travel,742,8681
-726.0970,-203.4520,-499.8000,0.500000,-0.500000,-0.500000,0.500000,1500.0000,0.012440,199.918372,extrusion,743,8685
-726.1880,-203.4280,-499.8000,0.500000,-0.500000,-0.500000,0.500000,1500.0000,0.012540,199.869015,extrusion,743,8686
-726.2120,-203.3370,-499.8000,0.500000,-0.500000,-0.500000,0.500000,1500.0000,0.012540,199.869015,extrusion,743,8687
-726.1460,-203.2710,-499.8000,0.500000,-0.500000,-0.500000,0.500000,1500.0000,0.012440,199.918372,extrusion,743,8688
-726.0550,-203.2950,-499.8000,0.500000,-0.500000,-0.500000,0.500000,1500.0000,0.012540,199.869015,extrusion,743,8689
-726.3910,-202.1160,-499.8000,0.500000,-0.500000,-0.500000,0.500000,900.0000,0.000000,0.000000,travel,744,8691
-726.4360,-202.1610,-499.8000,0.500000,-0.500000,-0.500000,0.500000,1500.0000,0.005770,136.000204,extrusion,745,8694
-726.4970,-202.1450,-499.8000,0.500000,-0.500000,-0.500000,0.500000,1500.0000,0.005720,136.053429,extrusion,745,8695
-726.5140,-202.0830,-499.8000,0.500000,-0.500000,-0.500000,0.500000,1500.0000,0.005830,136.027624,extrusion,745,8696
-726.4690,-202.0380,-499.8000,0.500000,-0.500000,-0.500000,0.500000,1500.0000,0.005770,136.000204,extrusion,745,8697
-726.4070,-202.0550,-499.8000,0.500000,-0.500000,-0.500000,0.500000,1500.0000,0.005830,136.027624,extrusion,745,8698
-726.3010,-202.1930,-499.8000,0.500000,-0.500000,-0.500000,0.500000,1500.0000,0.017220,148.438471,extrusion,745,8700
-726.1950,-202.3310,-499.8000,0.500000,-0.500000,-0.500000,0.500000,1500.0000,0.018660,160.851444,extrusion,745,8702
-725.0910,-203.4350,-499.8000,0.500000,-0.500000,-0.500000,0.500000,1500.0000,0.167450,160.876400,extrusion,745,8703
-724.9530,-203.5410,-499.8000,0.500000,-0.500000,-0.500000,0.500000,1500.0000,0.018660,160.851444,extrusion,745,8704
-724.8150,-203.6470,-499.8000,0.500000,-0.500000,-0.500000,0.500000,1500.0000,0.017220,148.438471,extrusion,745,8706
-724.8760,-203.6310,-499.8000,0.500000,-0.500000,-0.500000,0.500000,1500.0000,0.005720,136.053429,extrusion,745,8708
-724.9210,-203.6760,-499.8000,0.500000,-0.500000,-0.500000,0.500000,1500.0000,0.005770,136.000204,extrusion,745,8709
-724.9050,-203.7370,-499.8000,0.500000,-0.500000,-0.500000,0.500000,1500.0000,0.005720,136.053429,extrusion,745,8710
-724.8430,-203.7540,-499.8000,0.500000,-0.500000,-0.500000,0.500000,1500.0000,0.005830,136.027624,extrusion,745,8711
-724.7980,-203.7090,-499.8000,0.500000,-0.500000,-0.500000,0.500000,1500.0000,0.005770,136.000204,extrusion,745,8712
-724.2380,-203.4350,-499.8000,0.500000,-0.500000,-0.500000,0.500000,1500.0000,0.066860,160.865817,extrusion,745,8714
-726.1950,-201.4780,-499.8000,0.500000,-0.500000,-0.500000,0.500000,1500.0000,0.296830,160.876729,extrusion,745,8715
-726.1950,-200.6250,-499.8000,0.500000,-0.500000,-0.500000,0.500000,1500.0000,0.091480,160.867526,extrusion,745,8716
-723.3850,-203.4350,-499.8000,0.500000,-0.500000,-0.500000,0.500000,1500.0000,0.426200,160.873084,extrusion,745,8717
-723.1520,-203.4840,-499.8000,0.500000,-0.500000,-0.500000,0.500000,1500.0000,0.025540,160.901067,extrusion,745,8718
-722.9200,-203.5340,-499.8000,0.500000,-0.500000,-0.500000,0.500000,1500.0000,0.023480,148.402975,extrusion,745,8720
-722.9810,-203.5180,-499.8000,0.500000,-0.500000,-0.500000,0.500000,1500.0000,0.005720,136.053429,extrusion,745,8722
-723.0260,-203.5630,-499.8000,0.500000,-0.500000,-0.500000,0.500000,1500.0000,0.005770,136.000204,extrusion,745,8723
-723.0100,-203.6240,-499.8000,0.500000,-0.500000,-0.500000,0.500000,1500.0000,0.005720,136.053429,extrusion,745,8724
-722.9480,-203.6410,-499.8000,0.500000,-0.500000,-0.500000,0.500000,1500.0000,0.005830,136.027624,extrusion,745,8725
-722.9030,-203.5960,-499.8000,0.500000,-0.500000,-0.500000,0.500000,1500.0000,0.005770,136.000204,extrusion,745,8726
-723.1090,-202.8570,-499.8000,0.500000,-0.500000,-0.500000,0.500000,1500.0000,0.082280,160.876007,extrusion,745,8728
-726.1950,-199.7710,-499.8000,0.500000,-0.500000,-0.500000,0.500000,1500.0000,0.468070,160.875958,extrusion,745,8729
-726.1950,-198.9180,-499.8000,0.500000,-0.500000,-0.500000,0.500000,1500.0000,0.091480,160.867526,extrusion,745,8730
-723.1090,-202.0030,-499.8000,0.500000,-0.500000,-0.500000,0.500000,1500.0000,0.467990,160.874525,extrusion,745,8731
-723.1090,-201.1500,-499.8000,0.500000,-0.500000,-0.500000,0.500000,1500.0000,0.091480,160.867526,extrusion,745,8732
-726.0130,-198.2470,-499.8000,0.500000,-0.500000,-0.500000,0.500000,1500.0000,0.440390,160.876227,extrusion,745,8733
-726.1600,-198.1680,-499.8000,0.500000,-0.500000,-0.500000,0.500000,1500.0000,0.017900,160.890978,extrusion,745,8734
-726.3070,-198.0890,-499.8000,0.500000,-0.500000,-0.500000,0.500000,1500.0000,0.016510,148.397209,extrusion,745,8736
-726.3520,-198.1340,-499.8000,0.500000,-0.500000,-0.500000,0.500000,1500.0000,0.005770,136.000204,extrusion,745,8738
-726.4140,-198.1180,-499.8000,0.500000,-0.500000,-0.500000,0.500000,1500.0000,0.005800,135.871173,extrusion,745,8739
-726.4300,-198.0560,-499.8000,0.500000,-0.500000,-0.500000,0.500000,1500.0000,0.005800,135.871173,extrusion,745,8740
-726.3850,-198.0110,-499.8000,0.500000,-0.500000,-0.500000,0.500000,1500.0000,0.005770,136.000204,extrusion,745,8741
-726.3240,-198.0270,-499.8000,0.500000,-0.500000,-0.500000,0.500000,1500.0000,0.005720,136.053429,extrusion,745,8742
-725.1590,-198.2470,-499.8000,0.500000,-0.500000,-0.500000,0.500000,1500.0000,0.127150,160.869194,extrusion,745,8744
-723.1090,-200.2960,-499.8000,0.500000,-0.500000,-0.500000,0.500000,1500.0000,0.310860,160.876707,extrusion,745,8745
-722.7900,-199.6910,-499.8000,0.500000,-0.500000,-0.500000,0.500000,1500.0000,0.073350,160.867298,extrusion,745,8746
-722.8350,-199.7360,-499.8000,0.500000,-0.500000,-0.500000,0.500000,1500.0000,0.005770,136.000204,extrusion,745,8748
-722.8970,-199.7200,-499.8000,0.500000,-0.500000,-0.500000,0.500000,1500.0000,0.005800,135.871173,extrusion,745,8749
-722.9130,-199.6580,-499.8000,0.500000,-0.500000,-0.500000,0.500000,1500.0000,0.005800,135.871173,extrusion,745,8750
-722.8680,-199.6130,-499.8000,0.500000,-0.500000,-0.500000,0.500000,1500.0000,0.005770,136.000204,extrusion,745,8751
-722.8070,-199.6300,-499.8000,0.500000,-0.500000,-0.500000,0.500000,1500.0000,0.005740,135.966202,extrusion,745,8752
-722.9580,-199.5360,-499.8000,0.500000,-0.500000,-0.500000,0.500000,1500.0000,0.017600,148.424734,extrusion,745,8754
-723.1090,-199.4430,-499.8000,0.500000,-0.500000,-0.500000,0.500000,1500.0000,0.019020,160.876069,extrusion,745,8756
-724.3060,-198.2470,-499.8000,0.500000,-0.500000,-0.500000,0.500000,1500.0000,0.181480,160.876382,extrusion,745,8757
-724.3990,-198.0950,-499.8000,0.500000,-0.500000,-0.500000,0.500000,1500.0000,0.019110,160.864260,extrusion,745,8758
-724.4920,-197.9440,-499.8000,0.500000,-0.500000,-0.500000,0.500000,1500.0000,0.017550,148.442430,extrusion,745,8760
-724.5540,-197.9270,-499.8000,0.500000,-0.500000,-0.500000,0.500000,1500.0000,0.005830,136.027624,extrusion,745,8762
-724.5990,-197.9730,-499.8000,0.500000,-0.500000,-0.500000,0.500000,1500.0000,0.005830,135.896164,extrusion,745,8763
-724.5830,-198.0340,-499.8000,0.500000,-0.500000,-0.500000,0.500000,1500.0000,0.005720,136.053429,extrusion,745,8764
-724.5210,-198.0510,-499.8000,0.500000,-0.500000,-0.500000,0.500000,1500.0000,0.005830,136.027624,extrusion,745,8765
-724.4760,-198.0060,-499.8000,0.500000,-0.500000,-0.500000,0.500000,1500.0000,0.005770,136.000204,extrusion,745,8766
-723.1390,-198.2760,-499.8000,0.500000,-0.500000,-0.500000,0.500000,900.0000,0.000000,0.000000,travel,746,8768
-723.2360,-198.2500,-499.8000,0.500000,-0.500000,-0.500000,0.500000,1500.0000,0.014360,214.490345,extrusion,747,8771
-723.3070,-198.3210,-499.8000,0.500000,-0.500000,-0.500000,0.500000,1500.0000,0.014360,214.522254,extrusion,747,8772
-723.2810,-198.4180,-499.8000,0.500000,-0.500000,-0.500000,0.500000,1500.0000,0.014360,214.490345,extrusion,747,8773
-723.1840,-198.4440,-499.8000,0.500000,-0.500000,-0.500000,0.500000,1500.0000,0.014360,214.490345,extrusion,747,8774
-723.1130,-198.3730,-499.8000,0.500000,-0.500000,-0.500000,0.500000,1500.0000,0.014360,214.522254,extrusion,747,8775
-712.2590,-199.8540,-499.3500,0.500000,-0.500000,-0.500000,0.500000,900.0000,0.000000,0.000000,travel,748,8781
-712.2590,-203.8870,-499.3500,0.500000,-0.500000,-0.500000,0.500000,900.0000,0.432540,96.525167,extrusion,749,8784
-708.5540,-203.8870,-499.3500,0.500000,-0.500000,-0.500000,0.500000,900.0000,0.397360,96.524696,extrusion,749,8785
-708.5540,-202.0350,-499.3500,0.500000,-0.500000,-0.500000,0.500000,900.0000,0.198630,96.526458,extrusion,749,8786
-708.5540,-197.7940,-499.3500,0.500000,-0.500000,-0.500000,0.500000,900.0000,0.454850,96.525584,extrusion,749,8787
-712.2590,-197.7940,-499.3500,0.500000,-0.500000,-0.500000,0.500000,900.0000,0.397360,96.524696,extrusion,749,8788
-712.2590,-199.8540,-499.3500,0.500000,-0.500000,-0.500000,0.500000,900.0000,0.220930,96.522816,extrusion,749,8789
-712.8620,-199.8540,-499.3500,0.500000,-0.500000,-0.500000,0.500000,900.0000,0.000000,0.000000,travel,750,8790
-712.8620,-204.4910,-499.3500,0.500000,-0.500000,-0.500000,0.500000,900.0000,0.497320,96.525340,extrusion,751,8792
-707.9510,-204.4910,-499.3500,0.500000,-0.500000,-0.500000,0.500000,900.0000,0.526700,96.524130,extrusion,751,8793
-707.9510,-202.0350,-499.3500,0.500000,-0.500000,-0.500000,0.500000,900.0000,0.263410,96.526466,extrusion,751,8794
-707.9510,-197.1910,-499.3500,0.500000,-0.500000,-0.500000,0.500000,900.0000,0.519520,96.525186,extrusion,751,8795
-712.8620,-197.1910,-499.3500,0.500000,-0.500000,-0.500000,0.500000,900.0000,0.526700,96.524130,extrusion,751,8796
-712.8620,-199.8540,-499.3500,0.500000,-0.500000,-0.500000,0.500000,900.0000,0.285610,96.526098,extrusion,751,8797
-711.8060,-203.1330,-499.3500,0.500000,-0.500000,-0.500000,0.500000,900.0000,0.000000,0.000000,travel,752,8799
-711.8060,-198.2470,-499.3500,0.500000,-0.500000,-0.500000,0.500000,1500.0000,0.524020,160.873926,extrusion,753,8802
-709.0070,-198.2470,-499.3500,0.500000,-0.500000,-0.500000,0.500000,1500.0000,0.300190,160.873526,extrusion,753,8803
-709.0070,-203.4350,-499.3500,0.500000,-0.500000,-0.500000,0.500000,1500.0000,0.556410,160.874133,extrusion,753,8804
-711.8060,-203.4350,-499.3500,0.500000,-0.500000,-0.500000,0.500000,1500.0000,0.300190,160.873526,extrusion,753,8805
-711.2030,-202.8310,-499.3500,0.500000,-0.500000,-0.500000,0.500000,1500.0000,0.091540,160.882848,extrusion,753,8806
-709.6100,-202.8310,-499.3500,0.500000,-0.500000,-0.500000,0.500000,1500.0000,0.170850,160.875706,extrusion,753,8807
-709.6100,-198.8500,-499.3500,0.500000,-0.500000,-0.500000,0.500000,1500.0000,0.426960,160.874152,extrusion,753,8808
-711.2030,-198.8500,-499.3500,0.500000,-0.500000,-0.500000,0.500000,1500.0000,0.170850,160.875706,extrusion,753,8809
-711.2030,-202.5290,-499.3500,0.500000,-0.500000,-0.500000,0.500000,1500.0000,0.394570,160.873879,extrusion,753,8810
-710.6540,-199.6460,-499.3500,0.500000,-0.500000,-0.500000,0.500000,900.0000,0.000000,0.000000,travel,754,8813
-710.6540,-202.2820,-499.3500,0.500000,-0.500000,-0.500000,0.500000,1500.0000,0.231750,131.875948,extrusion,755,8816
-710.1590,-202.2820,-499.3500,0.500000,-0.500000,-0.500000,0.500000,1500.0000,0.043520,131.878788,extrusion,755,8817
-710.1590,-199.3990,-499.3500,0.500000,-0.500000,-0.500000,0.500000,1500.0000,0.253470,131.878252,extrusion,755,8818
-710.6000,-199.3990,-499.3500,0.500000,-0.500000,-0.500000,0.500000,1500.0000,0.038770,131.870748,extrusion,755,8819
-726.6470,-203.7630,-499.3500,0.500000,-0.500000,-0.500000,0.500000,900.0000,0.000000,0.000000,travel,756,8822
-726.6470,-203.8870,-499.3500,0.500000,-0.500000,-0.500000,0.500000,900.0000,0.013300,96.532258,extrusion,757,8825
-722.9430,-203.8870,-499.3500,0.500000,-0.500000,-0.500000,0.500000,900.0000,0.397250,96.524028,extrusion,757,8826
-722.9430,-202.0350,-499.3500,0.500000,-0.500000,-0.500000,0.500000,900.0000,0.198630,96.526458,extrusion,757,8827
-722.9430,-197.7940,-499.3500,0.500000,-0.500000,-0.500000,0.500000,900.0000,0.454850,96.525584,extrusion,757,8828
-726.6470,-197.7940,-499.3500,0.500000,-0.500000,-0.500000,0.500000,900.0000,0.397250,96.524028,extrusion,757,8829
-726.6470,-203.7630,-499.3500,0.500000,-0.500000,-0.500000,0.500000,900.0000,0.640170,96.524208,extrusion,757,8830
-727.0540,-204.4910,-499.3500,0.500000,-0.500000,-0.500000,0.500000,900.0000,0.000000,0.000000,travel,758,8831
-722.3390,-204.4910,-499.3500,0.500000,-0.500000,-0.500000,0.500000,900.0000,0.505680,96.524284,extrusion,759,8833
-722.3390,-202.0350,-499.3500,0.500000,-0.500000,-0.500000,0.500000,900.0000,0.263410,96.526466,extrusion,759,8834
-722.3390,-197.1910,-499.3500,0.500000,-0.500000,-0.500000,0.500000,900.0000,0.519520,96.525186,extrusion,759,8835
-727.2510,-197.1910,-499.3500,0.500000,-0.500000,-0.500000,0.500000,900.0000,0.526810,96.524634,extrusion,759,8836
-727.2510,-204.4910,-499.3500,0.500000,-0.500000,-0.500000,0.500000,900.0000,0.782920,96.524384,extrusion,759,8837
-727.0540,-204.4910,-499.3500,0.500000,-0.500000,-0.500000,0.500000,900.0000,0.021130,96.532995,extrusion,759,8838
-726.1950,-198.2470,-499.3500,0.500000,-0.500000,-0.500000,0.500000,900.0000,0.000000,0.000000,travel,760,8840
-726.1950,-203.4350,-499.3500,0.500000,-0.500000,-0.500000,0.500000,1500.0000,0.556410,160.874133,extrusion,761,8843
-723.3950,-203.4350,-499.3500,0.500000,-0.500000,-0.500000,0.500000,1500.0000,0.300300,160.875000,extrusion,761,8844
-723.3950,-198.2470,-499.3500,0.500000,-0.500000,-0.500000,0.500000,1500.0000,0.556410,160.874133,extrusion,761,8845
-725.8930,-198.2470,-499.3500,0.500000,-0.500000,-0.500000,0.500000,1500.0000,0.267910,160.874700,extrusion,761,8846
-725.5910,-198.8500,-499.3500,0.500000,-0.500000,-0.500000,0.500000,1500.0000,0.072330,160.876752,extrusion,761,8847
-725.5910,-202.8310,-499.3500,0.500000,-0.500000,-0.500000,0.500000,1500.0000,0.426960,160.874152,extrusion,761,8848
-723.9990,-202.8310,-499.3500,0.500000,-0.500000,-0.500000,0.500000,1500.0000,0.170740,160.873116,extrusion,761,8849
-723.9990,-198.8500,-499.3500,0.500000,-0.500000,-0.500000,0.500000,1500.0000,0.426960,160.874152,extrusion,761,8850
-725.2900,-198.8500,-499.3500,0.500000,-0.500000,-0.500000,0.500000,1500.0000,0.138460,160.875290,extrusion,761,8851
-725.2070,-199.0330,-499.3500,0.500000,-0.500000,-0.500000,0.500000,1500.0000,0.021550,160.866692,extrusion,761,8852
-725.1250,-199.2160,-499.3500,0.500000,-0.500000,-0.500000,0.500000,1500.0000,0.020210,151.173036,extrusion,761,8854
-725.0420,-199.3990,-499.3500,0.500000,-0.500000,-0.500000,0.500000,1500.0000,0.018960,141.532830,extrusion,761,8856
-725.0420,-202.2820,-499.3500,0.500000,-0.500000,-0.500000,0.500000,1500.0000,0.253470,131.878252,extrusion,761,8858
-724.5480,-202.2820,-499.3500,0.500000,-0.500000,-0.500000,0.500000,1500.0000,0.043430,131.872470,extrusion,761,8859
-724.5480,-199.3990,-499.3500,0.500000,-0.500000,-0.500000,0.500000,1500.0000,0.253470,131.878252,extrusion,761,8860
-724.7410,-199.3990,-499.3500,0.500000,-0.500000,-0.500000,0.500000,1500.0000,0.016970,131.891192,extrusion,761,8861
-709.9450,-197.7940,-498.9000,0.500000,-0.500000,-0.500000,0.500000,900.0000,0.000000,0.000000,travel,762,8867
-712.0490,-197.7940,-498.9000,0.500000,-0.500000,-0.500000,0.500000,900.0000,0.225650,96.523289,extrusion,763,8870
-712.0490,-203.8870,-498.9000,0.500000,-0.500000,-0.500000,0.500000,900.0000,0.653470,96.524372,extrusion,763,8871
-708.5540,-203.8870,-498.9000,0.500000,-0.500000,-0.500000,0.500000,900.0000,0.374840,96.525322,extrusion,763,8872
-708.5540,-202.1400,-498.9000,0.500000,-0.500000,-0.500000,0.500000,900.0000,0.187370,96.527189,extrusion,763,8873
-708.5540,-197.7940,-498.9000,0.500000,-0.500000,-0.500000,0.500000,900.0000,0.466110,96.525311,extrusion,763,8874
-709.9450,-197.7940,-498.9000,0.500000,-0.500000,-0.500000,0.500000,900.0000,0.149180,96.521927,extrusion,763,8875
-709.9450,-197.1910,-498.9000,0.500000,-0.500000,-0.500000,0.500000,900.0000,0.000000,0.000000,travel,764,8876
-712.6530,-197.1910,-498.9000,0.500000,-0.500000,-0.500000,0.500000,900.0000,0.290430,96.524003,extrusion,765,8878
-712.6530,-204.4910,-498.9000,0.500000,-0.500000,-0.500000,0.500000,900.0000,0.782920,96.524384,extrusion,765,8879
-707.9510,-204.4910,-498.9000,0.500000,-0.500000,-0.500000,0.500000,900.0000,0.504290,96.525096,extrusion,765,8880
-707.9510,-202.1400,-498.9000,0.500000,-0.500000,-0.500000,0.500000,900.0000,0.252140,96.523182,extrusion,765,8881
-707.9510,-197.1910,-498.9000,0.500000,-0.500000,-0.500000,0.500000,900.0000,0.530780,96.524955,extrusion,765,8882
-709.9450,-197.1910,-498.9000,0.500000,-0.500000,-0.500000,0.500000,900.0000,0.213860,96.526580,extrusion,765,8883
-711.5970,-203.4350,-498.9000,0.500000,-0.500000,-0.500000,0.500000,900.0000,0.000000,0.000000,travel,766,8885
-709.0070,-203.4350,-498.9000,0.500000,-0.500000,-0.500000,0.500000,1500.0000,0.277780,160.876448,extrusion,767,8888
-709.0070,-198.2470,-498.9000,0.500000,-0.500000,-0.500000,0.500000,1500.0000,0.556410,160.874133,extrusion,767,8889
-711.5970,-198.2470,-498.9000,0.500000,-0.500000,-0.500000,0.500000,1500.0000,0.277780,160.876448,extrusion,767,8890
-711.5970,-203.1330,-498.9000,0.500000,-0.500000,-0.500000,0.500000,1500.0000,0.524020,160.873926,extrusion,767,8891
-710.9930,-202.8310,-498.9000,0.500000,-0.500000,-0.500000,0.500000,1500.0000,0.072420,160.863619,extrusion,767,8892
-709.6100,-202.8310,-498.9000,0.500000,-0.500000,-0.500000,0.500000,1500.0000,0.148330,160.878525,extrusion,767,8893
-709.6100,-198.8500,-498.9000,0.500000,-0.500000,-0.500000,0.500000,1500.0000,0.426960,160.874152,extrusion,767,8894
-710.9930,-198.8500,-498.9000,0.500000,-0.500000,-0.500000,0.500000,1500.0000,0.148330,160.878525,extrusion,767,8895
-710.9930,-202.5290,-498.9000,0.500000,-0.500000,-0.500000,0.500000,1500.0000,0.394570,160.873879,extrusion,767,8896
-710.3020,-202.1400,-498.9000,0.500000,-0.500000,-0.500000,0.500000,1500.0000,0.085050,160.882431,extrusion,767,8897
-710.3020,-199.5410,-498.9000,0.500000,-0.500000,-0.500000,0.500000,1500.0000,0.360070,207.812620,extrusion,767,8899
-723.1520,-198.3930,-498.9000,0.500000,-0.500000,-0.500000,0.500000,900.0000,0.000000,0.000000,travel,768,8902
-723.1520,-197.7940,-498.9000,0.500000,-0.500000,-0.500000,0.500000,900.0000,0.064240,96.520868,extrusion,769,8905
-726.6470,-197.7940,-498.9000,0.500000,-0.500000,-0.500000,0.500000,900.0000,0.374840,96.525322,extrusion,769,8906
-726.6470,-203.8870,-498.9000,0.500000,-0.500000,-0.500000,0.500000,900.0000,0.653470,96.524372,extrusion,769,8907
-723.1520,-203.8870,-498.9000,0.500000,-0.500000,-0.500000,0.500000,900.0000,0.374840,96.525322,extrusion,769,8908
-723.1520,-202.1400,-498.9000,0.500000,-0.500000,-0.500000,0.500000,900.0000,0.187370,96.527189,extrusion,769,8909
-723.1520,-198.3930,-498.9000,0.500000,-0.500000,-0.500000,0.500000,900.0000,0.401860,96.523619,extrusion,769,8910
-722.5490,-198.3930,-498.9000,0.500000,-0.500000,-0.500000,0.500000,900.0000,0.000000,0.000000,travel,770,8911
-722.5490,-197.1910,-498.9000,0.500000,-0.500000,-0.500000,0.500000,900.0000,0.128910,96.521631,extrusion,771,8913
-727.2510,-197.1910,-498.9000,0.500000,-0.500000,-0.500000,0.500000,900.0000,0.504290,96.525096,extrusion,771,8914
-727.2510,-204.4910,-498.9000,0.500000,-0.500000,-0.500000,0.500000,900.0000,0.782920,96.524384,extrusion,771,8915
-722.5490,-204.4910,-498.9000,0.500000,-0.500000,-0.500000,0.500000,900.0000,0.504290,96.525096,extrusion,771,8916
-722.5490,-202.1400,-498.9000,0.500000,-0.500000,-0.500000,0.500000,900.0000,0.252140,96.523182,extrusion,771,8917
-722.5490,-198.3930,-498.9000,0.500000,-0.500000,-0.500000,0.500000,900.0000,0.401860,96.523619,extrusion,771,8918
-723.9070,-203.4350,-498.9000,0.500000,-0.500000,-0.500000,0.500000,900.0000,0.000000,0.000000,travel,772,8920
-726.1950,-203.4350,-498.9000,0.500000,-0.500000,-0.500000,0.500000,1500.0000,0.245390,160.876311,extrusion,773,8923
-726.1950,-198.2470,-498.9000,0.500000,-0.500000,-0.500000,0.500000,1500.0000,0.556410,160.874133,extrusion,773,8924
-723.6050,-198.2470,-498.9000,0.500000,-0.500000,-0.500000,0.500000,1500.0000,0.277780,160.876448,extrusion,773,8925
-723.6050,-203.4350,-498.9000,0.500000,-0.500000,-0.500000,0.500000,1500.0000,0.556410,160.874133,extrusion,773,8926
-724.2080,-202.8310,-498.9000,0.500000,-0.500000,-0.500000,0.500000,1500.0000,0.091540,160.882848,extrusion,773,8927
-724.2080,-198.8500,-498.9000,0.500000,-0.500000,-0.500000,0.500000,1500.0000,0.426960,160.874152,extrusion,773,8928
-725.5910,-198.8500,-498.9000,0.500000,-0.500000,-0.500000,0.500000,1500.0000,0.148330,160.878525,extrusion,773,8929
-725.5910,-202.8310,-498.9000,0.500000,-0.500000,-0.500000,0.500000,1500.0000,0.426960,160.874152,extrusion,773,8930
-724.5100,-202.8310,-498.9000,0.500000,-0.500000,-0.500000,0.500000,1500.0000,0.115940,160.878816,extrusion,773,8931
-724.9000,-202.1400,-498.9000,0.500000,-0.500000,-0.500000,0.500000,1500.0000,0.085100,160.877390,extrusion,773,8932
-724.9000,-199.5410,-498.9000,0.500000,-0.500000,-0.500000,0.500000,1500.0000,0.360070,207.812620,extrusion,773,8934
-708.7590,-197.7940,-498.4500,0.500000,-0.500000,-0.500000,0.500000,900.0000,0.000000,0.000000,travel,774,8940
-711.8860,-197.7940,-498.4500,0.500000,-0.500000,-0.500000,0.500000,900.0000,0.335370,96.524784,extrusion,775,8943
-711.8860,-203.8870,-498.4500,0.500000,-0.500000,-0.500000,0.500000,900.0000,0.653470,96.524372,extrusion,775,8944
-708.5540,-203.8870,-498.4500,0.500000,-0.500000,-0.500000,0.500000,900.0000,0.357360,96.525810,extrusion,775,8945
-708.5540,-202.2210,-498.4500,0.500000,-0.500000,-0.500000,0.500000,900.0000,0.178680,96.525810,extrusion,775,8946
-708.5540,-197.7940,-498.4500,0.500000,-0.500000,-0.500000,0.500000,900.0000,0.474790,96.523831,extrusion,775,8947
-708.7590,-197.7940,-498.4500,0.500000,-0.500000,-0.500000,0.500000,900.0000,0.021990,96.541463,extrusion,775,8948
-708.7590,-197.1910,-498.4500,0.500000,-0.500000,-0.500000,0.500000,900.0000,0.000000,0.000000,travel,776,8949
-712.4890,-197.1910,-498.4500,0.500000,-0.500000,-0.500000,0.500000,900.0000,0.400040,96.524397,extrusion,777,8951
-712.4890,-204.4910,-498.4500,0.500000,-0.500000,-0.500000,0.500000,900.0000,0.782920,96.524384,extrusion,777,8952
-707.9510,-204.4910,-498.4500,0.500000,-0.500000,-0.500000,0.500000,900.0000,0.486700,96.524901,extrusion,777,8953
-707.9510,-202.2210,-498.4500,0.500000,-0.500000,-0.500000,0.500000,900.0000,0.243460,96.525991,extrusion,777,8954
-707.9510,-197.1910,-498.4500,0.500000,-0.500000,-0.500000,0.500000,900.0000,0.539470,96.525447,extrusion,777,8955
-708.7590,-197.1910,-498.4500,0.500000,-0.500000,-0.500000,0.500000,900.0000,0.086660,96.527228,extrusion,777,8956
-711.4330,-198.2470,-498.4500,0.500000,-0.500000,-0.500000,0.500000,900.0000,0.000000,0.000000,travel,778,8958
-711.4330,-203.4350,-498.4500,0.500000,-0.500000,-0.500000,0.500000,1500.0000,0.556410,160.874133,extrusion,779,8961
-709.0070,-203.4350,-498.4500,0.500000,-0.500000,-0.500000,0.500000,1500.0000,0.260190,160.875927,extrusion,779,8962
-709.0070,-198.2470,-498.4500,0.500000,-0.500000,-0.500000,0.500000,1500.0000,0.556410,160.874133,extrusion,779,8963
-711.1320,-198.2470,-498.4500,0.500000,-0.500000,-0.500000,0.500000,1500.0000,0.227910,160.877647,extrusion,779,8964
-710.8300,-202.5290,-498.4500,0.500000,-0.500000,-0.500000,0.500000,900.0000,0.000000,0.000000,travel,780,8967
-710.8300,-198.8500,-498.4500,0.500000,-0.500000,-0.500000,0.500000,1500.0000,0.394570,160.873879,extrusion,781,8969
-709.6100,-198.8500,-498.4500,0.500000,-0.500000,-0.500000,0.500000,1500.0000,0.130840,160.868852,extrusion,781,8970
-709.6100,-202.8310,-498.4500,0.500000,-0.500000,-0.500000,0.500000,1500.0000,0.426960,160.874152,extrusion,781,8971
-710.8300,-202.8310,-498.4500,0.500000,-0.500000,-0.500000,0.500000,1500.0000,0.130840,160.868852,extrusion,781,8972
-710.2200,-202.2210,-498.4500,0.500000,-0.500000,-0.500000,0.500000,1500.0000,0.092520,160.872589,extrusion,781,8973
-710.2200,-199.4600,-498.4500,0.500000,-0.500000,-0.500000,0.500000,1500.0000,0.302420,164.299167,extrusion,781,8975
-726.6470,-199.5370,-498.4500,0.500000,-0.500000,-0.500000,0.500000,900.0000,0.000000,0.000000,travel,782,8978
-726.6470,-203.8870,-498.4500,0.500000,-0.500000,-0.500000,0.500000,900.0000,0.466540,96.525517,extrusion,783,8981
-723.3160,-203.8870,-498.4500,0.500000,-0.500000,-0.500000,0.500000,900.0000,0.357250,96.525068,extrusion,783,8982
-723.3160,-202.2210,-498.4500,0.500000,-0.500000,-0.500000,0.500000,900.0000,0.178680,96.525810,extrusion,783,8983
-723.3160,-197.7940,-498.4500,0.500000,-0.500000,-0.500000,0.500000,900.0000,0.474790,96.523831,extrusion,783,8984
-726.6470,-197.7940,-498.4500,0.500000,-0.500000,-0.500000,0.500000,900.0000,0.357250,96.525068,extrusion,783,8985
-726.6470,-199.5370,-498.4500,0.500000,-0.500000,-0.500000,0.500000,900.0000,0.186940,96.526678,extrusion,783,8986
-727.2510,-199.5370,-498.4500,0.500000,-0.500000,-0.500000,0.500000,900.0000,0.000000,0.000000,travel,784,8987
-727.2510,-204.4910,-498.4500,0.500000,-0.500000,-0.500000,0.500000,900.0000,0.531320,96.525636,extrusion,785,8989
-722.7120,-204.4910,-498.4500,0.500000,-0.500000,-0.500000,0.500000,900.0000,0.486810,96.525446,extrusion,785,8990
-722.7120,-202.2210,-498.4500,0.500000,-0.500000,-0.500000,0.500000,900.0000,0.243460,96.525991,extrusion,785,8991
-722.7120,-197.1910,-498.4500,0.500000,-0.500000,-0.500000,0.500000,900.0000,0.539470,96.525447,extrusion,785,8992
-727.2510,-197.1910,-498.4500,0.500000,-0.500000,-0.500000,0.500000,900.0000,0.486810,96.525446,extrusion,785,8993
-727.2510,-199.5370,-498.4500,0.500000,-0.500000,-0.500000,0.500000,900.0000,0.251610,96.525575,extrusion,785,8994
-726.1950,-198.2470,-498.4500,0.500000,-0.500000,-0.500000,0.500000,900.0000,0.000000,0.000000,travel,786,8995
-726.1950,-203.4350,-498.4500,0.500000,-0.500000,-0.500000,0.500000,1500.0000,0.556410,160.874133,extrusion,787,8998
-723.7680,-203.4350,-498.4500,0.500000,-0.500000,-0.500000,0.500000,1500.0000,0.260300,160.877627,extrusion,787,8999
-723.7680,-198.2470,-498.4500,0.500000,-0.500000,-0.500000,0.500000,1500.0000,0.556410,160.874133,extrusion,787,9000
-725.8930,-198.2470,-498.4500,0.500000,-0.500000,-0.500000,0.500000,1500.0000,0.227910,160.877647,extrusion,787,9001
-725.5910,-198.8500,-498.4500,0.500000,-0.500000,-0.500000,0.500000,1500.0000,0.072330,160.876752,extrusion,787,9002
-725.5910,-202.8310,-498.4500,0.500000,-0.500000,-0.500000,0.500000,1500.0000,0.426960,160.874152,extrusion,787,9003
-724.3720,-202.8310,-498.4500,0.500000,-0.500000,-0.500000,0.500000,1500.0000,0.130740,160.877769,extrusion,787,9004
-724.3720,-198.8500,-498.4500,0.500000,-0.500000,-0.500000,0.500000,1500.0000,0.426960,160.874152,extrusion,787,9005
-725.2900,-198.8500,-498.4500,0.500000,-0.500000,-0.500000,0.500000,1500.0000,0.098460,160.882353,extrusion,787,9006
-724.9820,-199.4600,-498.4500,0.500000,-0.500000,-0.500000,0.500000,1500.0000,0.073290,160.877119,extrusion,787,9007
-724.9820,-202.2210,-498.4500,0.500000,-0.500000,-0.500000,0.500000,1500.0000,0.302420,164.299167,extrusion,787,9009
-711.7650,-198.0170,-498.0000,0.500000,-0.500000,-0.500000,0.500000,900.0000,0.000000,0.000000,travel,788,9015
-711.7650,-203.8870,-498.0000,0.500000,-0.500000,-0.500000,0.500000,900.0000,0.629560,96.525383,extrusion,789,9018
-708.5540,-203.8870,-498.0000,0.500000,-0.500000,-0.500000,0.500000,900.0000,0.344380,96.525070,extrusion,789,9019
-708.5540,-202.2820,-498.0000,0.500000,-0.500000,-0.500000,0.500000,900.0000,0.172140,96.527103,extrusion,789,9020
-708.5540,-197.7940,-498.0000,0.500000,-0.500000,-0.500000,0.500000,900.0000,0.481340,96.525401,extrusion,789,9021
-711.7650,-197.7940,-498.0000,0.500000,-0.500000,-0.500000,0.500000,900.0000,0.344380,96.525070,extrusion,789,9022
-711.7650,-198.0170,-498.0000,0.500000,-0.500000,-0.500000,0.500000,900.0000,0.023920,96.538117,extrusion,789,9023
-712.3300,-197.1910,-498.0000,0.500000,-0.500000,-0.500000,0.500000,900.0000,0.000000,0.000000,travel,790,9024
-712.3690,-197.1910,-498.0000,0.500000,-0.500000,-0.500000,0.500000,900.0000,0.004180,96.461538,extrusion,791,9026
-712.3690,-204.4910,-498.0000,0.500000,-0.500000,-0.500000,0.500000,900.0000,0.782920,96.524384,extrusion,791,9027
-707.9510,-204.4910,-498.0000,0.500000,-0.500000,-0.500000,0.500000,900.0000,0.473830,96.524898,extrusion,791,9028
-707.9510,-202.2820,-498.0000,0.500000,-0.500000,-0.500000,0.500000,900.0000,0.236910,96.522861,extrusion,791,9029
-707.9510,-197.1910,-498.0000,0.500000,-0.500000,-0.500000,0.500000,900.0000,0.546010,96.525044,extrusion,791,9030
-712.3300,-197.1910,-498.0000,0.500000,-0.500000,-0.500000,0.500000,900.0000,0.469650,96.525462,extrusion,791,9031
-709.3080,-203.4350,-498.0000,0.500000,-0.500000,-0.500000,0.500000,900.0000,0.000000,0.000000,travel,792,9033
-711.3130,-203.4350,-498.0000,0.500000,-0.500000,-0.500000,0.500000,1500.0000,0.215040,160.877805,extrusion,793,9036
-711.3130,-198.2470,-498.0000,0.500000,-0.500000,-0.500000,0.500000,1500.0000,0.556410,160.874133,extrusion,793,9037
-709.0070,-198.2470,-498.0000,0.500000,-0.500000,-0.500000,0.500000,1500.0000,0.247320,160.875976,extrusion,793,9038
-709.0070,-203.4350,-498.0000,0.500000,-0.500000,-0.500000,0.500000,1500.0000,0.556410,160.874133,extrusion,793,9039
-709.6100,-202.8310,-498.0000,0.500000,-0.500000,-0.500000,0.500000,1500.0000,0.091540,160.882848,extrusion,793,9040
-709.6100,-198.8500,-498.0000,0.500000,-0.500000,-0.500000,0.500000,1500.0000,0.426960,160.874152,extrusion,793,9041
-710.7090,-198.8500,-498.0000,0.500000,-0.500000,-0.500000,0.500000,1500.0000,0.117870,160.878071,extrusion,793,9042
-710.7090,-202.8310,-498.0000,0.500000,-0.500000,-0.500000,0.500000,1500.0000,0.426960,160.874152,extrusion,793,9043
-709.9120,-202.8310,-498.0000,0.500000,-0.500000,-0.500000,0.500000,1500.0000,0.085480,160.878294,extrusion,793,9044
-710.1600,-202.2820,-498.0000,0.500000,-0.500000,-0.500000,0.500000,1500.0000,0.064610,160.877209,extrusion,793,9045
-710.1600,-199.4000,-498.0000,0.500000,-0.500000,-0.500000,0.500000,1500.0000,0.253910,132.153019,extrusion,793,9047
-723.4360,-200.7100,-498.0000,0.500000,-0.500000,-0.500000,0.500000,900.0000,0.000000,0.000000,travel,794,9050
-723.4360,-197.7940,-498.0000,0.500000,-0.500000,-0.500000,0.500000,900.0000,0.312740,96.524691,extrusion,795,9053
-726.6470,-197.7940,-498.0000,0.500000,-0.500000,-0.500000,0.500000,900.0000,0.344380,96.525070,extrusion,795,9054
-726.6470,-203.8870,-498.0000,0.500000,-0.500000,-0.500000,0.500000,900.0000,0.653470,96.524372,extrusion,795,9055
-723.4360,-203.8870,-498.0000,0.500000,-0.500000,-0.500000,0.500000,900.0000,0.344380,96.525070,extrusion,795,9056
-723.4360,-202.2820,-498.0000,0.500000,-0.500000,-0.500000,0.500000,900.0000,0.172140,96.527103,extrusion,795,9057
-723.4360,-200.7100,-498.0000,0.500000,-0.500000,-0.500000,0.500000,900.0000,0.168600,96.526718,extrusion,795,9058
-722.8330,-200.7100,-498.0000,0.500000,-0.500000,-0.500000,0.500000,900.0000,0.000000,0.000000,travel,796,9059
-722.8330,-197.1910,-498.0000,0.500000,-0.500000,-0.500000,0.500000,900.0000,0.377410,96.524297,extrusion,797,9061
-727.2510,-197.1910,-498.0000,0.500000,-0.500000,-0.500000,0.500000,900.0000,0.473830,96.524898,extrusion,797,9062
-727.2510,-204.4910,-498.0000,0.500000,-0.500000,-0.500000,0.500000,900.0000,0.782920,96.524384,extrusion,797,9063
-722.8330,-204.4910,-498.0000,0.500000,-0.500000,-0.500000,0.500000,900.0000,0.473830,96.524898,extrusion,797,9064
-722.8330,-202.2820,-498.0000,0.500000,-0.500000,-0.500000,0.500000,900.0000,0.236910,96.522861,extrusion,797,9065
-722.8330,-200.7100,-498.0000,0.500000,-0.500000,-0.500000,0.500000,900.0000,0.168600,96.526718,extrusion,797,9066
-726.1950,-203.4350,-498.0000,0.500000,-0.500000,-0.500000,0.500000,900.0000,0.000000,0.000000,travel,798,9068
-723.8890,-203.4350,-498.0000,0.500000,-0.500000,-0.500000,0.500000,1500.0000,0.247320,160.875976,extrusion,799,9071
-723.8890,-198.2470,-498.0000,0.500000,-0.500000,-0.500000,0.500000,1500.0000,0.556410,160.874133,extrusion,799,9072
-726.1950,-198.2470,-498.0000,0.500000,-0.500000,-0.500000,0.500000,1500.0000,0.247320,160.875976,extrusion,799,9073
-726.1950,-203.1330,-498.0000,0.500000,-0.500000,-0.500000,0.500000,1500.0000,0.524020,160.873926,extrusion,799,9074
-725.5910,-202.8310,-498.0000,0.500000,-0.500000,-0.500000,0.500000,1500.0000,0.072420,160.863619,extrusion,799,9075
-724.4920,-202.8310,-498.0000,0.500000,-0.500000,-0.500000,0.500000,1500.0000,0.117870,160.878071,extrusion,799,9076
-724.4920,-198.8500,-498.0000,0.500000,-0.500000,-0.500000,0.500000,1500.0000,0.426960,160.874152,extrusion,799,9077
-725.5910,-198.8500,-498.0000,0.500000,-0.500000,-0.500000,0.500000,1500.0000,0.117870,160.878071,extrusion,799,9078
-725.5910,-202.5290,-498.0000,0.500000,-0.500000,-0.500000,0.500000,1500.0000,0.394570,160.873879,extrusion,799,9079
-725.0420,-202.2820,-498.0000,0.500000,-0.500000,-0.500000,0.500000,1500.0000,0.064560,160.862456,extrusion,799,9080
-725.0420,-199.4000,-498.0000,0.500000,-0.500000,-0.500000,0.500000,1500.0000,0.253910,132.153019,extrusion,799,9082
-708.5540,-197.7960,-497.5500,0.500000,-0.500000,-0.500000,0.500000,900.0000,0.000000,0.000000,travel,800,9088
-708.5540,-197.7940,-497.5500,0.500000,-0.500000,-0.500000,0.500000,900.0000,0.000210,94.500000,extrusion,801,9091
-711.6980,-197.7940,-497.5500,0.500000,-0.500000,-0.500000,0.500000,900.0000,0.337190,96.523855,extrusion,801,9092
-711.6980,-203.8870,-497.5500,0.500000,-0.500000,-0.500000,0.500000,900.0000,0.653470,96.524372,extrusion,801,9093
-708.5540,-203.8870,-497.5500,0.500000,-0.500000,-0.500000,0.500000,900.0000,0.337190,96.523855,extrusion,801,9094
-708.5540,-202.3150,-497.5500,0.500000,-0.500000,-0.500000,0.500000,900.0000,0.168600,96.526718,extrusion,801,9095
-708.5540,-197.7960,-497.5500,0.500000,-0.500000,-0.500000,0.500000,900.0000,0.484660,96.524452,extrusion,801,9096
-708.5020,-197.1910,-497.5500,0.500000,-0.500000,-0.500000,0.500000,900.0000,0.000000,0.000000,travel,802,9097
-712.3010,-197.1910,-497.5500,0.500000,-0.500000,-0.500000,0.500000,900.0000,0.407440,96.524349,extrusion,803,9099
-712.3010,-204.4910,-497.5500,0.500000,-0.500000,-0.500000,0.500000,900.0000,0.782920,96.524384,extrusion,803,9100
-707.9510,-204.4910,-497.5500,0.500000,-0.500000,-0.500000,0.500000,900.0000,0.466540,96.525517,extrusion,803,9101
-707.9510,-202.3150,-497.5500,0.500000,-0.500000,-0.500000,0.500000,900.0000,0.233380,96.526654,extrusion,803,9102
-707.9510,-197.1910,-497.5500,0.500000,-0.500000,-0.500000,0.500000,900.0000,0.549550,96.525176,extrusion,803,9103
-708.5020,-197.1910,-497.5500,0.500000,-0.500000,-0.500000,0.500000,900.0000,0.059090,96.517241,extrusion,803,9104
-711.2450,-198.2470,-497.5500,0.500000,-0.500000,-0.500000,0.500000,900.0000,0.000000,0.000000,travel,804,9106
-711.2450,-203.4350,-497.5500,0.500000,-0.500000,-0.500000,0.500000,1500.0000,0.556410,160.874133,extrusion,805,9109
-709.0070,-203.4350,-497.5500,0.500000,-0.500000,-0.500000,0.500000,1500.0000,0.240020,160.871314,extrusion,805,9110
-709.0070,-198.2470,-497.5500,0.500000,-0.500000,-0.500000,0.500000,1500.0000,0.556410,160.874133,extrusion,805,9111
-710.9430,-198.2470,-497.5500,0.500000,-0.500000,-0.500000,0.500000,1500.0000,0.207640,160.878099,extrusion,805,9112
-710.5350,-202.4220,-497.5500,0.500000,-0.500000,-0.500000,0.500000,900.0000,0.000000,0.000000,travel,806,9115
-710.5350,-198.9570,-497.5500,0.500000,-0.500000,-0.500000,0.500000,1500.0000,0.503420,217.930736,extrusion,807,9118
-709.7170,-198.9570,-497.5500,0.500000,-0.500000,-0.500000,0.500000,1500.0000,0.118850,217.940098,extrusion,807,9119
-709.7170,-202.7240,-497.5500,0.500000,-0.500000,-0.500000,0.500000,1500.0000,0.547300,217.932041,extrusion,807,9120
-710.5350,-202.7240,-497.5500,0.500000,-0.500000,-0.500000,0.500000,1500.0000,0.118850,217.940098,extrusion,807,9121
-723.5040,-202.5260,-497.5500,0.500000,-0.500000,-0.500000,0.500000,900.0000,0.000000,0.000000,travel,808,9124
-723.5040,-202.3150,-497.5500,0.500000,-0.500000,-0.500000,0.500000,900.0000,0.022630,96.526066,extrusion,809,9127
-723.5040,-197.7940,-497.5500,0.500000,-0.500000,-0.500000,0.500000,900.0000,0.484880,96.525547,extrusion,809,9128
-726.6470,-197.7940,-497.5500,0.500000,-0.500000,-0.500000,0.500000,900.0000,0.337090,96.525931,extrusion,809,9129
-726.6470,-203.8870,-497.5500,0.500000,-0.500000,-0.500000,0.500000,900.0000,0.653470,96.524372,extrusion,809,9130
-723.5040,-203.8870,-497.5500,0.500000,-0.500000,-0.500000,0.500000,900.0000,0.337090,96.525931,extrusion,809,9131
-723.5040,-202.5260,-497.5500,0.500000,-0.500000,-0.500000,0.500000,900.0000,0.145970,96.526819,extrusion,809,9132
-722.9000,-202.5260,-497.5500,0.500000,-0.500000,-0.500000,0.500000,900.0000,0.000000,0.000000,travel,810,9133
-722.9000,-202.3150,-497.5500,0.500000,-0.500000,-0.500000,0.500000,900.0000,0.022630,96.526066,extrusion,811,9135
-722.9000,-197.1910,-497.5500,0.500000,-0.500000,-0.500000,0.500000,900.0000,0.549550,96.525176,extrusion,811,9136
-727.2510,-197.1910,-497.5500,0.500000,-0.500000,-0.500000,0.500000,900.0000,0.466640,96.524017,extrusion,811,9137
-727.2510,-204.4910,-497.5500,0.500000,-0.500000,-0.500000,0.500000,900.0000,0.782920,96.524384,extrusion,811,9138
-722.9000,-204.4910,-497.5500,0.500000,-0.500000,-0.500000,0.500000,900.0000,0.466640,96.524017,extrusion,811,9139
-722.9000,-202.5260,-497.5500,0.500000,-0.500000,-0.500000,0.500000,900.0000,0.210750,96.526718,extrusion,811,9140
-726.1950,-198.2470,-497.5500,0.500000,-0.500000,-0.500000,0.500000,900.0000,0.000000,0.000000,travel,812,9142
-726.1950,-203.4350,-497.5500,0.500000,-0.500000,-0.500000,0.500000,1500.0000,0.556410,160.874133,extrusion,813,9145
-723.9560,-203.4350,-497.5500,0.500000,-0.500000,-0.500000,0.500000,1500.0000,0.240130,160.873158,extrusion,813,9146
-723.9560,-198.2470,-497.5500,0.500000,-0.500000,-0.500000,0.500000,1500.0000,0.556410,160.874133,extrusion,813,9147
-725.8930,-198.2470,-497.5500,0.500000,-0.500000,-0.500000,0.500000,1500.0000,0.207740,160.872483,extrusion,813,9148
-725.4840,-198.9570,-497.5500,0.500000,-0.500000,-0.500000,0.500000,1500.0000,0.087880,160.878046,extrusion,813,9149
-725.4840,-202.7240,-497.5500,0.500000,-0.500000,-0.500000,0.500000,1500.0000,0.547300,217.932041,extrusion,813,9151
-724.6670,-202.7240,-497.5500,0.500000,-0.500000,-0.500000,0.500000,1500.0000,0.118700,217.931457,extrusion,813,9152
-724.6670,-198.9570,-497.5500,0.500000,-0.500000,-0.500000,0.500000,1500.0000,0.547300,217.932041,extrusion,813,9153
-725.1830,-198.9570,-497.5500,0.500000,-0.500000,-0.500000,0.500000,1500.0000,0.074970,217.936047,extrusion,813,9154
-708.5540,-201.1120,-497.1000,0.500000,-0.500000,-0.500000,0.500000,900.0000,0.000000,0.000000,travel,814,9160
-708.5540,-197.7940,-497.1000,0.500000,-0.500000,-0.500000,0.500000,900.0000,0.355850,96.523508,extrusion,815,9163
-711.6580,-197.7940,-497.1000,0.500000,-0.500000,-0.500000,0.500000,900.0000,0.332900,96.523840,extrusion,815,9164
-711.6580,-203.8870,-497.1000,0.500000,-0.500000,-0.500000,0.500000,900.0000,0.653470,96.524372,extrusion,815,9165
-708.5540,-203.8870,-497.1000,0.500000,-0.500000,-0.500000,0.500000,900.0000,0.332900,96.523840,extrusion,815,9166
-708.5540,-202.3350,-497.1000,0.500000,-0.500000,-0.500000,0.500000,900.0000,0.166450,96.523840,extrusion,815,9167
-708.5540,-201.1120,-497.1000,0.500000,-0.500000,-0.500000,0.500000,900.0000,0.131170,96.527392,extrusion,815,9168
-707.9510,-201.1120,-497.1000,0.500000,-0.500000,-0.500000,0.500000,900.0000,0.000000,0.000000,travel,816,9169
-707.9510,-197.1910,-497.1000,0.500000,-0.500000,-0.500000,0.500000,900.0000,0.420530,96.525631,extrusion,817,9171
-712.2620,-197.1910,-497.1000,0.500000,-0.500000,-0.500000,0.500000,900.0000,0.462350,96.524008,extrusion,817,9172
-712.2620,-204.4910,-497.1000,0.500000,-0.500000,-0.500000,0.500000,900.0000,0.782920,96.524384,extrusion,817,9173
-707.9510,-204.4910,-497.1000,0.500000,-0.500000,-0.500000,0.500000,900.0000,0.462350,96.524008,extrusion,817,9174
-707.9510,-202.3350,-497.1000,0.500000,-0.500000,-0.500000,0.500000,900.0000,0.231230,96.524583,extrusion,817,9175
-707.9510,-201.1120,-497.1000,0.500000,-0.500000,-0.500000,0.500000,900.0000,0.131170,96.527392,extrusion,817,9176
-711.2060,-203.4350,-497.1000,0.500000,-0.500000,-0.500000,0.500000,900.0000,0.000000,0.000000,travel,818,9178
-709.0070,-203.4350,-497.1000,0.500000,-0.500000,-0.500000,0.500000,1500.0000,0.235840,160.873124,extrusion,819,9181
-709.0070,-198.2470,-497.1000,0.500000,-0.500000,-0.500000,0.500000,1500.0000,0.556410,160.874133,extrusion,819,9182
-711.2060,-198.2470,-497.1000,0.500000,-0.500000,-0.500000,0.500000,1500.0000,0.235840,160.873124,extrusion,819,9183
-711.2060,-203.1330,-497.1000,0.500000,-0.500000,-0.500000,0.500000,1500.0000,0.524020,160.873926,extrusion,819,9184
-710.5050,-202.7340,-497.1000,0.500000,-0.500000,-0.500000,0.500000,1500.0000,0.086510,160.879191,extrusion,819,9185
-709.7070,-202.7340,-497.1000,0.500000,-0.500000,-0.500000,0.500000,1500.0000,0.113150,212.687970,extrusion,819,9187
-709.7070,-198.9470,-497.1000,0.500000,-0.500000,-0.500000,0.500000,1500.0000,0.536960,212.685503,extrusion,819,9188
-710.5050,-198.9470,-497.1000,0.500000,-0.500000,-0.500000,0.500000,1500.0000,0.113150,212.687970,extrusion,819,9189
-710.5050,-202.4320,-497.1000,0.500000,-0.500000,-0.500000,0.500000,1500.0000,0.494140,212.685796,extrusion,819,9190
-726.6470,-203.6950,-497.1000,0.500000,-0.500000,-0.500000,0.500000,900.0000,0.000000,0.000000,travel,820,9193
-726.6470,-203.8870,-497.1000,0.500000,-0.500000,-0.500000,0.500000,900.0000,0.020590,96.515625,extrusion,821,9196
-723.5430,-203.8870,-497.1000,0.500000,-0.500000,-0.500000,0.500000,900.0000,0.332900,96.523840,extrusion,821,9197
-723.5430,-202.3350,-497.1000,0.500000,-0.500000,-0.500000,0.500000,900.0000,0.166450,96.523840,extrusion,821,9198
-723.5430,-197.7940,-497.1000,0.500000,-0.500000,-0.500000,0.500000,900.0000,0.487020,96.524554,extrusion,821,9199
-726.6470,-197.7940,-497.1000,0.500000,-0.500000,-0.500000,0.500000,900.0000,0.332900,96.523840,extrusion,821,9200
-726.6470,-203.6950,-497.1000,0.500000,-0.500000,-0.500000,0.500000,900.0000,0.632880,96.524657,extrusion,821,9201
-727.1660,-204.4910,-497.1000,0.500000,-0.500000,-0.500000,0.500000,900.0000,0.000000,0.000000,travel,822,9202
-722.9400,-204.4910,-497.1000,0.500000,-0.500000,-0.500000,0.500000,900.0000,0.453240,96.525319,extrusion,823,9204
-722.9400,-202.3350,-497.1000,0.500000,-0.500000,-0.500000,0.500000,900.0000,0.231230,96.524583,extrusion,823,9205
-722.9400,-197.1910,-497.1000,0.500000,-0.500000,-0.500000,0.500000,900.0000,0.551690,96.524300,extrusion,823,9206
-727.2510,-197.1910,-497.1000,0.500000,-0.500000,-0.500000,0.500000,900.0000,0.462350,96.524008,extrusion,823,9207
-727.2510,-204.4910,-497.1000,0.500000,-0.500000,-0.500000,0.500000,900.0000,0.782920,96.524384,extrusion,823,9208
-727.1660,-204.4910,-497.1000,0.500000,-0.500000,-0.500000,0.500000,900.0000,0.009120,96.564706,extrusion,823,9209
-726.1950,-203.4350,-497.1000,0.500000,-0.500000,-0.500000,0.500000,900.0000,0.000000,0.000000,travel,824,9210
-723.9960,-203.4350,-497.1000,0.500000,-0.500000,-0.500000,0.500000,1500.0000,0.235840,160.873124,extrusion,825,9213
-723.9960,-198.2470,-497.1000,0.500000,-0.500000,-0.500000,0.500000,1500.0000,0.556410,160.874133,extrusion,825,9214
-726.1950,-198.2470,-497.1000,0.500000,-0.500000,-0.500000,0.500000,1500.0000,0.235840,160.873124,extrusion,825,9215
-726.1950,-203.1330,-497.1000,0.500000,-0.500000,-0.500000,0.500000,1500.0000,0.524020,160.873926,extrusion,825,9216
-725.4940,-202.7340,-497.1000,0.500000,-0.500000,-0.500000,0.500000,1500.0000,0.086510,160.879191,extrusion,825,9217
-724.6960,-202.7340,-497.1000,0.500000,-0.500000,-0.500000,0.500000,1500.0000,0.113150,212.687970,extrusion,825,9219
-724.6960,-198.9470,-497.1000,0.500000,-0.500000,-0.500000,0.500000,1500.0000,0.536960,212.685503,extrusion,825,9220
-725.4940,-198.9470,-497.1000,0.500000,-0.500000,-0.500000,0.500000,1500.0000,0.113150,212.687970,extrusion,825,9221
-725.4940,-202.4320,-497.1000,0.500000,-0.500000,-0.500000,0.500000,1500.0000,0.494140,212.685796,extrusion,825,9222
-708.5540,-197.8410,-496.6500,0.500000,-0.500000,-0.500000,0.500000,900.0000,0.000000,0.000000,travel,826,9228
-708.5540,-197.7940,-496.6500,0.500000,-0.500000,-0.500000,0.500000,900.0000,0.005040,96.510638,extrusion,827,9231
-711.6760,-197.7940,-496.6500,0.500000,-0.500000,-0.500000,0.500000,900.0000,0.334830,96.523703,extrusion,827,9232
-711.6760,-203.8870,-496.6500,0.500000,-0.500000,-0.500000,0.500000,900.0000,0.653470,96.524372,extrusion,827,9233
-708.5540,-203.8870,-496.6500,0.500000,-0.500000,-0.500000,0.500000,900.0000,0.334830,96.523703,extrusion,827,9234
-708.5540,-202.3260,-496.6500,0.500000,-0.500000,-0.500000,0.500000,900.0000,0.167420,96.526586,extrusion,827,9235
-708.5540,-197.8410,-496.6500,0.500000,-0.500000,-0.500000,0.500000,900.0000,0.481020,96.525753,extrusion,827,9236
-707.9510,-197.8410,-496.6500,0.500000,-0.500000,-0.500000,0.500000,900.0000,0.000000,0.000000,travel,828,9237
-707.9510,-197.1910,-496.6500,0.500000,-0.500000,-0.500000,0.500000,900.0000,0.069710,96.521538,extrusion,829,9239
-712.2790,-197.1910,-496.6500,0.500000,-0.500000,-0.500000,0.500000,900.0000,0.464180,96.525416,extrusion,829,9240
-712.2790,-204.4910,-496.6500,0.500000,-0.500000,-0.500000,0.500000,900.0000,0.782920,96.524384,extrusion,829,9241
-707.9510,-204.4910,-496.6500,0.500000,-0.500000,-0.500000,0.500000,900.0000,0.464180,96.525416,extrusion,829,9242
-707.9510,-202.3260,-496.6500,0.500000,-0.500000,-0.500000,0.500000,900.0000,0.232200,96.526559,extrusion,829,9243
-707.9510,-197.8410,-496.6500,0.500000,-0.500000,-0.500000,0.500000,900.0000,0.481020,96.525753,extrusion,829,9244
-711.2230,-198.2470,-496.6500,0.500000,-0.500000,-0.500000,0.500000,900.0000,0.000000,0.000000,travel,830,9246
-711.2230,-203.4350,-496.6500,0.500000,-0.500000,-0.500000,0.500000,1500.0000,0.556410,160.874133,extrusion,831,9249
-709.0070,-203.4350,-496.6500,0.500000,-0.500000,-0.500000,0.500000,1500.0000,0.237670,160.877708,extrusion,831,9250
-709.0070,-198.2470,-496.6500,0.500000,-0.500000,-0.500000,0.500000,1500.0000,0.556410,160.874133,extrusion,831,9251
-710.9220,-198.2470,-496.6500,0.500000,-0.500000,-0.500000,0.500000,1500.0000,0.205380,160.872063,extrusion,831,9252
-710.5180,-198.9520,-496.6500,0.500000,-0.500000,-0.500000,0.500000,1500.0000,0.087150,160.881981,extrusion,831,9253
-710.5180,-202.7300,-496.6500,0.500000,-0.500000,-0.500000,0.500000,1500.0000,0.541560,215.018528,extrusion,831,9255
-709.7120,-202.7300,-496.6500,0.500000,-0.500000,-0.500000,0.500000,1500.0000,0.115540,215.024814,extrusion,831,9256
-709.7120,-198.9520,-496.6500,0.500000,-0.500000,-0.500000,0.500000,1500.0000,0.541560,215.018528,extrusion,831,9257
-710.2170,-198.9520,-496.6500,0.500000,-0.500000,-0.500000,0.500000,1500.0000,0.072390,215.019802,extrusion,831,9258
-726.6470,-201.7980,-496.6500,0.500000,-0.500000,-0.500000,0.500000,900.0000,0.000000,0.000000,travel,832,9261
-726.6470,-203.8870,-496.6500,0.500000,-0.500000,-0.500000,0.500000,900.0000,0.224040,96.522738,extrusion,833,9264
-723.5260,-203.8870,-496.6500,0.500000,-0.500000,-0.500000,0.500000,900.0000,0.334730,96.525793,extrusion,833,9265
-723.5260,-202.3260,-496.6500,0.500000,-0.500000,-0.500000,0.500000,900.0000,0.167420,96.526586,extrusion,833,9266
-723.5260,-197.7940,-496.6500,0.500000,-0.500000,-0.500000,0.500000,900.0000,0.486060,96.525596,extrusion,833,9267
-726.6470,-197.7940,-496.6500,0.500000,-0.500000,-0.500000,0.500000,900.0000,0.334730,96.525793,extrusion,833,9268
-726.6470,-201.7980,-496.6500,0.500000,-0.500000,-0.500000,0.500000,900.0000,0.429430,96.525225,extrusion,833,9269
-727.2510,-201.7980,-496.6500,0.500000,-0.500000,-0.500000,0.500000,900.0000,0.000000,0.000000,travel,834,9270
-727.2510,-204.4910,-496.6500,0.500000,-0.500000,-0.500000,0.500000,900.0000,0.288820,96.523580,extrusion,835,9272
-722.9220,-204.4910,-496.6500,0.500000,-0.500000,-0.500000,0.500000,900.0000,0.464280,96.523909,extrusion,835,9273
-722.9220,-202.3260,-496.6500,0.500000,-0.500000,-0.500000,0.500000,900.0000,0.232200,96.526559,extrusion,835,9274
-722.9220,-197.1910,-496.6500,0.500000,-0.500000,-0.500000,0.500000,900.0000,0.550730,96.525219,extrusion,835,9275
-727.2510,-197.1910,-496.6500,0.500000,-0.500000,-0.500000,0.500000,900.0000,0.464280,96.523909,extrusion,835,9276
-727.2510,-201.7980,-496.6500,0.500000,-0.500000,-0.500000,0.500000,900.0000,0.494100,96.524853,extrusion,835,9277
-726.1950,-198.2470,-496.6500,0.500000,-0.500000,-0.500000,0.500000,900.0000,0.000000,0.000000,travel,836,9279
-726.1950,-203.4350,-496.6500,0.500000,-0.500000,-0.500000,0.500000,1500.0000,0.556410,160.874133,extrusion,837,9282
-723.9780,-203.4350,-496.6500,0.500000,-0.500000,-0.500000,0.500000,1500.0000,0.237770,160.872801,extrusion,837,9283
-723.9780,-198.2470,-496.6500,0.500000,-0.500000,-0.500000,0.500000,1500.0000,0.556410,160.874133,extrusion,837,9284
-725.8930,-198.2470,-496.6500,0.500000,-0.500000,-0.500000,0.500000,1500.0000,0.205380,160.872063,extrusion,837,9285
-725.4900,-198.9520,-496.6500,0.500000,-0.500000,-0.500000,0.500000,1500.0000,0.087090,160.869563,extrusion,837,9286
-725.4900,-202.7300,-496.6500,0.500000,-0.500000,-0.500000,0.500000,1500.0000,0.541560,215.018528,extrusion,837,9288
-724.6830,-202.7300,-496.6500,0.500000,-0.500000,-0.500000,0.500000,1500.0000,0.115680,215.018587,extrusion,837,9289
-724.6830,-198.9520,-496.6500,0.500000,-0.500000,-0.500000,0.500000,1500.0000,0.541560,215.018528,extrusion,837,9290
-725.1880,-198.9520,-496.6500,0.500000,-0.500000,-0.500000,0.500000,1500.0000,0.072390,215.019802,extrusion,837,9291
-709.8820,-203.8870,-496.2000,0.500000,-0.500000,-0.500000,0.500000,900.0000,0.000000,0.000000,travel,838,9297
-708.5540,-203.8870,-496.2000,0.500000,-0.500000,-0.500000,0.500000,900.0000,0.142430,96.526355,extrusion,839,9300
-708.5540,-202.3070,-496.2000,0.500000,-0.500000,-0.500000,0.500000,900.0000,0.169450,96.522152,extrusion,839,9301
-708.5540,-197.7940,-496.2000,0.500000,-0.500000,-0.500000,0.500000,900.0000,0.484020,96.525150,extrusion,839,9302
-711.7150,-197.7940,-496.2000,0.500000,-0.500000,-0.500000,0.500000,900.0000,0.339020,96.525783,extrusion,839,9303
-711.7150,-203.8870,-496.2000,0.500000,-0.500000,-0.500000,0.500000,900.0000,0.653470,96.524372,extrusion,839,9304
-709.8820,-203.8870,-496.2000,0.500000,-0.500000,-0.500000,0.500000,900.0000,0.196590,96.525368,extrusion,839,9305
-709.8820,-204.4910,-496.2000,0.500000,-0.500000,-0.500000,0.500000,900.0000,0.000000,0.000000,travel,840,9306
-707.9510,-204.4910,-496.2000,0.500000,-0.500000,-0.500000,0.500000,900.0000,0.207100,96.525117,extrusion,841,9308
-707.9510,-202.3070,-496.2000,0.500000,-0.500000,-0.500000,0.500000,900.0000,0.234230,96.523352,extrusion,841,9309
-707.9510,-197.1910,-496.2000,0.500000,-0.500000,-0.500000,0.500000,900.0000,0.548690,96.524824,extrusion,841,9310
-712.3190,-197.1910,-496.2000,0.500000,-0.500000,-0.500000,0.500000,900.0000,0.468470,96.525412,extrusion,841,9311
-712.3190,-204.4910,-496.2000,0.500000,-0.500000,-0.500000,0.500000,900.0000,0.782920,96.524384,extrusion,841,9312
-709.8820,-204.4910,-496.2000,0.500000,-0.500000,-0.500000,0.500000,900.0000,0.261370,96.525646,extrusion,841,9313
-709.3080,-203.4350,-496.2000,0.500000,-0.500000,-0.500000,0.500000,900.0000,0.000000,0.000000,travel,842,9314
-711.2630,-203.4350,-496.2000,0.500000,-0.500000,-0.500000,0.500000,1500.0000,0.209670,160.872123,extrusion,843,9317
-711.2630,-198.2470,-496.2000,0.500000,-0.500000,-0.500000,0.500000,1500.0000,0.556410,160.874133,extrusion,843,9318
-709.0070,-198.2470,-496.2000,0.500000,-0.500000,-0.500000,0.500000,1500.0000,0.241960,160.877660,extrusion,843,9319
-709.0070,-203.4350,-496.2000,0.500000,-0.500000,-0.500000,0.500000,1500.0000,0.556410,160.874133,extrusion,843,9320
-709.6100,-202.8310,-496.2000,0.500000,-0.500000,-0.500000,0.500000,1500.0000,0.091540,160.882848,extrusion,843,9321
-709.6100,-198.8500,-496.2000,0.500000,-0.500000,-0.500000,0.500000,1500.0000,0.426960,160.874152,extrusion,843,9322
-710.6590,-198.8500,-496.2000,0.500000,-0.500000,-0.500000,0.500000,1500.0000,0.112500,160.867493,extrusion,843,9323
-710.6590,-202.8310,-496.2000,0.500000,-0.500000,-0.500000,0.500000,1500.0000,0.426960,160.874152,extrusion,843,9324
-709.9120,-202.8310,-496.2000,0.500000,-0.500000,-0.500000,0.500000,1500.0000,0.080120,160.883534,extrusion,843,9325
-710.1350,-202.3070,-496.2000,0.500000,-0.500000,-0.500000,0.500000,1500.0000,0.061080,160.884226,extrusion,843,9326
-710.1350,-199.3750,-496.2000,0.500000,-0.500000,-0.500000,0.500000,1500.0000,0.232180,118.782401,extrusion,843,9328
-723.4860,-202.8580,-496.2000,0.500000,-0.500000,-0.500000,0.500000,900.0000,0.000000,0.000000,travel,844,9331
-723.4860,-202.3070,-496.2000,0.500000,-0.500000,-0.500000,0.500000,900.0000,0.059090,96.517241,extrusion,845,9334
-723.4860,-197.7940,-496.2000,0.500000,-0.500000,-0.500000,0.500000,900.0000,0.484020,96.525150,extrusion,845,9335
-726.6470,-197.7940,-496.2000,0.500000,-0.500000,-0.500000,0.500000,900.0000,0.339020,96.525783,extrusion,845,9336
-726.6470,-203.8870,-496.2000,0.500000,-0.500000,-0.500000,0.500000,900.0000,0.653470,96.524372,extrusion,845,9337
-723.4860,-203.8870,-496.2000,0.500000,-0.500000,-0.500000,0.500000,900.0000,0.339020,96.525783,extrusion,845,9338
-723.4860,-202.8580,-496.2000,0.500000,-0.500000,-0.500000,0.500000,900.0000,0.110360,96.524781,extrusion,845,9339
-722.8830,-202.8580,-496.2000,0.500000,-0.500000,-0.500000,0.500000,900.0000,0.000000,0.000000,travel,846,9340
-722.8830,-202.3070,-496.2000,0.500000,-0.500000,-0.500000,0.500000,900.0000,0.059090,96.517241,extrusion,847,9342
-722.8830,-197.1910,-496.2000,0.500000,-0.500000,-0.500000,0.500000,900.0000,0.548690,96.524824,extrusion,847,9343
-727.2510,-197.1910,-496.2000,0.500000,-0.500000,-0.500000,0.500000,900.0000,0.468470,96.525412,extrusion,847,9344
-727.2510,-204.4910,-496.2000,0.500000,-0.500000,-0.500000,0.500000,900.0000,0.782920,96.524384,extrusion,847,9345
-722.8830,-204.4910,-496.2000,0.500000,-0.500000,-0.500000,0.500000,900.0000,0.468470,96.525412,extrusion,847,9346
-722.8830,-202.8580,-496.2000,0.500000,-0.500000,-0.500000,0.500000,900.0000,0.175140,96.525413,extrusion,847,9347
-726.1950,-203.4350,-496.2000,0.500000,-0.500000,-0.500000,0.500000,900.0000,0.000000,0.000000,travel,848,9349
-723.9390,-203.4350,-496.2000,0.500000,-0.500000,-0.500000,0.500000,1500.0000,0.241960,160.877660,extrusion,849,9352
-723.9390,-198.2470,-496.2000,0.500000,-0.500000,-0.500000,0.500000,1500.0000,0.556410,160.874133,extrusion,849,9353
-726.1950,-198.2470,-496.2000,0.500000,-0.500000,-0.500000,0.500000,1500.0000,0.241960,160.877660,extrusion,849,9354
-726.1950,-203.1330,-496.2000,0.500000,-0.500000,-0.500000,0.500000,1500.0000,0.524020,160.873926,extrusion,849,9355
-725.5910,-202.8310,-496.2000,0.500000,-0.500000,-0.500000,0.500000,1500.0000,0.072420,160.863619,extrusion,849,9356
-724.5420,-202.8310,-496.2000,0.500000,-0.500000,-0.500000,0.500000,1500.0000,0.112500,160.867493,extrusion,849,9357
-724.5420,-198.8500,-496.2000,0.500000,-0.500000,-0.500000,0.500000,1500.0000,0.426960,160.874152,extrusion,849,9358
-725.5910,-198.8500,-496.2000,0.500000,-0.500000,-0.500000,0.500000,1500.0000,0.112500,160.867493,extrusion,849,9359
-725.5910,-202.5290,-496.2000,0.500000,-0.500000,-0.500000,0.500000,1500.0000,0.394570,160.873879,extrusion,849,9360
-725.0670,-202.3070,-496.2000,0.500000,-0.500000,-0.500000,0.500000,1500.0000,0.061030,160.862929,extrusion,849,9361
-725.0670,-199.3740,-496.2000,0.500000,-0.500000,-0.500000,0.500000,1500.0000,0.232260,118.782816,extrusion,849,9363
-708.5540,-202.0730,-495.7500,0.500000,-0.500000,-0.500000,0.500000,900.0000,0.000000,0.000000,travel,850,9369
-708.5540,-197.7940,-495.7500,0.500000,-0.500000,-0.500000,0.500000,900.0000,0.458920,96.524422,extrusion,851,9372
-711.8190,-197.7940,-495.7500,0.500000,-0.500000,-0.500000,0.500000,900.0000,0.350170,96.524655,extrusion,851,9373
-711.8190,-203.8870,-495.7500,0.500000,-0.500000,-0.500000,0.500000,900.0000,0.653470,96.524372,extrusion,851,9374
-708.5540,-203.8870,-495.7500,0.500000,-0.500000,-0.500000,0.500000,900.0000,0.350170,96.524655,extrusion,851,9375
-708.5540,-202.2550,-495.7500,0.500000,-0.500000,-0.500000,0.500000,900.0000,0.175030,96.523897,extrusion,851,9376
-708.5540,-202.0730,-495.7500,0.500000,-0.500000,-0.500000,0.500000,900.0000,0.019520,96.527473,extrusion,851,9377
-707.9510,-202.0730,-495.7500,0.500000,-0.500000,-0.500000,0.500000,900.0000,0.000000,0.000000,travel,852,9378
-707.9510,-197.1910,-495.7500,0.500000,-0.500000,-0.500000,0.500000,900.0000,0.523590,96.524170,extrusion,853,9380
-712.4220,-197.1910,-495.7500,0.500000,-0.500000,-0.500000,0.500000,900.0000,0.479510,96.524044,extrusion,853,9381
-712.4220,-204.4910,-495.7500,0.500000,-0.500000,-0.500000,0.500000,900.0000,0.782920,96.524384,extrusion,853,9382
-707.9510,-204.4910,-495.7500,0.500000,-0.500000,-0.500000,0.500000,900.0000,0.479510,96.524044,extrusion,853,9383
-707.9510,-202.2550,-495.7500,0.500000,-0.500000,-0.500000,0.500000,900.0000,0.239810,96.524597,extrusion,853,9384
-707.9510,-202.0730,-495.7500,0.500000,-0.500000,-0.500000,0.500000,900.0000,0.019520,96.527473,extrusion,853,9385
-711.3660,-203.1330,-495.7500,0.500000,-0.500000,-0.500000,0.500000,900.0000,0.000000,0.000000,travel,854,9387
-711.3660,-198.2470,-495.7500,0.500000,-0.500000,-0.500000,0.500000,1500.0000,0.524020,160.873926,extrusion,855,9390
-709.0070,-198.2470,-495.7500,0.500000,-0.500000,-0.500000,0.500000,1500.0000,0.253000,160.873251,extrusion,855,9391
-709.0070,-203.4350,-495.7500,0.500000,-0.500000,-0.500000,0.500000,1500.0000,0.556410,160.874133,extrusion,855,9392
-711.3660,-203.4350,-495.7500,0.500000,-0.500000,-0.500000,0.500000,1500.0000,0.253000,160.873251,extrusion,855,9393
-710.7630,-202.8310,-495.7500,0.500000,-0.500000,-0.500000,0.500000,1500.0000,0.091540,160.882848,extrusion,855,9394
-709.6100,-202.8310,-495.7500,0.500000,-0.500000,-0.500000,0.500000,1500.0000,0.123660,160.875976,extrusion,855,9395
-709.6100,-198.8500,-495.7500,0.500000,-0.500000,-0.500000,0.500000,1500.0000,0.426960,160.874152,extrusion,855,9396
-710.7630,-198.8500,-495.7500,0.500000,-0.500000,-0.500000,0.500000,1500.0000,0.123660,160.875976,extrusion,855,9397
-710.7630,-202.5290,-495.7500,0.500000,-0.500000,-0.500000,0.500000,1500.0000,0.394570,160.873879,extrusion,855,9398
-710.1870,-202.2550,-495.7500,0.500000,-0.500000,-0.500000,0.500000,1500.0000,0.068410,160.876505,extrusion,855,9399
-710.1870,-199.4260,-495.7500,0.500000,-0.500000,-0.500000,0.500000,1500.0000,0.276190,146.442206,extrusion,855,9401
-723.3830,-201.1840,-495.7500,0.500000,-0.500000,-0.500000,0.500000,900.0000,0.000000,0.000000,travel,856,9404
-723.3830,-197.7940,-495.7500,0.500000,-0.500000,-0.500000,0.500000,900.0000,0.363580,96.525664,extrusion,857,9407
-726.6470,-197.7940,-495.7500,0.500000,-0.500000,-0.500000,0.500000,900.0000,0.350060,96.523897,extrusion,857,9408
-726.6470,-203.8870,-495.7500,0.500000,-0.500000,-0.500000,0.500000,900.0000,0.653470,96.524372,extrusion,857,9409
-723.3830,-203.8870,-495.7500,0.500000,-0.500000,-0.500000,0.500000,900.0000,0.350060,96.523897,extrusion,857,9410
-723.3830,-202.2550,-495.7500,0.500000,-0.500000,-0.500000,0.500000,900.0000,0.175030,96.523897,extrusion,857,9411
-723.3830,-201.1840,-495.7500,0.500000,-0.500000,-0.500000,0.500000,900.0000,0.114860,96.521008,extrusion,857,9412
-722.7790,-201.1840,-495.7500,0.500000,-0.500000,-0.500000,0.500000,900.0000,0.000000,0.000000,travel,858,9413
-722.7790,-197.1910,-495.7500,0.500000,-0.500000,-0.500000,0.500000,900.0000,0.428250,96.525169,extrusion,859,9415
-727.2510,-197.1910,-495.7500,0.500000,-0.500000,-0.500000,0.500000,900.0000,0.479620,96.524597,extrusion,859,9416
-727.2510,-204.4910,-495.7500,0.500000,-0.500000,-0.500000,0.500000,900.0000,0.782920,96.524384,extrusion,859,9417
-722.7790,-204.4910,-495.7500,0.500000,-0.500000,-0.500000,0.500000,900.0000,0.479620,96.524597,extrusion,859,9418
-722.7790,-202.2550,-495.7500,0.500000,-0.500000,-0.500000,0.500000,900.0000,0.239810,96.524597,extrusion,859,9419
-722.7790,-201.1840,-495.7500,0.500000,-0.500000,-0.500000,0.500000,900.0000,0.114860,96.521008,extrusion,859,9420
-726.1950,-198.2470,-495.7500,0.500000,-0.500000,-0.500000,0.500000,900.0000,0.000000,0.000000,travel,860,9422
-726.1950,-203.4350,-495.7500,0.500000,-0.500000,-0.500000,0.500000,1500.0000,0.556410,160.874133,extrusion,861,9425
-723.8350,-203.4350,-495.7500,0.500000,-0.500000,-0.500000,0.500000,1500.0000,0.253110,160.875000,extrusion,861,9426
-723.8350,-198.2470,-495.7500,0.500000,-0.500000,-0.500000,0.500000,1500.0000,0.556410,160.874133,extrusion,861,9427
-725.8930,-198.2470,-495.7500,0.500000,-0.500000,-0.500000,0.500000,1500.0000,0.220720,160.874636,extrusion,861,9428
-725.5910,-198.8500,-495.7500,0.500000,-0.500000,-0.500000,0.500000,1500.0000,0.072330,160.876752,extrusion,861,9429
-725.5910,-202.8310,-495.7500,0.500000,-0.500000,-0.500000,0.500000,1500.0000,0.426960,160.874152,extrusion,861,9430
-724.4390,-202.8310,-495.7500,0.500000,-0.500000,-0.500000,0.500000,1500.0000,0.123550,160.872396,extrusion,861,9431
-724.4390,-198.8500,-495.7500,0.500000,-0.500000,-0.500000,0.500000,1500.0000,0.426960,160.874152,extrusion,861,9432
-725.2900,-198.8500,-495.7500,0.500000,-0.500000,-0.500000,0.500000,1500.0000,0.091270,160.875441,extrusion,861,9433
-725.0150,-199.4260,-495.7500,0.500000,-0.500000,-0.500000,0.500000,1500.0000,0.068460,160.885576,extrusion,861,9434
-725.0150,-202.2550,-495.7500,0.500000,-0.500000,-0.500000,0.500000,1500.0000,0.276190,146.442206,extrusion,861,9436
-708.5540,-199.3620,-495.3000,0.500000,-0.500000,-0.500000,0.500000,900.0000,0.000000,0.000000,travel,862,9442
-708.5540,-197.7940,-495.3000,0.500000,-0.500000,-0.500000,0.500000,900.0000,0.168170,96.526148,extrusion,863,9445
-711.9390,-197.7940,-495.3000,0.500000,-0.500000,-0.500000,0.500000,900.0000,0.363040,96.524668,extrusion,863,9446
-711.9390,-203.8870,-495.3000,0.500000,-0.500000,-0.500000,0.500000,900.0000,0.653470,96.524372,extrusion,863,9447
-708.5540,-203.8870,-495.3000,0.500000,-0.500000,-0.500000,0.500000,900.0000,0.363040,96.524668,extrusion,863,9448
-708.5540,-202.1950,-495.3000,0.500000,-0.500000,-0.500000,0.500000,900.0000,0.181470,96.526596,extrusion,863,9449
-708.5540,-199.3620,-495.3000,0.500000,-0.500000,-0.500000,0.500000,900.0000,0.303840,96.525238,extrusion,863,9450
-707.9510,-199.3620,-495.3000,0.500000,-0.500000,-0.500000,0.500000,900.0000,0.000000,0.000000,travel,864,9451
-707.9510,-197.1910,-495.3000,0.500000,-0.500000,-0.500000,0.500000,900.0000,0.232840,96.525104,extrusion,865,9453
-712.5430,-197.1910,-495.3000,0.500000,-0.500000,-0.500000,0.500000,900.0000,0.492490,96.524608,extrusion,865,9454
-712.5430,-204.4910,-495.3000,0.500000,-0.500000,-0.500000,0.500000,900.0000,0.782920,96.524384,extrusion,865,9455
-707.9510,-204.4910,-495.3000,0.500000,-0.500000,-0.500000,0.500000,900.0000,0.492490,96.524608,extrusion,865,9456
-707.9510,-202.1950,-495.3000,0.500000,-0.500000,-0.500000,0.500000,900.0000,0.246250,96.526568,extrusion,865,9457
-707.9510,-199.3620,-495.3000,0.500000,-0.500000,-0.500000,0.500000,900.0000,0.303840,96.525238,extrusion,865,9458
-709.3080,-203.4350,-495.3000,0.500000,-0.500000,-0.500000,0.500000,900.0000,0.000000,0.000000,travel,866,9460
-711.4870,-203.4350,-495.3000,0.500000,-0.500000,-0.500000,0.500000,1500.0000,0.233700,160.876549,extrusion,867,9463
-711.4870,-198.2470,-495.3000,0.500000,-0.500000,-0.500000,0.500000,1500.0000,0.556410,160.874133,extrusion,867,9464
-709.0070,-198.2470,-495.3000,0.500000,-0.500000,-0.500000,0.500000,1500.0000,0.265980,160.875000,extrusion,867,9465
-709.0070,-203.4350,-495.3000,0.500000,-0.500000,-0.500000,0.500000,1500.0000,0.556410,160.874133,extrusion,867,9466
-709.6100,-202.8310,-495.3000,0.500000,-0.500000,-0.500000,0.500000,1500.0000,0.091540,160.882848,extrusion,867,9467
-709.6100,-198.8500,-495.3000,0.500000,-0.500000,-0.500000,0.500000,1500.0000,0.426960,160.874152,extrusion,867,9468
-710.8830,-198.8500,-495.3000,0.500000,-0.500000,-0.500000,0.500000,1500.0000,0.136530,160.875884,extrusion,867,9469
-710.8830,-202.8310,-495.3000,0.500000,-0.500000,-0.500000,0.500000,1500.0000,0.426960,160.874152,extrusion,867,9470
-709.9120,-202.8310,-495.3000,0.500000,-0.500000,-0.500000,0.500000,1500.0000,0.104140,160.875386,extrusion,867,9471
-710.2470,-202.1950,-495.3000,0.500000,-0.500000,-0.500000,0.500000,1500.0000,0.077090,160.864883,extrusion,867,9472
-710.2470,-199.4870,-495.3000,0.500000,-0.500000,-0.500000,0.500000,1500.0000,0.322410,178.587518,extrusion,867,9474
-723.2620,-199.3850,-495.3000,0.500000,-0.500000,-0.500000,0.500000,900.0000,0.000000,0.000000,travel,868,9477
-723.2620,-197.7940,-495.3000,0.500000,-0.500000,-0.500000,0.500000,900.0000,0.170630,96.522313,extrusion,869,9480
-726.6470,-197.7940,-495.3000,0.500000,-0.500000,-0.500000,0.500000,900.0000,0.363040,96.524668,extrusion,869,9481
-726.6470,-203.8870,-495.3000,0.500000,-0.500000,-0.500000,0.500000,900.0000,0.653470,96.524372,extrusion,869,9482
-723.2620,-203.8870,-495.3000,0.500000,-0.500000,-0.500000,0.500000,900.0000,0.363040,96.524668,extrusion,869,9483
-723.2620,-202.1950,-495.3000,0.500000,-0.500000,-0.500000,0.500000,900.0000,0.181470,96.526596,extrusion,869,9484
-723.2620,-199.3850,-495.3000,0.500000,-0.500000,-0.500000,0.500000,900.0000,0.301370,96.524199,extrusion,869,9485
-722.6590,-199.3850,-495.3000,0.500000,-0.500000,-0.500000,0.500000,900.0000,0.000000,0.000000,travel,870,9486
-722.6590,-197.1910,-495.3000,0.500000,-0.500000,-0.500000,0.500000,900.0000,0.235310,96.526436,extrusion,871,9488
-727.2510,-197.1910,-495.3000,0.500000,-0.500000,-0.500000,0.500000,900.0000,0.492490,96.524608,extrusion,871,9489
-727.2510,-204.4910,-495.3000,0.500000,-0.500000,-0.500000,0.500000,900.0000,0.782920,96.524384,extrusion,871,9490
-722.6590,-204.4910,-495.3000,0.500000,-0.500000,-0.500000,0.500000,900.0000,0.492490,96.524608,extrusion,871,9491
-722.6590,-202.1950,-495.3000,0.500000,-0.500000,-0.500000,0.500000,900.0000,0.246250,96.526568,extrusion,871,9492
-722.6590,-199.3850,-495.3000,0.500000,-0.500000,-0.500000,0.500000,900.0000,0.301370,96.524199,extrusion,871,9493
-726.1950,-203.4350,-495.3000,0.500000,-0.500000,-0.500000,0.500000,900.0000,0.000000,0.000000,travel,872,9495
-723.7150,-203.4350,-495.3000,0.500000,-0.500000,-0.500000,0.500000,1500.0000,0.265980,160.875000,extrusion,873,9498
-723.7150,-198.2470,-495.3000,0.500000,-0.500000,-0.500000,0.500000,1500.0000,0.556410,160.874133,extrusion,873,9499
-726.1950,-198.2470,-495.3000,0.500000,-0.500000,-0.500000,0.500000,1500.0000,0.265980,160.875000,extrusion,873,9500
-726.1950,-203.1330,-495.3000,0.500000,-0.500000,-0.500000,0.500000,1500.0000,0.524020,160.873926,extrusion,873,9501
-725.5910,-202.8310,-495.3000,0.500000,-0.500000,-0.500000,0.500000,1500.0000,0.072420,160.863619,extrusion,873,9502
-724.3180,-202.8310,-495.3000,0.500000,-0.500000,-0.500000,0.500000,1500.0000,0.136530,160.875884,extrusion,873,9503
-724.3180,-198.8500,-495.3000,0.500000,-0.500000,-0.500000,0.500000,1500.0000,0.426960,160.874152,extrusion,873,9504
-725.5910,-198.8500,-495.3000,0.500000,-0.500000,-0.500000,0.500000,1500.0000,0.136530,160.875884,extrusion,873,9505
-725.5910,-202.5290,-495.3000,0.500000,-0.500000,-0.500000,0.500000,1500.0000,0.394570,160.873879,extrusion,873,9506
-724.9550,-202.1950,-495.3000,0.500000,-0.500000,-0.500000,0.500000,1500.0000,0.077040,160.864717,extrusion,873,9507
-724.9550,-199.4870,-495.3000,0.500000,-0.500000,-0.500000,0.500000,1500.0000,0.322410,178.587518,extrusion,873,9509
-708.5540,-198.2750,-494.8500,0.500000,-0.500000,-0.500000,0.500000,900.0000,0.000000,0.000000,travel,874,9515
-708.5540,-197.7940,-494.8500,0.500000,-0.500000,-0.500000,0.500000,900.0000,0.051590,96.530146,extrusion,875,9518
-712.1420,-197.7940,-494.8500,0.500000,-0.500000,-0.500000,0.500000,900.0000,0.384810,96.524247,extrusion,875,9519
-712.1420,-203.8870,-494.8500,0.500000,-0.500000,-0.500000,0.500000,900.0000,0.653470,96.524372,extrusion,875,9520
-708.5540,-203.8870,-494.8500,0.500000,-0.500000,-0.500000,0.500000,900.0000,0.384810,96.524247,extrusion,875,9521
-708.5540,-202.0930,-494.8500,0.500000,-0.500000,-0.500000,0.500000,900.0000,0.192410,96.526756,extrusion,875,9522
-708.5540,-198.2750,-494.8500,0.500000,-0.500000,-0.500000,0.500000,900.0000,0.409480,96.524882,extrusion,875,9523
-707.9510,-198.2750,-494.8500,0.500000,-0.500000,-0.500000,0.500000,900.0000,0.000000,0.000000,travel,876,9524
-707.9510,-197.1910,-494.8500,0.500000,-0.500000,-0.500000,0.500000,900.0000,0.116260,96.525830,extrusion,877,9526
-712.7460,-197.1910,-494.8500,0.500000,-0.500000,-0.500000,0.500000,900.0000,0.514260,96.524296,extrusion,877,9527
-712.7460,-204.4910,-494.8500,0.500000,-0.500000,-0.500000,0.500000,900.0000,0.782920,96.524384,extrusion,877,9528
-707.9510,-204.4910,-494.8500,0.500000,-0.500000,-0.500000,0.500000,900.0000,0.514260,96.524296,extrusion,877,9529
-707.9510,-202.0930,-494.8500,0.500000,-0.500000,-0.500000,0.500000,900.0000,0.257180,96.522936,extrusion,877,9530
-707.9510,-198.2750,-494.8500,0.500000,-0.500000,-0.500000,0.500000,900.0000,0.409480,96.524882,extrusion,877,9531
-711.6900,-203.1330,-494.8500,0.500000,-0.500000,-0.500000,0.500000,900.0000,0.000000,0.000000,travel,878,9533
-711.6900,-198.2470,-494.8500,0.500000,-0.500000,-0.500000,0.500000,1500.0000,0.524020,160.873926,extrusion,879,9536
-709.0070,-198.2470,-494.8500,0.500000,-0.500000,-0.500000,0.500000,1500.0000,0.287750,160.874022,extrusion,879,9537
-709.0070,-203.4350,-494.8500,0.500000,-0.500000,-0.500000,0.500000,1500.0000,0.556410,160.874133,extrusion,879,9538
-711.6900,-203.4350,-494.8500,0.500000,-0.500000,-0.500000,0.500000,1500.0000,0.287750,160.874022,extrusion,879,9539
-711.0860,-202.8310,-494.8500,0.500000,-0.500000,-0.500000,0.500000,1500.0000,0.091610,160.872646,extrusion,879,9540
-709.6100,-202.8310,-494.8500,0.500000,-0.500000,-0.500000,0.500000,1500.0000,0.158300,160.873984,extrusion,879,9541
-709.6100,-198.8500,-494.8500,0.500000,-0.500000,-0.500000,0.500000,1500.0000,0.426960,160.874152,extrusion,879,9542
-711.0860,-198.8500,-494.8500,0.500000,-0.500000,-0.500000,0.500000,1500.0000,0.158300,160.873984,extrusion,879,9543
-711.0860,-202.5290,-494.8500,0.500000,-0.500000,-0.500000,0.500000,1500.0000,0.394570,160.873879,extrusion,879,9544
-710.3480,-202.0930,-494.8500,0.500000,-0.500000,-0.500000,0.500000,1500.0000,0.091930,160.872450,extrusion,879,9545
-710.3480,-199.5880,-494.8500,0.500000,-0.500000,-0.500000,0.500000,1500.0000,0.388570,232.676647,extrusion,879,9547
-723.0590,-201.7530,-494.8500,0.500000,-0.500000,-0.500000,0.500000,900.0000,0.000000,0.000000,travel,880,9550
-723.0590,-197.7940,-494.8500,0.500000,-0.500000,-0.500000,0.500000,900.0000,0.424600,96.524375,extrusion,881,9553
-726.6470,-197.7940,-494.8500,0.500000,-0.500000,-0.500000,0.500000,900.0000,0.384810,96.524247,extrusion,881,9554
-726.6470,-203.8870,-494.8500,0.500000,-0.500000,-0.500000,0.500000,900.0000,0.653470,96.524372,extrusion,881,9555
-723.0590,-203.8870,-494.8500,0.500000,-0.500000,-0.500000,0.500000,900.0000,0.384810,96.524247,extrusion,881,9556
-723.0590,-202.0930,-494.8500,0.500000,-0.500000,-0.500000,0.500000,900.0000,0.192410,96.526756,extrusion,881,9557
-723.0590,-201.7530,-494.8500,0.500000,-0.500000,-0.500000,0.500000,900.0000,0.036460,96.511765,extrusion,881,9558
-722.4560,-201.7530,-494.8500,0.500000,-0.500000,-0.500000,0.500000,900.0000,0.000000,0.000000,travel,882,9559
-722.4560,-197.1910,-494.8500,0.500000,-0.500000,-0.500000,0.500000,900.0000,0.489270,96.524112,extrusion,883,9561
-727.2510,-197.1910,-494.8500,0.500000,-0.500000,-0.500000,0.500000,900.0000,0.514260,96.524296,extrusion,883,9562
-727.2510,-204.4910,-494.8500,0.500000,-0.500000,-0.500000,0.500000,900.0000,0.782920,96.524384,extrusion,883,9563
-722.4560,-204.4910,-494.8500,0.500000,-0.500000,-0.500000,0.500000,900.0000,0.514260,96.524296,extrusion,883,9564
-722.4560,-202.0930,-494.8500,0.500000,-0.500000,-0.500000,0.500000,900.0000,0.257180,96.522936,extrusion,883,9565
-722.4560,-201.7530,-494.8500,0.500000,-0.500000,-0.500000,0.500000,900.0000,0.036460,96.511765,extrusion,883,9566
-726.1950,-198.2470,-494.8500,0.500000,-0.500000,-0.500000,0.500000,900.0000,0.000000,0.000000,travel,884,9568
-726.1950,-203.4350,-494.8500,0.500000,-0.500000,-0.500000,0.500000,1500.0000,0.556410,160.874133,extrusion,885,9571
-723.5120,-203.4350,-494.8500,0.500000,-0.500000,-0.500000,0.500000,1500.0000,0.287750,160.874022,extrusion,885,9572
-723.5120,-198.2470,-494.8500,0.500000,-0.500000,-0.500000,0.500000,1500.0000,0.556410,160.874133,extrusion,885,9573
-725.8930,-198.2470,-494.8500,0.500000,-0.500000,-0.500000,0.500000,1500.0000,0.255360,160.873583,extrusion,885,9574
-725.5910,-198.8500,-494.8500,0.500000,-0.500000,-0.500000,0.500000,1500.0000,0.072330,160.876752,extrusion,885,9575
-725.5910,-202.8310,-494.8500,0.500000,-0.500000,-0.500000,0.500000,1500.0000,0.426960,160.874152,extrusion,885,9576
-724.1150,-202.8310,-494.8500,0.500000,-0.500000,-0.500000,0.500000,1500.0000,0.158300,160.873984,extrusion,885,9577
-724.1150,-198.8500,-494.8500,0.500000,-0.500000,-0.500000,0.500000,1500.0000,0.426960,160.874152,extrusion,885,9578
-725.2900,-198.8500,-494.8500,0.500000,-0.500000,-0.500000,0.500000,1500.0000,0.126020,160.876596,extrusion,885,9579
-724.8530,-199.5880,-494.8500,0.500000,-0.500000,-0.500000,0.500000,1500.0000,0.091990,160.881898,extrusion,885,9580
-724.8530,-202.0930,-494.8500,0.500000,-0.500000,-0.500000,0.500000,1500.0000,0.388570,232.676647,extrusion,885,9582
-712.3700,-201.3510,-494.4000,0.500000,-0.500000,-0.500000,0.500000,900.0000,0.000000,0.000000,travel,886,9588
-712.3700,-203.8870,-494.4000,0.500000,-0.500000,-0.500000,0.500000,900.0000,0.271990,96.526420,extrusion,887,9591
-708.5540,-203.8870,-494.4000,0.500000,-0.500000,-0.500000,0.500000,900.0000,0.409270,96.525943,extrusion,887,9592
-708.5540,-201.9790,-494.4000,0.500000,-0.500000,-0.500000,0.500000,900.0000,0.204630,96.523585,extrusion,887,9593
-708.5540,-197.7940,-494.4000,0.500000,-0.500000,-0.500000,0.500000,900.0000,0.448840,96.524731,extrusion,887,9594
-712.3700,-197.7940,-494.4000,0.500000,-0.500000,-0.500000,0.500000,900.0000,0.409270,96.525943,extrusion,887,9595
-712.3700,-201.3510,-494.4000,0.500000,-0.500000,-0.500000,0.500000,900.0000,0.381490,96.525443,extrusion,887,9596
-712.9730,-201.3510,-494.4000,0.500000,-0.500000,-0.500000,0.500000,900.0000,0.000000,0.000000,travel,888,9597
-712.9730,-204.4910,-494.4000,0.500000,-0.500000,-0.500000,0.500000,900.0000,0.336760,96.523567,extrusion,889,9599
-707.9510,-204.4910,-494.4000,0.500000,-0.500000,-0.500000,0.500000,900.0000,0.538610,96.525090,extrusion,889,9600
-707.9510,-201.9790,-494.4000,0.500000,-0.500000,-0.500000,0.500000,900.0000,0.269410,96.524283,extrusion,889,9601
-707.9510,-197.1910,-494.4000,0.500000,-0.500000,-0.500000,0.500000,900.0000,0.513510,96.524436,extrusion,889,9602
-712.9730,-197.1910,-494.4000,0.500000,-0.500000,-0.500000,0.500000,900.0000,0.538610,96.525090,extrusion,889,9603
-712.9730,-201.3510,-494.4000,0.500000,-0.500000,-0.500000,0.500000,900.0000,0.446160,96.525000,extrusion,889,9604
-711.7530,-203.3860,-494.4000,0.500000,-0.500000,-0.500000,0.500000,900.0000,0.000000,0.000000,travel,890,9606
-711.8200,-203.4520,-494.4000,0.500000,-0.500000,-0.500000,0.500000,1500.0000,0.012530,199.845057,extrusion,891,9610
-711.9100,-203.4280,-494.4000,0.500000,-0.500000,-0.500000,0.500000,1500.0000,0.012410,199.849593,extrusion,891,9611
-711.9350,-203.3370,-494.4000,0.500000,-0.500000,-0.500000,0.500000,1500.0000,0.012580,199.954211,extrusion,891,9612
-711.8680,-203.2710,-494.4000,0.500000,-0.500000,-0.500000,0.500000,1500.0000,0.012530,199.845057,extrusion,891,9613
-711.7780,-203.2950,-494.4000,0.500000,-0.500000,-0.500000,0.500000,1500.0000,0.012410,199.849593,extrusion,891,9614
-711.9170,-202.3310,-494.4000,0.500000,-0.500000,-0.500000,0.500000,1500.0000,0.104460,160.877693,extrusion,891,9616
-710.8140,-203.4350,-494.4000,0.500000,-0.500000,-0.500000,0.500000,1500.0000,0.167370,160.872383,extrusion,891,9617
-710.6750,-203.5410,-494.4000,0.500000,-0.500000,-0.500000,0.500000,1500.0000,0.018750,160.893009,extrusion,891,9618
-710.5370,-203.6470,-494.4000,0.500000,-0.500000,-0.500000,0.500000,1500.0000,0.017220,148.438471,extrusion,891,9620
-710.5990,-203.6310,-494.4000,0.500000,-0.500000,-0.500000,0.500000,1500.0000,0.005800,135.871173,extrusion,891,9622
-710.6440,-203.6760,-494.4000,0.500000,-0.500000,-0.500000,0.500000,1500.0000,0.005770,136.000204,extrusion,891,9623
-710.6270,-203.7370,-494.4000,0.500000,-0.500000,-0.500000,0.500000,1500.0000,0.005740,135.966202,extrusion,891,9624
-710.5660,-203.7540,-494.4000,0.500000,-0.500000,-0.500000,0.500000,1500.0000,0.005740,135.966202,extrusion,891,9625
-710.5210,-203.7090,-494.4000,0.500000,-0.500000,-0.500000,0.500000,1500.0000,0.005770,136.000204,extrusion,891,9626
-709.9600,-203.4350,-494.4000,0.500000,-0.500000,-0.500000,0.500000,1500.0000,0.066960,160.874592,extrusion,891,9628
-711.9170,-201.4780,-494.4000,0.500000,-0.500000,-0.500000,0.500000,1500.0000,0.296830,160.876729,extrusion,891,9629
-711.9170,-200.6250,-494.4000,0.500000,-0.500000,-0.500000,0.500000,1500.0000,0.091480,160.867526,extrusion,891,9630
-709.1070,-203.4350,-494.4000,0.500000,-0.500000,-0.500000,0.500000,1500.0000,0.426200,160.873084,extrusion,891,9631
-708.9440,-203.4020,-494.4000,0.500000,-0.500000,-0.500000,0.500000,1500.0000,0.017840,160.907291,extrusion,891,9632
-708.7810,-203.3700,-494.4000,0.500000,-0.500000,-0.500000,0.500000,1500.0000,0.016440,148.454584,extrusion,891,9634
-708.7990,-203.6430,-494.4000,0.500000,-0.500000,-0.500000,0.500000,1500.0000,0.024800,135.968509,extrusion,891,9636
-709.0070,-202.6820,-494.4000,0.500000,-0.500000,-0.500000,0.500000,1500.0000,0.105450,160.869196,extrusion,891,9638
-711.9170,-199.7710,-494.4000,0.500000,-0.500000,-0.500000,0.500000,1500.0000,0.441450,160.875597,extrusion,891,9639
-711.9170,-198.9180,-494.4000,0.500000,-0.500000,-0.500000,0.500000,1500.0000,0.091480,160.867526,extrusion,891,9640
-709.0070,-201.8280,-494.4000,0.500000,-0.500000,-0.500000,0.500000,1500.0000,0.441370,160.874082,extrusion,891,9641
-709.0070,-198.2470,-494.4000,0.500000,-0.500000,-0.500000,0.500000,1500.0000,0.384060,160.874058,extrusion,891,9642
-711.6910,-198.2290,-494.4000,0.500000,-0.500000,-0.500000,0.500000,1500.0000,0.287860,160.871941,extrusion,891,9643
-711.9170,-198.2180,-494.4000,0.500000,-0.500000,-0.500000,0.500000,1500.0000,0.022850,151.479969,extrusion,891,9645
-711.7160,-198.2900,-494.4000,0.500000,-0.500000,-0.500000,0.500000,1500.0000,0.021560,151.470841,extrusion,891,9646
-709.2200,-200.7610,-494.4000,0.500000,-0.500000,-0.500000,0.500000,1500.0000,0.376690,160.875788,extrusion,891,9648
-709.5570,-199.6460,-494.4000,0.500000,-0.500000,-0.500000,0.500000,1500.0000,0.124930,160.879624,extrusion,891,9649
-709.5570,-198.7970,-494.4000,0.500000,-0.500000,-0.500000,0.500000,1500.0000,0.075050,132.597173,extrusion,891,9651
-710.4060,-198.7970,-494.4000,0.500000,-0.500000,-0.500000,0.500000,1500.0000,0.075050,132.597173,extrusion,891,9652
-709.7710,-199.4330,-494.4000,0.500000,-0.500000,-0.500000,0.500000,1500.0000,0.079450,132.603343,extrusion,891,9653
-726.6470,-203.8620,-494.4000,0.500000,-0.500000,-0.500000,0.500000,900.0000,0.000000,0.000000,travel,892,9656
-726.6470,-203.8870,-494.4000,0.500000,-0.500000,-0.500000,0.500000,900.0000,0.002680,96.480000,extrusion,893,9659
-722.8320,-203.8870,-494.4000,0.500000,-0.500000,-0.500000,0.500000,900.0000,0.409160,96.525295,extrusion,893,9660
-722.8320,-201.9790,-494.4000,0.500000,-0.500000,-0.500000,0.500000,900.0000,0.204630,96.523585,extrusion,893,9661
-722.8320,-197.7940,-494.4000,0.500000,-0.500000,-0.500000,0.500000,900.0000,0.448840,96.524731,extrusion,893,9662
-726.6470,-197.7940,-494.4000,0.500000,-0.500000,-0.500000,0.500000,900.0000,0.409160,96.525295,extrusion,893,9663
-726.6470,-203.8620,-494.4000,0.500000,-0.500000,-0.500000,0.500000,900.0000,0.650790,96.524555,extrusion,893,9664
-726.8230,-204.4910,-494.4000,0.500000,-0.500000,-0.500000,0.500000,900.0000,0.000000,0.000000,travel,894,9665
-722.2280,-204.4910,-494.4000,0.500000,-0.500000,-0.500000,0.500000,900.0000,0.492810,96.524266,extrusion,895,9667
-722.2280,-201.9790,-494.4000,0.500000,-0.500000,-0.500000,0.500000,900.0000,0.269410,96.524283,extrusion,895,9668
-722.2280,-197.1910,-494.4000,0.500000,-0.500000,-0.500000,0.500000,900.0000,0.513510,96.524436,extrusion,895,9669
-727.2510,-197.1910,-494.4000,0.500000,-0.500000,-0.500000,0.500000,900.0000,0.538720,96.525582,extrusion,895,9670
-727.2510,-204.4910,-494.4000,0.500000,-0.500000,-0.500000,0.500000,900.0000,0.782920,96.524384,extrusion,895,9671
-726.8230,-204.4910,-494.4000,0.500000,-0.500000,-0.500000,0.500000,900.0000,0.045900,96.518692,extrusion,895,9672
-726.0310,-203.3860,-494.4000,0.500000,-0.500000,-0.500000,0.500000,900.0000,0.000000,0.000000,travel,896,9673
-726.0970,-203.4520,-494.4000,0.500000,-0.500000,-0.500000,0.500000,1500.0000,0.012440,199.918372,extrusion,897,9677
-726.1880,-203.4280,-494.4000,0.500000,-0.500000,-0.500000,0.500000,1500.0000,0.012540,199.869015,extrusion,897,9678
-726.2120,-203.3370,-494.4000,0.500000,-0.500000,-0.500000,0.500000,1500.0000,0.012540,199.869015,extrusion,897,9679
-726.1460,-203.2710,-494.4000,0.500000,-0.500000,-0.500000,0.500000,1500.0000,0.012440,199.918372,extrusion,897,9680
-726.0550,-203.2950,-494.4000,0.500000,-0.500000,-0.500000,0.500000,1500.0000,0.012540,199.869015,extrusion,897,9681
-726.1950,-202.3310,-494.4000,0.500000,-0.500000,-0.500000,0.500000,1500.0000,0.104470,160.869438,extrusion,897,9683
-725.0910,-203.4350,-494.4000,0.500000,-0.500000,-0.500000,0.500000,1500.0000,0.167450,160.876400,extrusion,897,9684
-724.9530,-203.5410,-494.4000,0.500000,-0.500000,-0.500000,0.500000,1500.0000,0.018660,160.851444,extrusion,897,9685
-724.8150,-203.6470,-494.4000,0.500000,-0.500000,-0.500000,0.500000,1500.0000,0.017220,148.438471,extrusion,897,9687
-724.8760,-203.6310,-494.4000,0.500000,-0.500000,-0.500000,0.500000,1500.0000,0.005720,136.053429,extrusion,897,9689
-724.9210,-203.6760,-494.4000,0.500000,-0.500000,-0.500000,0.500000,1500.0000,0.005770,136.000204,extrusion,897,9690
-724.9050,-203.7370,-494.4000,0.500000,-0.500000,-0.500000,0.500000,1500.0000,0.005720,136.053429,extrusion,897,9691
-724.8430,-203.7540,-494.4000,0.500000,-0.500000,-0.500000,0.500000,1500.0000,0.005830,136.027624,extrusion,897,9692
-724.7980,-203.7090,-494.4000,0.500000,-0.500000,-0.500000,0.500000,1500.0000,0.005770,136.000204,extrusion,897,9693
-724.2380,-203.4350,-494.4000,0.500000,-0.500000,-0.500000,0.500000,1500.0000,0.066860,160.865817,extrusion,897,9695
-726.1950,-201.4780,-494.4000,0.500000,-0.500000,-0.500000,0.500000,1500.0000,0.296830,160.876729,extrusion,897,9696
-726.1950,-200.6250,-494.4000,0.500000,-0.500000,-0.500000,0.500000,1500.0000,0.091480,160.867526,extrusion,897,9697
-723.3850,-203.4350,-494.4000,0.500000,-0.500000,-0.500000,0.500000,1500.0000,0.426200,160.873084,extrusion,897,9698
-723.2210,-203.4020,-494.4000,0.500000,-0.500000,-0.500000,0.500000,1500.0000,0.017940,160.861103,extrusion,897,9699
-723.0580,-203.3700,-494.4000,0.500000,-0.500000,-0.500000,0.500000,1500.0000,0.016440,148.454584,extrusion,897,9701
-723.0760,-203.6430,-494.4000,0.500000,-0.500000,-0.500000,0.500000,1500.0000,0.024800,135.968509,extrusion,897,9703
-723.2840,-202.6820,-494.4000,0.500000,-0.500000,-0.500000,0.500000,1500.0000,0.105450,160.869196,extrusion,897,9705
-726.1950,-199.7710,-494.4000,0.500000,-0.500000,-0.500000,0.500000,1500.0000,0.441520,160.873473,extrusion,897,9706
-726.1950,-198.9180,-494.4000,0.500000,-0.500000,-0.500000,0.500000,1500.0000,0.091480,160.867526,extrusion,897,9707
-723.2840,-201.8280,-494.4000,0.500000,-0.500000,-0.500000,0.500000,1500.0000,0.441450,160.875597,extrusion,897,9708
-723.2840,-198.2470,-494.4000,0.500000,-0.500000,-0.500000,0.500000,1500.0000,0.384060,160.874058,extrusion,897,9709
-725.9690,-198.2290,-494.4000,0.500000,-0.500000,-0.500000,0.500000,1500.0000,0.287970,160.873480,extrusion,897,9710
-726.1950,-198.2180,-494.4000,0.500000,-0.500000,-0.500000,0.500000,1500.0000,0.022850,151.479969,extrusion,897,9712
-725.9940,-198.2900,-494.4000,0.500000,-0.500000,-0.500000,0.500000,1500.0000,0.021560,151.470841,extrusion,897,9713
-723.4980,-200.7610,-494.4000,0.500000,-0.500000,-0.500000,0.500000,1500.0000,0.376690,160.875788,extrusion,897,9715
-723.8350,-199.6460,-494.4000,0.500000,-0.500000,-0.500000,0.500000,1500.0000,0.124930,160.879624,extrusion,897,9716
-723.8350,-198.7970,-494.4000,0.500000,-0.500000,-0.500000,0.500000,1500.0000,0.075050,132.597173,extrusion,897,9718
-724.6840,-198.7970,-494.4000,0.500000,-0.500000,-0.500000,0.500000,1500.0000,0.075050,132.597173,extrusion,897,9719
-724.0480,-199.4330,-494.4000,0.500000,-0.500000,-0.500000,0.500000,1500.0000,0.079510,132.599199,extrusion,897,9720
-708.5540,-202.4330,-493.9500,0.500000,-0.500000,-0.500000,0.500000,900.0000,0.000000,0.000000,travel,898,9726
-708.5540,-201.8220,-493.9500,0.500000,-0.500000,-0.500000,0.500000,900.0000,0.065530,96.525368,extrusion,899,9729
-708.5540,-197.7940,-493.9500,0.500000,-0.500000,-0.500000,0.500000,900.0000,0.432000,96.524330,extrusion,899,9730
-712.6850,-197.7940,-493.9500,0.500000,-0.500000,-0.500000,0.500000,900.0000,0.443050,96.525054,extrusion,899,9731
-712.6850,-203.8870,-493.9500,0.500000,-0.500000,-0.500000,0.500000,900.0000,0.653470,96.524372,extrusion,899,9732
-708.5540,-203.8870,-493.9500,0.500000,-0.500000,-0.500000,0.500000,900.0000,0.443050,96.525054,extrusion,899,9733
-708.5540,-202.4330,-493.9500,0.500000,-0.500000,-0.500000,0.500000,900.0000,0.155940,96.524072,extrusion,899,9734
-707.9510,-202.4330,-493.9500,0.500000,-0.500000,-0.500000,0.500000,900.0000,0.000000,0.000000,travel,900,9735
-707.9510,-201.8220,-493.9500,0.500000,-0.500000,-0.500000,0.500000,900.0000,0.065530,96.525368,extrusion,901,9737
-707.9510,-197.1910,-493.9500,0.500000,-0.500000,-0.500000,0.500000,900.0000,0.496670,96.524077,extrusion,901,9738
-713.2880,-197.1910,-493.9500,0.500000,-0.500000,-0.500000,0.500000,900.0000,0.572390,96.524452,extrusion,901,9739
-713.2880,-204.4910,-493.9500,0.500000,-0.500000,-0.500000,0.500000,900.0000,0.782920,96.524384,extrusion,901,9740
-707.9510,-204.4910,-493.9500,0.500000,-0.500000,-0.500000,0.500000,900.0000,0.572390,96.524452,extrusion,901,9741
-707.9510,-202.4330,-493.9500,0.500000,-0.500000,-0.500000,0.500000,900.0000,0.220720,96.524781,extrusion,901,9742
-712.1830,-198.4100,-493.9500,0.500000,-0.500000,-0.500000,0.500000,900.0000,0.000000,0.000000,travel,902,9744
-712.2500,-198.3440,-493.9500,0.500000,-0.500000,-0.500000,0.500000,1500.0000,0.012530,199.845057,extrusion,903,9748
-712.2250,-198.2540,-493.9500,0.500000,-0.500000,-0.500000,0.500000,1500.0000,0.012450,199.929966,extrusion,903,9749
-712.1350,-198.2290,-493.9500,0.500000,-0.500000,-0.500000,0.500000,1500.0000,0.012450,199.929966,extrusion,903,9750
-712.0690,-198.2960,-493.9500,0.500000,-0.500000,-0.500000,0.500000,1500.0000,0.012530,199.845057,extrusion,903,9751
-712.0930,-198.3860,-493.9500,0.500000,-0.500000,-0.500000,0.500000,1500.0000,0.012410,199.849593,extrusion,903,9752
-712.2320,-199.3500,-493.9500,0.500000,-0.500000,-0.500000,0.500000,1500.0000,0.104460,160.877693,extrusion,903,9754
-711.0210,-198.1490,-493.9500,0.500000,-0.500000,-0.500000,0.500000,1500.0000,0.182920,160.874205,extrusion,903,9755
-710.9140,-198.0510,-493.9500,0.500000,-0.500000,-0.500000,0.500000,1500.0000,0.014360,148.452906,extrusion,903,9757
-710.9590,-198.0060,-493.9500,0.500000,-0.500000,-0.500000,0.500000,1500.0000,0.005770,136.000204,extrusion,903,9759
-710.9420,-197.9440,-493.9500,0.500000,-0.500000,-0.500000,0.500000,1500.0000,0.005830,136.027624,extrusion,903,9760
-710.8810,-197.9270,-493.9500,0.500000,-0.500000,-0.500000,0.500000,1500.0000,0.005740,135.966202,extrusion,903,9761
-710.8360,-197.9730,-493.9500,0.500000,-0.500000,-0.500000,0.500000,1500.0000,0.005830,135.896164,extrusion,903,9762
-710.8520,-198.0340,-493.9500,0.500000,-0.500000,-0.500000,0.500000,1500.0000,0.005720,136.053429,extrusion,903,9763
-710.2760,-198.2470,-493.9500,0.500000,-0.500000,-0.500000,0.500000,1500.0000,0.065860,160.863980,extrusion,903,9765
-712.2320,-200.2030,-493.9500,0.500000,-0.500000,-0.500000,0.500000,1500.0000,0.296670,160.872215,extrusion,903,9766
-712.2320,-201.0570,-493.9500,0.500000,-0.500000,-0.500000,0.500000,1500.0000,0.091590,160.872365,extrusion,903,9767
-709.4220,-198.2470,-493.9500,0.500000,-0.500000,-0.500000,0.500000,1500.0000,0.426200,160.873084,extrusion,903,9768
-709.1600,-198.2150,-493.9500,0.500000,-0.500000,-0.500000,0.500000,1500.0000,0.028310,160.884593,extrusion,903,9769
-708.8980,-198.1830,-493.9500,0.500000,-0.500000,-0.500000,0.500000,1500.0000,0.026120,148.438911,extrusion,903,9771
-708.9430,-198.1380,-493.9500,0.500000,-0.500000,-0.500000,0.500000,1500.0000,0.005770,136.000204,extrusion,903,9773
-708.9270,-198.0760,-493.9500,0.500000,-0.500000,-0.500000,0.500000,1500.0000,0.005800,135.871173,extrusion,903,9774
-708.8650,-198.0600,-493.9500,0.500000,-0.500000,-0.500000,0.500000,1500.0000,0.005800,135.871173,extrusion,903,9775
-708.8200,-198.1050,-493.9500,0.500000,-0.500000,-0.500000,0.500000,1500.0000,0.005770,136.000204,extrusion,903,9776
-708.8370,-198.1670,-493.9500,0.500000,-0.500000,-0.500000,0.500000,1500.0000,0.005830,136.027624,extrusion,903,9777
-709.0070,-198.6850,-493.9500,0.500000,-0.500000,-0.500000,0.500000,1500.0000,0.058470,160.872724,extrusion,903,9779
-712.2320,-201.9100,-493.9500,0.500000,-0.500000,-0.500000,0.500000,1500.0000,0.489150,160.875015,extrusion,903,9780
-712.2320,-202.7630,-493.9500,0.500000,-0.500000,-0.500000,0.500000,1500.0000,0.091480,160.867526,extrusion,903,9781
-709.0070,-199.5380,-493.9500,0.500000,-0.500000,-0.500000,0.500000,1500.0000,0.489150,160.875015,extrusion,903,9782
-709.0070,-200.3910,-493.9500,0.500000,-0.500000,-0.500000,0.500000,1500.0000,0.091480,160.867526,extrusion,903,9783
-712.0500,-203.4350,-493.9500,0.500000,-0.500000,-0.500000,0.500000,1500.0000,0.461620,160.874632,extrusion,903,9784
-712.2060,-203.5440,-493.9500,0.500000,-0.500000,-0.500000,0.500000,1500.0000,0.020410,160.871098,extrusion,903,9785
-712.3610,-203.6540,-493.9500,0.500000,-0.500000,-0.500000,0.500000,1500.0000,0.018810,148.448607,extrusion,903,9787
-712.3450,-203.5920,-493.9500,0.500000,-0.500000,-0.500000,0.500000,1500.0000,0.005800,135.871173,extrusion,903,9789
-712.3900,-203.5470,-493.9500,0.500000,-0.500000,-0.500000,0.500000,1500.0000,0.005770,136.000204,extrusion,903,9790
-712.4510,-203.5640,-493.9500,0.500000,-0.500000,-0.500000,0.500000,1500.0000,0.005740,135.966202,extrusion,903,9791
-712.4680,-203.6250,-493.9500,0.500000,-0.500000,-0.500000,0.500000,1500.0000,0.005740,135.966202,extrusion,903,9792
-712.4230,-203.6700,-493.9500,0.500000,-0.500000,-0.500000,0.500000,1500.0000,0.005770,136.000204,extrusion,903,9793
-711.1970,-203.4350,-493.9500,0.500000,-0.500000,-0.500000,0.500000,900.0000,0.000000,0.000000,travel,904,9795
-709.0070,-201.2450,-493.9500,0.500000,-0.500000,-0.500000,0.500000,1500.0000,0.332170,160.876479,extrusion,905,9798
-708.7660,-201.9280,-493.9500,0.500000,-0.500000,-0.500000,0.500000,1500.0000,0.077680,160.878775,extrusion,905,9799
-708.8110,-201.8830,-493.9500,0.500000,-0.500000,-0.500000,0.500000,1500.0000,0.005770,136.000204,extrusion,905,9801
-708.7940,-201.8210,-493.9500,0.500000,-0.500000,-0.500000,0.500000,1500.0000,0.005830,136.027624,extrusion,905,9802
-708.7330,-201.8050,-493.9500,0.500000,-0.500000,-0.500000,0.500000,1500.0000,0.005720,136.053429,extrusion,905,9803
-708.6880,-201.8500,-493.9500,0.500000,-0.500000,-0.500000,0.500000,1500.0000,0.005770,136.000204,extrusion,905,9804
-708.7040,-201.9110,-493.9500,0.500000,-0.500000,-0.500000,0.500000,1500.0000,0.005720,136.053429,extrusion,905,9805
-708.8550,-202.0050,-493.9500,0.500000,-0.500000,-0.500000,0.500000,1500.0000,0.017600,148.424734,extrusion,905,9807
-709.0070,-202.0980,-493.9500,0.500000,-0.500000,-0.500000,0.500000,1500.0000,0.019110,160.864260,extrusion,905,9809
-710.3430,-203.4350,-493.9500,0.500000,-0.500000,-0.500000,0.500000,1500.0000,0.202710,160.872734,extrusion,905,9810
-710.4370,-203.5860,-493.9500,0.500000,-0.500000,-0.500000,0.500000,1500.0000,0.019080,160.905905,extrusion,905,9811
-710.5300,-203.7370,-493.9500,0.500000,-0.500000,-0.500000,0.500000,1500.0000,0.017550,148.442430,extrusion,905,9813
-710.5130,-203.6760,-493.9500,0.500000,-0.500000,-0.500000,0.500000,1500.0000,0.005740,135.966202,extrusion,905,9815
-710.5580,-203.6310,-493.9500,0.500000,-0.500000,-0.500000,0.500000,1500.0000,0.005770,136.000204,extrusion,905,9816
-710.6200,-203.6470,-493.9500,0.500000,-0.500000,-0.500000,0.500000,1500.0000,0.005800,135.871173,extrusion,905,9817
-710.6370,-203.7090,-493.9500,0.500000,-0.500000,-0.500000,0.500000,1500.0000,0.005830,136.027624,extrusion,905,9818
-710.5910,-203.7540,-493.9500,0.500000,-0.500000,-0.500000,0.500000,1500.0000,0.005830,135.896164,extrusion,905,9819
-709.6830,-203.5150,-493.9500,0.500000,-0.500000,-0.500000,0.500000,1500.0000,0.100700,160.875027,extrusion,905,9821
-708.9270,-203.5150,-493.9500,0.500000,-0.500000,-0.500000,0.500000,1500.0000,0.059560,118.174603,extrusion,905,9823
-708.9270,-202.7580,-493.9500,0.500000,-0.500000,-0.500000,0.500000,1500.0000,0.059630,118.157199,extrusion,905,9824
-709.4700,-203.3010,-493.9500,0.500000,-0.500000,-0.500000,0.500000,1500.0000,0.060490,118.157152,extrusion,905,9825
-726.6470,-200.8970,-493.9500,0.500000,-0.500000,-0.500000,0.500000,900.0000,0.000000,0.000000,travel,906,9828
-726.6470,-203.8870,-493.9500,0.500000,-0.500000,-0.500000,0.500000,900.0000,0.320680,96.525753,extrusion,907,9831
-722.5170,-203.8870,-493.9500,0.500000,-0.500000,-0.500000,0.500000,900.0000,0.442940,96.524455,extrusion,907,9832
-722.5170,-201.8220,-493.9500,0.500000,-0.500000,-0.500000,0.500000,900.0000,0.221470,96.524455,extrusion,907,9833
-722.5170,-197.7940,-493.9500,0.500000,-0.500000,-0.500000,0.500000,900.0000,0.432000,96.524330,extrusion,907,9834
-726.6470,-197.7940,-493.9500,0.500000,-0.500000,-0.500000,0.500000,900.0000,0.442940,96.524455,extrusion,907,9835
-726.6470,-200.8970,-493.9500,0.500000,-0.500000,-0.500000,0.500000,900.0000,0.332800,96.525943,extrusion,907,9836
-727.2510,-200.8970,-493.9500,0.500000,-0.500000,-0.500000,0.500000,900.0000,0.000000,0.000000,travel,908,9837
-727.2510,-204.4910,-493.9500,0.500000,-0.500000,-0.500000,0.500000,900.0000,0.385460,96.525876,extrusion,909,9839
-721.9130,-204.4910,-493.9500,0.500000,-0.500000,-0.500000,0.500000,900.0000,0.572500,96.524916,extrusion,909,9840
-721.9130,-201.8220,-493.9500,0.500000,-0.500000,-0.500000,0.500000,900.0000,0.286250,96.524916,extrusion,909,9841
-721.9130,-197.1910,-493.9500,0.500000,-0.500000,-0.500000,0.500000,900.0000,0.496670,96.524077,extrusion,909,9842
-727.2510,-197.1910,-493.9500,0.500000,-0.500000,-0.500000,0.500000,900.0000,0.572500,96.524916,extrusion,909,9843
-727.2510,-200.8970,-493.9500,0.500000,-0.500000,-0.500000,0.500000,900.0000,0.397470,96.525364,extrusion,909,9844
-726.1460,-198.4100,-493.9500,0.500000,-0.500000,-0.500000,0.500000,900.0000,0.000000,0.000000,travel,910,9846
-726.2120,-198.3440,-493.9500,0.500000,-0.500000,-0.500000,0.500000,1500.0000,0.012440,199.918372,extrusion,911,9850
-726.1880,-198.2540,-493.9500,0.500000,-0.500000,-0.500000,0.500000,1500.0000,0.012410,199.849593,extrusion,911,9851
-726.0970,-198.2290,-493.9500,0.500000,-0.500000,-0.500000,0.500000,1500.0000,0.012580,199.954211,extrusion,911,9852
-726.0310,-198.2960,-493.9500,0.500000,-0.500000,-0.500000,0.500000,1500.0000,0.012530,199.845057,extrusion,911,9853
-726.0550,-198.3860,-493.9500,0.500000,-0.500000,-0.500000,0.500000,1500.0000,0.012410,199.849593,extrusion,911,9854
-724.8760,-198.0510,-493.9500,0.500000,-0.500000,-0.500000,0.500000,900.0000,0.000000,0.000000,travel,912,9856
-724.9210,-198.0060,-493.9500,0.500000,-0.500000,-0.500000,0.500000,1500.0000,0.005770,136.000204,extrusion,913,9859
-724.9050,-197.9440,-493.9500,0.500000,-0.500000,-0.500000,0.500000,1500.0000,0.005800,135.871173,extrusion,913,9860
-724.8430,-197.9270,-493.9500,0.500000,-0.500000,-0.500000,0.500000,1500.0000,0.005830,136.027624,extrusion,913,9861
-724.7980,-197.9730,-493.9500,0.500000,-0.500000,-0.500000,0.500000,1500.0000,0.005830,135.896164,extrusion,913,9862
-724.8150,-198.0340,-493.9500,0.500000,-0.500000,-0.500000,0.500000,1500.0000,0.005740,135.966202,extrusion,913,9863
-724.9530,-198.1400,-493.9500,0.500000,-0.500000,-0.500000,0.500000,1500.0000,0.017220,148.438471,extrusion,913,9865
-725.0910,-198.2470,-493.9500,0.500000,-0.500000,-0.500000,0.500000,1500.0000,0.018730,160.889966,extrusion,913,9867
-726.1950,-199.3500,-493.9500,0.500000,-0.500000,-0.500000,0.500000,1500.0000,0.167370,160.872383,extrusion,913,9868
-726.3010,-199.4880,-493.9500,0.500000,-0.500000,-0.500000,0.500000,1500.0000,0.018660,160.851444,extrusion,913,9869
-726.4070,-199.6270,-493.9500,0.500000,-0.500000,-0.500000,0.500000,1500.0000,0.017300,148.450616,extrusion,913,9871
-726.3910,-199.5650,-493.9500,0.500000,-0.500000,-0.500000,0.500000,1500.0000,0.005800,135.871173,extrusion,913,9873
-726.4360,-199.5200,-493.9500,0.500000,-0.500000,-0.500000,0.500000,1500.0000,0.005770,136.000204,extrusion,913,9874
-726.4970,-199.5360,-493.9500,0.500000,-0.500000,-0.500000,0.500000,1500.0000,0.005720,136.053429,extrusion,913,9875
-726.5140,-199.5980,-493.9500,0.500000,-0.500000,-0.500000,0.500000,1500.0000,0.005830,136.027624,extrusion,913,9876
-726.4690,-199.6430,-493.9500,0.500000,-0.500000,-0.500000,0.500000,1500.0000,0.005770,136.000204,extrusion,913,9877
-726.1950,-200.2030,-493.9500,0.500000,-0.500000,-0.500000,0.500000,1500.0000,0.066860,160.865817,extrusion,913,9879
-724.2380,-198.2470,-493.9500,0.500000,-0.500000,-0.500000,0.500000,1500.0000,0.296750,160.874468,extrusion,913,9880
-722.8610,-198.1830,-493.9500,0.500000,-0.500000,-0.500000,0.500000,900.0000,0.000000,0.000000,travel,914,9882
-722.9060,-198.1380,-493.9500,0.500000,-0.500000,-0.500000,0.500000,1500.0000,0.005770,136.000204,extrusion,915,9885
-722.8890,-198.0760,-493.9500,0.500000,-0.500000,-0.500000,0.500000,1500.0000,0.005830,136.027624,extrusion,915,9886
-722.8280,-198.0600,-493.9500,0.500000,-0.500000,-0.500000,0.500000,1500.0000,0.005720,136.053429,extrusion,915,9887
-722.7830,-198.1050,-493.9500,0.500000,-0.500000,-0.500000,0.500000,1500.0000,0.005770,136.000204,extrusion,915,9888
-722.7990,-198.1670,-493.9500,0.500000,-0.500000,-0.500000,0.500000,1500.0000,0.005800,135.871173,extrusion,915,9889
-723.0920,-198.2070,-493.9500,0.500000,-0.500000,-0.500000,0.500000,1500.0000,0.029260,148.418541,extrusion,915,9891
-723.3850,-198.2470,-493.9500,0.500000,-0.500000,-0.500000,0.500000,1500.0000,0.031720,160.896654,extrusion,915,9893
-726.1950,-201.0570,-493.9500,0.500000,-0.500000,-0.500000,0.500000,1500.0000,0.426200,160.873084,extrusion,915,9894
-726.1950,-201.9100,-493.9500,0.500000,-0.500000,-0.500000,0.500000,1500.0000,0.091480,160.867526,extrusion,915,9895
-722.9690,-198.6850,-493.9500,0.500000,-0.500000,-0.500000,0.500000,1500.0000,0.489220,160.873093,extrusion,915,9896
-722.9690,-199.5380,-493.9500,0.500000,-0.500000,-0.500000,0.500000,1500.0000,0.091480,160.867526,extrusion,915,9897
-726.1950,-202.7630,-493.9500,0.500000,-0.500000,-0.500000,0.500000,1500.0000,0.489220,160.873093,extrusion,915,9898
-726.3850,-203.6700,-493.9500,0.500000,-0.500000,-0.500000,0.500000,1500.0000,0.099390,160.879544,extrusion,915,9899
-726.4300,-203.6250,-493.9500,0.500000,-0.500000,-0.500000,0.500000,1500.0000,0.005770,136.000204,extrusion,915,9901
-726.4140,-203.5640,-493.9500,0.500000,-0.500000,-0.500000,0.500000,1500.0000,0.005720,136.053429,extrusion,915,9902
-726.3520,-203.5470,-493.9500,0.500000,-0.500000,-0.500000,0.500000,1500.0000,0.005830,136.027624,extrusion,915,9903
-726.3070,-203.5920,-493.9500,0.500000,-0.500000,-0.500000,0.500000,1500.0000,0.005770,136.000204,extrusion,915,9904
-726.3240,-203.6540,-493.9500,0.500000,-0.500000,-0.500000,0.500000,1500.0000,0.005830,136.027624,extrusion,915,9905
-726.1680,-203.5440,-493.9500,0.500000,-0.500000,-0.500000,0.500000,1500.0000,0.018890,148.442367,extrusion,915,9907
-726.0130,-203.4350,-493.9500,0.500000,-0.500000,-0.500000,0.500000,1500.0000,0.020320,160.853846,extrusion,915,9909
-722.9690,-200.3910,-493.9500,0.500000,-0.500000,-0.500000,0.500000,1500.0000,0.461700,160.876085,extrusion,915,9910
-722.9690,-201.2450,-493.9500,0.500000,-0.500000,-0.500000,0.500000,1500.0000,0.091590,160.872365,extrusion,915,9911
-725.1590,-203.4350,-493.9500,0.500000,-0.500000,-0.500000,0.500000,1500.0000,0.332170,160.876479,extrusion,915,9912
-724.3060,-203.4350,-493.9500,0.500000,-0.500000,-0.500000,0.500000,1500.0000,0.091480,160.867526,extrusion,915,9913
-722.9690,-202.0980,-493.9500,0.500000,-0.500000,-0.500000,0.500000,1500.0000,0.202790,160.876048,extrusion,915,9914
-723.4320,-203.3010,-493.9500,0.500000,-0.500000,-0.500000,0.500000,900.0000,0.000000,0.000000,travel,916,9916
-722.8890,-202.7580,-493.9500,0.500000,-0.500000,-0.500000,0.500000,1500.0000,0.060490,118.157152,extrusion,917,9919
-722.8890,-203.5150,-493.9500,0.500000,-0.500000,-0.500000,0.500000,1500.0000,0.059630,118.157199,extrusion,917,9920
-723.6460,-203.5150,-493.9500,0.500000,-0.500000,-0.500000,0.500000,1500.0000,0.059630,118.157199,extrusion,917,9921
-708.5540,-200.1100,-493.5000,0.500000,-0.500000,-0.500000,0.500000,900.0000,0.000000,0.000000,travel,918,9927
-708.5540,-197.7940,-493.5000,0.500000,-0.500000,-0.500000,0.500000,900.0000,0.248390,96.524611,extrusion,919,9930
-713.0780,-197.7940,-493.5000,0.500000,-0.500000,-0.500000,0.500000,900.0000,0.485200,96.525199,extrusion,919,9931
-713.0780,-203.8870,-493.5000,0.500000,-0.500000,-0.500000,0.500000,900.0000,0.653470,96.524372,extrusion,919,9932
-708.5540,-203.8870,-493.5000,0.500000,-0.500000,-0.500000,0.500000,900.0000,0.485200,96.525199,extrusion,919,9933
-708.5540,-201.6250,-493.5000,0.500000,-0.500000,-0.500000,0.500000,900.0000,0.242600,96.525199,extrusion,919,9934
-708.5540,-200.1100,-493.5000,0.500000,-0.500000,-0.500000,0.500000,900.0000,0.162480,96.522772,extrusion,919,9935
-707.9510,-200.1100,-493.5000,0.500000,-0.500000,-0.500000,0.500000,900.0000,0.000000,0.000000,travel,920,9936
-707.9510,-197.1910,-493.5000,0.500000,-0.500000,-0.500000,0.500000,900.0000,0.313060,96.524152,extrusion,921,9938
-713.6820,-197.1910,-493.5000,0.500000,-0.500000,-0.500000,0.500000,900.0000,0.614650,96.525039,extrusion,921,9939
-713.6820,-204.4910,-493.5000,0.500000,-0.500000,-0.500000,0.500000,900.0000,0.782920,96.524384,extrusion,921,9940
-707.9510,-204.4910,-493.5000,0.500000,-0.500000,-0.500000,0.500000,900.0000,0.614650,96.525039,extrusion,921,9941
-707.9510,-201.6250,-493.5000,0.500000,-0.500000,-0.500000,0.500000,900.0000,0.307380,96.525471,extrusion,921,9942
-707.9510,-200.1100,-493.5000,0.500000,-0.500000,-0.500000,0.500000,900.0000,0.162480,96.522772,extrusion,921,9943
-712.4620,-203.3860,-493.5000,0.500000,-0.500000,-0.500000,0.500000,900.0000,0.000000,0.000000,travel,922,9945
-712.5280,-203.4520,-493.5000,0.500000,-0.500000,-0.500000,0.500000,1500.0000,0.012440,199.918372,extrusion,923,9949
-712.6190,-203.4280,-493.5000,0.500000,-0.500000,-0.500000,0.500000,1500.0000,0.012540,199.869015,extrusion,923,9950
-712.6430,-203.3370,-493.5000,0.500000,-0.500000,-0.500000,0.500000,1500.0000,0.012540,199.869015,extrusion,923,9951
-712.5770,-203.2710,-493.5000,0.500000,-0.500000,-0.500000,0.500000,1500.0000,0.012440,199.918372,extrusion,923,9952
-712.4860,-203.2950,-493.5000,0.500000,-0.500000,-0.500000,0.500000,1500.0000,0.012540,199.869015,extrusion,923,9953
-711.5220,-203.4350,-493.5000,0.500000,-0.500000,-0.500000,0.500000,1500.0000,0.104470,160.869438,extrusion,923,9955
-712.7240,-202.2240,-493.5000,0.500000,-0.500000,-0.500000,0.500000,1500.0000,0.183000,160.878128,extrusion,923,9956
-712.8220,-202.1160,-493.5000,0.500000,-0.500000,-0.500000,0.500000,1500.0000,0.014430,148.420628,extrusion,923,9958
-712.8670,-202.1610,-493.5000,0.500000,-0.500000,-0.500000,0.500000,1500.0000,0.005770,136.000204,extrusion,923,9960
-712.9280,-202.1450,-493.5000,0.500000,-0.500000,-0.500000,0.500000,1500.0000,0.005720,136.053429,extrusion,923,9961
-712.9450,-202.0830,-493.5000,0.500000,-0.500000,-0.500000,0.500000,1500.0000,0.005830,136.027624,extrusion,923,9962
-712.9000,-202.0380,-493.5000,0.500000,-0.500000,-0.500000,0.500000,1500.0000,0.005770,136.000204,extrusion,923,9963
-712.8380,-202.0550,-493.5000,0.500000,-0.500000,-0.500000,0.500000,1500.0000,0.005830,136.027624,extrusion,923,9964
-712.6260,-201.4780,-493.5000,0.500000,-0.500000,-0.500000,0.500000,1500.0000,0.065930,160.879758,extrusion,923,9966
-710.6690,-203.4350,-493.5000,0.500000,-0.500000,-0.500000,0.500000,1500.0000,0.296830,160.876729,extrusion,923,9967
-709.8160,-203.4350,-493.5000,0.500000,-0.500000,-0.500000,0.500000,1500.0000,0.091480,160.867526,extrusion,923,9968
-712.6260,-200.6250,-493.5000,0.500000,-0.500000,-0.500000,0.500000,1500.0000,0.426200,160.873084,extrusion,923,9969
-712.6260,-199.7710,-493.5000,0.500000,-0.500000,-0.500000,0.500000,1500.0000,0.091590,160.872365,extrusion,923,9970
-709.0070,-203.3900,-493.5000,0.500000,-0.500000,-0.500000,0.500000,1500.0000,0.548910,160.875097,extrusion,923,9971
-709.0070,-202.5370,-493.5000,0.500000,-0.500000,-0.500000,0.500000,1500.0000,0.091480,160.867526,extrusion,923,9972
-712.6260,-198.9180,-493.5000,0.500000,-0.500000,-0.500000,0.500000,1500.0000,0.548910,160.875097,extrusion,923,9973
-712.7550,-198.0270,-493.5000,0.500000,-0.500000,-0.500000,0.500000,1500.0000,0.096560,160.881502,extrusion,923,9974
-712.8160,-198.0110,-493.5000,0.500000,-0.500000,-0.500000,0.500000,1500.0000,0.005720,136.053429,extrusion,923,9976
-712.8610,-198.0560,-493.5000,0.500000,-0.500000,-0.500000,0.500000,1500.0000,0.005770,136.000204,extrusion,923,9977
-712.8450,-198.1180,-493.5000,0.500000,-0.500000,-0.500000,0.500000,1500.0000,0.005800,135.871173,extrusion,923,9978
-712.7830,-198.1340,-493.5000,0.500000,-0.500000,-0.500000,0.500000,1500.0000,0.005800,135.871173,extrusion,923,9979
-712.7380,-198.0890,-493.5000,0.500000,-0.500000,-0.500000,0.500000,1500.0000,0.005770,136.000204,extrusion,923,9980
-712.5910,-198.1680,-493.5000,0.500000,-0.500000,-0.500000,0.500000,1500.0000,0.016510,148.397209,extrusion,923,9982
-712.4430,-198.2470,-493.5000,0.500000,-0.500000,-0.500000,0.500000,1500.0000,0.017990,160.850271,extrusion,923,9984
-709.0070,-201.6830,-493.5000,0.500000,-0.500000,-0.500000,0.500000,1500.0000,0.521150,160.873995,extrusion,923,9985
-709.0070,-200.8300,-493.5000,0.500000,-0.500000,-0.500000,0.500000,1500.0000,0.091480,160.867526,extrusion,923,9986
-711.5900,-198.2470,-493.5000,0.500000,-0.500000,-0.500000,0.500000,1500.0000,0.391770,160.872952,extrusion,923,9987
-710.9230,-197.9440,-493.5000,0.500000,-0.500000,-0.500000,0.500000,1500.0000,0.078570,160.872949,extrusion,923,9988
-710.9850,-197.9270,-493.5000,0.500000,-0.500000,-0.500000,0.500000,1500.0000,0.005830,136.027624,extrusion,923,9990
-711.0300,-197.9730,-493.5000,0.500000,-0.500000,-0.500000,0.500000,1500.0000,0.005830,135.896164,extrusion,923,9991
-711.0130,-198.0340,-493.5000,0.500000,-0.500000,-0.500000,0.500000,1500.0000,0.005740,135.966202,extrusion,923,9992
-710.9520,-198.0510,-493.5000,0.500000,-0.500000,-0.500000,0.500000,1500.0000,0.005740,135.966202,extrusion,923,9993
-710.9070,-198.0060,-493.5000,0.500000,-0.500000,-0.500000,0.500000,1500.0000,0.005770,136.000204,extrusion,923,9994
-710.8220,-198.1260,-493.5000,0.500000,-0.500000,-0.500000,0.500000,1500.0000,0.014550,148.414453,extrusion,923,9996
-710.7370,-198.2470,-493.5000,0.500000,-0.500000,-0.500000,0.500000,1500.0000,0.015860,160.882857,extrusion,923,9998
-709.0070,-199.9760,-493.5000,0.500000,-0.500000,-0.500000,0.500000,1500.0000,0.262320,160.874452,extrusion,923,9999
-708.9840,-199.1770,-493.5000,0.500000,-0.500000,-0.500000,0.500000,1500.0000,0.085730,160.878290,extrusion,923,10000
-708.9840,-198.2240,-493.5000,0.500000,-0.500000,-0.500000,0.500000,1500.0000,0.094590,148.882476,extrusion,923,10002
-709.9380,-198.2240,-493.5000,0.500000,-0.500000,-0.500000,0.500000,1500.0000,0.094690,148.883648,extrusion,923,10003
-709.1980,-198.9640,-493.5000,0.500000,-0.500000,-0.500000,0.500000,1500.0000,0.103870,148.879422,extrusion,923,10004
-723.0570,-203.8870,-493.5000,0.500000,-0.500000,-0.500000,0.500000,900.0000,0.000000,0.000000,travel,924,10007
-722.1230,-203.8870,-493.5000,0.500000,-0.500000,-0.500000,0.500000,900.0000,0.100170,96.523555,extrusion,925,10010
-722.1230,-201.6250,-493.5000,0.500000,-0.500000,-0.500000,0.500000,900.0000,0.242600,96.525199,extrusion,925,10011
-722.1230,-197.7940,-493.5000,0.500000,-0.500000,-0.500000,0.500000,900.0000,0.410870,96.523884,extrusion,925,10012
-726.6470,-197.7940,-493.5000,0.500000,-0.500000,-0.500000,0.500000,900.0000,0.485200,96.525199,extrusion,925,10013
-726.6470,-203.8870,-493.5000,0.500000,-0.500000,-0.500000,0.500000,900.0000,0.653470,96.524372,extrusion,925,10014
-723.0570,-203.8870,-493.5000,0.500000,-0.500000,-0.500000,0.500000,900.0000,0.385030,96.525627,extrusion,925,10015
-723.0570,-204.4910,-493.5000,0.500000,-0.500000,-0.500000,0.500000,900.0000,0.000000,0.000000,travel,926,10016
-721.5200,-204.4910,-493.5000,0.500000,-0.500000,-0.500000,0.500000,900.0000,0.164840,96.523097,extrusion,927,10018
-721.5200,-201.6250,-493.5000,0.500000,-0.500000,-0.500000,0.500000,900.0000,0.307380,96.525471,extrusion,927,10019
-721.5200,-197.1910,-493.5000,0.500000,-0.500000,-0.500000,0.500000,900.0000,0.475550,96.525710,extrusion,927,10020
-727.2510,-197.1910,-493.5000,0.500000,-0.500000,-0.500000,0.500000,900.0000,0.614650,96.525039,extrusion,927,10021
-727.2510,-204.4910,-493.5000,0.500000,-0.500000,-0.500000,0.500000,900.0000,0.782920,96.524384,extrusion,927,10022
-723.0570,-204.4910,-493.5000,0.500000,-0.500000,-0.500000,0.500000,900.0000,0.449810,96.525751,extrusion,927,10023
-726.0310,-203.3860,-493.5000,0.500000,-0.500000,-0.500000,0.500000,900.0000,0.000000,0.000000,travel,928,10025
-726.0970,-203.4520,-493.5000,0.500000,-0.500000,-0.500000,0.500000,1500.0000,0.012440,199.918372,extrusion,929,10029
-726.1880,-203.4280,-493.5000,0.500000,-0.500000,-0.500000,0.500000,1500.0000,0.012540,199.869015,extrusion,929,10030
-726.2120,-203.3370,-493.5000,0.500000,-0.500000,-0.500000,0.500000,1500.0000,0.012540,199.869015,extrusion,929,10031
-726.1460,-203.2710,-493.5000,0.500000,-0.500000,-0.500000,0.500000,1500.0000,0.012440,199.918372,extrusion,929,10032
-726.0550,-203.2950,-493.5000,0.500000,-0.500000,-0.500000,0.500000,1500.0000,0.012540,199.869015,extrusion,929,10033
-725.0910,-203.4350,-493.5000,0.500000,-0.500000,-0.500000,0.500000,1500.0000,0.104470,160.869438,extrusion,929,10035
-726.2930,-202.2240,-493.5000,0.500000,-0.500000,-0.500000,0.500000,1500.0000,0.183000,160.878128,extrusion,929,10036
-726.3910,-202.1160,-493.5000,0.500000,-0.500000,-0.500000,0.500000,1500.0000,0.014430,148.420628,extrusion,929,10038
-726.4360,-202.1610,-493.5000,0.500000,-0.500000,-0.500000,0.500000,1500.0000,0.005770,136.000204,extrusion,929,10040
-726.4970,-202.1450,-493.5000,0.500000,-0.500000,-0.500000,0.500000,1500.0000,0.005720,136.053429,extrusion,929,10041
-726.5140,-202.0830,-493.5000,0.500000,-0.500000,-0.500000,0.500000,1500.0000,0.005830,136.027624,extrusion,929,10042
-726.4690,-202.0380,-493.5000,0.500000,-0.500000,-0.500000,0.500000,1500.0000,0.005770,136.000204,extrusion,929,10043
-726.4070,-202.0550,-493.5000,0.500000,-0.500000,-0.500000,0.500000,1500.0000,0.005830,136.027624,extrusion,929,10044
-726.1950,-201.4780,-493.5000,0.500000,-0.500000,-0.500000,0.500000,1500.0000,0.065930,160.879758,extrusion,929,10046
-724.2380,-203.4350,-493.5000,0.500000,-0.500000,-0.500000,0.500000,1500.0000,0.296830,160.876729,extrusion,929,10047
-723.3850,-203.4350,-493.5000,0.500000,-0.500000,-0.500000,0.500000,1500.0000,0.091480,160.867526,extrusion,929,10048
-726.1950,-200.6250,-493.5000,0.500000,-0.500000,-0.500000,0.500000,1500.0000,0.426200,160.873084,extrusion,929,10049
-726.1950,-199.7710,-493.5000,0.500000,-0.500000,-0.500000,0.500000,1500.0000,0.091590,160.872365,extrusion,929,10050
-722.5760,-203.3900,-493.5000,0.500000,-0.500000,-0.500000,0.500000,1500.0000,0.548910,160.875097,extrusion,929,10051
-722.5760,-202.5370,-493.5000,0.500000,-0.500000,-0.500000,0.500000,1500.0000,0.091480,160.867526,extrusion,929,10052
-726.1950,-198.9180,-493.5000,0.500000,-0.500000,-0.500000,0.500000,1500.0000,0.548910,160.875097,extrusion,929,10053
-726.3240,-198.0270,-493.5000,0.500000,-0.500000,-0.500000,0.500000,1500.0000,0.096560,160.881502,extrusion,929,10054
-726.3850,-198.0110,-493.5000,0.500000,-0.500000,-0.500000,0.500000,1500.0000,0.005720,136.053429,extrusion,929,10056
-726.4300,-198.0560,-493.5000,0.500000,-0.500000,-0.500000,0.500000,1500.0000,0.005770,136.000204,extrusion,929,10057
-726.4140,-198.1180,-493.5000,0.500000,-0.500000,-0.500000,0.500000,1500.0000,0.005800,135.871173,extrusion,929,10058
-726.3520,-198.1340,-493.5000,0.500000,-0.500000,-0.500000,0.500000,1500.0000,0.005800,135.871173,extrusion,929,10059
-726.3070,-198.0890,-493.5000,0.500000,-0.500000,-0.500000,0.500000,1500.0000,0.005770,136.000204,extrusion,929,10060
-726.1600,-198.1680,-493.5000,0.500000,-0.500000,-0.500000,0.500000,1500.0000,0.016510,148.397209,extrusion,929,10062
-726.0130,-198.2470,-493.5000,0.500000,-0.500000,-0.500000,0.500000,1500.0000,0.017900,160.890978,extrusion,929,10064
-722.5760,-201.6830,-493.5000,0.500000,-0.500000,-0.500000,0.500000,1500.0000,0.521230,160.875279,extrusion,929,10065
-722.5760,-200.8300,-493.5000,0.500000,-0.500000,-0.500000,0.500000,1500.0000,0.091480,160.867526,extrusion,929,10066
-725.1590,-198.2470,-493.5000,0.500000,-0.500000,-0.500000,0.500000,1500.0000,0.391770,160.872952,extrusion,929,10067
-724.3060,-198.2470,-493.5000,0.500000,-0.500000,-0.500000,0.500000,1500.0000,0.091480,160.867526,extrusion,929,10068
-722.5760,-199.9760,-493.5000,0.500000,-0.500000,-0.500000,0.500000,1500.0000,0.262320,160.874452,extrusion,929,10069
-722.5530,-199.1770,-493.5000,0.500000,-0.500000,-0.500000,0.500000,1500.0000,0.085730,160.878290,extrusion,929,10070
-722.5530,-198.2240,-493.5000,0.500000,-0.500000,-0.500000,0.500000,1500.0000,0.094590,148.882476,extrusion,929,10072
-723.5070,-198.2240,-493.5000,0.500000,-0.500000,-0.500000,0.500000,1500.0000,0.094690,148.883648,extrusion,929,10073
-722.7670,-198.9640,-493.5000,0.500000,-0.500000,-0.500000,0.500000,1500.0000,0.103870,148.879422,extrusion,929,10074
-711.9040,-203.8870,-493.0500,0.500000,-0.500000,-0.500000,0.500000,900.0000,0.000000,0.000000,travel,930,10080
-708.5540,-203.8870,-493.0500,0.500000,-0.500000,-0.500000,0.500000,900.0000,0.359290,96.525672,extrusion,931,10083
-708.5540,-201.3800,-493.0500,0.500000,-0.500000,-0.500000,0.500000,900.0000,0.268880,96.526526,extrusion,931,10084
-708.5540,-197.7940,-493.0500,0.500000,-0.500000,-0.500000,0.500000,900.0000,0.384600,96.525376,extrusion,931,10085
-713.5690,-197.7940,-493.0500,0.500000,-0.500000,-0.500000,0.500000,900.0000,0.537860,96.525224,extrusion,931,10086
-713.5690,-203.8870,-493.0500,0.500000,-0.500000,-0.500000,0.500000,900.0000,0.653470,96.524372,extrusion,931,10087
-711.9040,-203.8870,-493.0500,0.500000,-0.500000,-0.500000,0.500000,900.0000,0.178570,96.524324,extrusion,931,10088
-711.9040,-204.4910,-493.0500,0.500000,-0.500000,-0.500000,0.500000,900.0000,0.000000,0.000000,travel,932,10089
-707.9510,-204.4910,-493.0500,0.500000,-0.500000,-0.500000,0.500000,900.0000,0.423960,96.525171,extrusion,933,10091
-707.9510,-201.3800,-493.0500,0.500000,-0.500000,-0.500000,0.500000,900.0000,0.333650,96.523626,extrusion,933,10092
-707.9510,-197.1910,-493.0500,0.500000,-0.500000,-0.500000,0.500000,900.0000,0.449270,96.524946,extrusion,933,10093
-714.1720,-197.1910,-493.0500,0.500000,-0.500000,-0.500000,0.500000,900.0000,0.667200,96.524674,extrusion,933,10094
-714.1720,-204.4910,-493.0500,0.500000,-0.500000,-0.500000,0.500000,900.0000,0.782920,96.524384,extrusion,933,10095
-711.9040,-204.4910,-493.0500,0.500000,-0.500000,-0.500000,0.500000,900.0000,0.243240,96.523810,extrusion,933,10096
-713.0670,-198.4100,-493.0500,0.500000,-0.500000,-0.500000,0.500000,900.0000,0.000000,0.000000,travel,934,10098
-713.1340,-198.3440,-493.0500,0.500000,-0.500000,-0.500000,0.500000,1500.0000,0.012530,199.845057,extrusion,935,10102
-713.1090,-198.2540,-493.0500,0.500000,-0.500000,-0.500000,0.500000,1500.0000,0.012450,199.929966,extrusion,935,10103
-713.0190,-198.2290,-493.0500,0.500000,-0.500000,-0.500000,0.500000,1500.0000,0.012450,199.929966,extrusion,935,10104
-712.9520,-198.2960,-493.0500,0.500000,-0.500000,-0.500000,0.500000,1500.0000,0.012630,199.942358,extrusion,935,10105
-712.9770,-198.3860,-493.0500,0.500000,-0.500000,-0.500000,0.500000,1500.0000,0.012450,199.929966,extrusion,935,10106
-713.1160,-199.3500,-493.0500,0.500000,-0.500000,-0.500000,0.500000,1500.0000,0.104460,160.877693,extrusion,935,10108
-711.9050,-198.1490,-493.0500,0.500000,-0.500000,-0.500000,0.500000,1500.0000,0.182920,160.874205,extrusion,935,10109
-711.7980,-198.0510,-493.0500,0.500000,-0.500000,-0.500000,0.500000,1500.0000,0.014360,148.452906,extrusion,935,10111
-711.8430,-198.0060,-493.0500,0.500000,-0.500000,-0.500000,0.500000,1500.0000,0.005770,136.000204,extrusion,935,10113
-711.8260,-197.9440,-493.0500,0.500000,-0.500000,-0.500000,0.500000,1500.0000,0.005830,136.027624,extrusion,935,10114
-711.7650,-197.9270,-493.0500,0.500000,-0.500000,-0.500000,0.500000,1500.0000,0.005740,135.966202,extrusion,935,10115
-711.7200,-197.9730,-493.0500,0.500000,-0.500000,-0.500000,0.500000,1500.0000,0.005830,135.896164,extrusion,935,10116
-711.7360,-198.0340,-493.0500,0.500000,-0.500000,-0.500000,0.500000,1500.0000,0.005720,136.053429,extrusion,935,10117
-711.1600,-198.2470,-493.0500,0.500000,-0.500000,-0.500000,0.500000,1500.0000,0.065860,160.863980,extrusion,935,10119
-713.1160,-200.2030,-493.0500,0.500000,-0.500000,-0.500000,0.500000,1500.0000,0.296670,160.872215,extrusion,935,10120
-713.1160,-201.0570,-493.0500,0.500000,-0.500000,-0.500000,0.500000,1500.0000,0.091590,160.872365,extrusion,935,10121
-710.3060,-198.2470,-493.0500,0.500000,-0.500000,-0.500000,0.500000,1500.0000,0.426200,160.873084,extrusion,935,10122
-708.8360,-198.1660,-493.0500,0.500000,-0.500000,-0.500000,0.500000,900.0000,0.000000,0.000000,travel,936,10124
-708.8200,-198.1050,-493.0500,0.500000,-0.500000,-0.500000,0.500000,1500.0000,0.005720,136.053429,extrusion,937,10127
-708.8650,-198.0600,-493.0500,0.500000,-0.500000,-0.500000,0.500000,1500.0000,0.005770,136.000204,extrusion,937,10128
-708.9270,-198.0760,-493.0500,0.500000,-0.500000,-0.500000,0.500000,1500.0000,0.005800,135.871173,extrusion,937,10129
-708.9430,-198.1380,-493.0500,0.500000,-0.500000,-0.500000,0.500000,1500.0000,0.005800,135.871173,extrusion,937,10130
-708.8980,-198.1830,-493.0500,0.500000,-0.500000,-0.500000,0.500000,1500.0000,0.005770,136.000204,extrusion,937,10131
-709.1750,-198.2150,-493.0500,0.500000,-0.500000,-0.500000,0.500000,1500.0000,0.027590,148.417251,extrusion,937,10133
-709.4530,-198.2470,-493.0500,0.500000,-0.500000,-0.500000,0.500000,1500.0000,0.030010,160.862268,extrusion,937,10135
-713.1160,-201.9100,-493.0500,0.500000,-0.500000,-0.500000,0.500000,1500.0000,0.555580,160.874032,extrusion,937,10136
-713.1160,-202.7630,-493.0500,0.500000,-0.500000,-0.500000,0.500000,1500.0000,0.091480,160.867526,extrusion,937,10137
-709.0070,-198.6540,-493.0500,0.500000,-0.500000,-0.500000,0.500000,1500.0000,0.623230,160.874967,extrusion,937,10138
-709.0070,-199.5070,-493.0500,0.500000,-0.500000,-0.500000,0.500000,1500.0000,0.091480,160.867526,extrusion,937,10139
-712.9340,-203.4350,-493.0500,0.500000,-0.500000,-0.500000,0.500000,1500.0000,0.595700,160.874668,extrusion,937,10140
-713.0900,-203.5440,-493.0500,0.500000,-0.500000,-0.500000,0.500000,1500.0000,0.020410,160.871098,extrusion,937,10141
-713.2450,-203.6540,-493.0500,0.500000,-0.500000,-0.500000,0.500000,1500.0000,0.018810,148.448607,extrusion,937,10143
-713.2290,-203.5920,-493.0500,0.500000,-0.500000,-0.500000,0.500000,1500.0000,0.005800,135.871173,extrusion,937,10145
-713.2740,-203.5470,-493.0500,0.500000,-0.500000,-0.500000,0.500000,1500.0000,0.005770,136.000204,extrusion,937,10146
-713.3350,-203.5640,-493.0500,0.500000,-0.500000,-0.500000,0.500000,1500.0000,0.005740,135.966202,extrusion,937,10147
-713.3520,-203.6250,-493.0500,0.500000,-0.500000,-0.500000,0.500000,1500.0000,0.005740,135.966202,extrusion,937,10148
-713.3070,-203.6700,-493.0500,0.500000,-0.500000,-0.500000,0.500000,1500.0000,0.005770,136.000204,extrusion,937,10149
-712.0810,-203.4350,-493.0500,0.500000,-0.500000,-0.500000,0.500000,900.0000,0.000000,0.000000,travel,938,10151
-709.0070,-200.3610,-493.0500,0.500000,-0.500000,-0.500000,0.500000,1500.0000,0.466250,160.875994,extrusion,939,10154
-709.0070,-201.2140,-493.0500,0.500000,-0.500000,-0.500000,0.500000,1500.0000,0.091480,160.867526,extrusion,939,10155
-711.2270,-203.4350,-493.0500,0.500000,-0.500000,-0.500000,0.500000,1500.0000,0.336790,160.873556,extrusion,939,10156
-710.6220,-203.7540,-493.0500,0.500000,-0.500000,-0.500000,0.500000,1500.0000,0.073350,160.867298,extrusion,939,10157
-710.6670,-203.7090,-493.0500,0.500000,-0.500000,-0.500000,0.500000,1500.0000,0.005770,136.000204,extrusion,939,10159
-710.6510,-203.6470,-493.0500,0.500000,-0.500000,-0.500000,0.500000,1500.0000,0.005800,135.871173,extrusion,939,10160
-710.5890,-203.6310,-493.0500,0.500000,-0.500000,-0.500000,0.500000,1500.0000,0.005800,135.871173,extrusion,939,10161
-710.5440,-203.6760,-493.0500,0.500000,-0.500000,-0.500000,0.500000,1500.0000,0.005770,136.000204,extrusion,939,10162
-710.5600,-203.7370,-493.0500,0.500000,-0.500000,-0.500000,0.500000,1500.0000,0.005720,136.053429,extrusion,939,10163
-710.4670,-203.5860,-493.0500,0.500000,-0.500000,-0.500000,0.500000,1500.0000,0.017550,148.442430,extrusion,939,10165
-710.3740,-203.4350,-493.0500,0.500000,-0.500000,-0.500000,0.500000,1500.0000,0.019020,160.876069,extrusion,939,10167
-709.0070,-202.0670,-493.0500,0.500000,-0.500000,-0.500000,0.500000,1500.0000,0.207410,160.871306,extrusion,939,10168
-708.8550,-201.9740,-493.0500,0.500000,-0.500000,-0.500000,0.500000,1500.0000,0.019110,160.864260,extrusion,939,10169
-708.7040,-201.8810,-493.0500,0.500000,-0.500000,-0.500000,0.500000,1500.0000,0.017550,148.442430,extrusion,939,10171
-708.6880,-201.8190,-493.0500,0.500000,-0.500000,-0.500000,0.500000,1500.0000,0.005800,135.871173,extrusion,939,10173
-708.7330,-201.7740,-493.0500,0.500000,-0.500000,-0.500000,0.500000,1500.0000,0.005770,136.000204,extrusion,939,10174
-708.7940,-201.7910,-493.0500,0.500000,-0.500000,-0.500000,0.500000,1500.0000,0.005740,135.966202,extrusion,939,10175
-708.8110,-201.8520,-493.0500,0.500000,-0.500000,-0.500000,0.500000,1500.0000,0.005740,135.966202,extrusion,939,10176
-708.7660,-201.8970,-493.0500,0.500000,-0.500000,-0.500000,0.500000,1500.0000,0.005770,136.000204,extrusion,939,10177
-709.4900,-203.2970,-493.0500,0.500000,-0.500000,-0.500000,0.500000,900.0000,0.000000,0.000000,travel,940,10179
-708.9310,-202.7380,-493.0500,0.500000,-0.500000,-0.500000,0.500000,1500.0000,0.063530,120.543364,extrusion,941,10182
-708.9310,-203.5100,-493.0500,0.500000,-0.500000,-0.500000,0.500000,1500.0000,0.062040,120.544041,extrusion,941,10183
-709.7030,-203.5100,-493.0500,0.500000,-0.500000,-0.500000,0.500000,1500.0000,0.062040,120.544041,extrusion,941,10184
-724.6590,-197.7940,-493.0500,0.500000,-0.500000,-0.500000,0.500000,900.0000,0.000000,0.000000,travel,942,10187
-726.6470,-197.7940,-493.0500,0.500000,-0.500000,-0.500000,0.500000,900.0000,0.213210,96.523642,extrusion,943,10190
-726.6470,-203.8870,-493.0500,0.500000,-0.500000,-0.500000,0.500000,900.0000,0.653470,96.524372,extrusion,943,10191
-721.6330,-203.8870,-493.0500,0.500000,-0.500000,-0.500000,0.500000,900.0000,0.537750,96.524731,extrusion,943,10192
-721.6330,-201.3800,-493.0500,0.500000,-0.500000,-0.500000,0.500000,900.0000,0.268880,96.526526,extrusion,943,10193
-721.6330,-197.7940,-493.0500,0.500000,-0.500000,-0.500000,0.500000,900.0000,0.384600,96.525376,extrusion,943,10194
-724.6590,-197.7940,-493.0500,0.500000,-0.500000,-0.500000,0.500000,900.0000,0.324540,96.525446,extrusion,943,10195
-724.6590,-197.1910,-493.0500,0.500000,-0.500000,-0.500000,0.500000,900.0000,0.000000,0.000000,travel,944,10196
-727.2510,-197.1910,-493.0500,0.500000,-0.500000,-0.500000,0.500000,900.0000,0.277990,96.524306,extrusion,945,10198
-727.2510,-204.4910,-493.0500,0.500000,-0.500000,-0.500000,0.500000,900.0000,0.782920,96.524384,extrusion,945,10199
-721.0290,-204.4910,-493.0500,0.500000,-0.500000,-0.500000,0.500000,900.0000,0.667310,96.525072,extrusion,945,10200
-721.0290,-201.3800,-493.0500,0.500000,-0.500000,-0.500000,0.500000,900.0000,0.333650,96.523626,extrusion,945,10201
-721.0290,-197.1910,-493.0500,0.500000,-0.500000,-0.500000,0.500000,900.0000,0.449270,96.524946,extrusion,945,10202
-724.6590,-197.1910,-493.0500,0.500000,-0.500000,-0.500000,0.500000,900.0000,0.389320,96.525620,extrusion,945,10203
-726.1460,-198.4100,-493.0500,0.500000,-0.500000,-0.500000,0.500000,900.0000,0.000000,0.000000,travel,946,10204
-726.2120,-198.3440,-493.0500,0.500000,-0.500000,-0.500000,0.500000,1500.0000,0.012440,199.918372,extrusion,947,10208
-726.1880,-198.2540,-493.0500,0.500000,-0.500000,-0.500000,0.500000,1500.0000,0.012410,199.849593,extrusion,947,10209
-726.0970,-198.2290,-493.0500,0.500000,-0.500000,-0.500000,0.500000,1500.0000,0.012580,199.954211,extrusion,947,10210
-726.0310,-198.2960,-493.0500,0.500000,-0.500000,-0.500000,0.500000,1500.0000,0.012530,199.845057,extrusion,947,10211
-726.0550,-198.3860,-493.0500,0.500000,-0.500000,-0.500000,0.500000,1500.0000,0.012410,199.849593,extrusion,947,10212
-724.8760,-198.0510,-493.0500,0.500000,-0.500000,-0.500000,0.500000,900.0000,0.000000,0.000000,travel,948,10214
-724.9210,-198.0060,-493.0500,0.500000,-0.500000,-0.500000,0.500000,1500.0000,0.005770,136.000204,extrusion,949,10217
-724.9050,-197.9440,-493.0500,0.500000,-0.500000,-0.500000,0.500000,1500.0000,0.005800,135.871173,extrusion,949,10218
-724.8430,-197.9270,-493.0500,0.500000,-0.500000,-0.500000,0.500000,1500.0000,0.005830,136.027624,extrusion,949,10219
-724.7980,-197.9730,-493.0500,0.500000,-0.500000,-0.500000,0.500000,1500.0000,0.005830,135.896164,extrusion,949,10220
-724.8150,-198.0340,-493.0500,0.500000,-0.500000,-0.500000,0.500000,1500.0000,0.005740,135.966202,extrusion,949,10221
-724.9530,-198.1400,-493.0500,0.500000,-0.500000,-0.500000,0.500000,1500.0000,0.017220,148.438471,extrusion,949,10223
-725.0910,-198.2470,-493.0500,0.500000,-0.500000,-0.500000,0.500000,1500.0000,0.018730,160.889966,extrusion,949,10225
-726.1950,-199.3500,-493.0500,0.500000,-0.500000,-0.500000,0.500000,1500.0000,0.167370,160.872383,extrusion,949,10226
-726.3010,-199.4880,-493.0500,0.500000,-0.500000,-0.500000,0.500000,1500.0000,0.018660,160.851444,extrusion,949,10227
-726.4070,-199.6270,-493.0500,0.500000,-0.500000,-0.500000,0.500000,1500.0000,0.017300,148.450616,extrusion,949,10229
-726.3910,-199.5650,-493.0500,0.500000,-0.500000,-0.500000,0.500000,1500.0000,0.005800,135.871173,extrusion,949,10231
-726.4360,-199.5200,-493.0500,0.500000,-0.500000,-0.500000,0.500000,1500.0000,0.005770,136.000204,extrusion,949,10232
-726.4970,-199.5360,-493.0500,0.500000,-0.500000,-0.500000,0.500000,1500.0000,0.005720,136.053429,extrusion,949,10233
-726.5140,-199.5980,-493.0500,0.500000,-0.500000,-0.500000,0.500000,1500.0000,0.005830,136.027624,extrusion,949,10234
-726.4690,-199.6430,-493.0500,0.500000,-0.500000,-0.500000,0.500000,1500.0000,0.005770,136.000204,extrusion,949,10235
-726.1950,-200.2030,-493.0500,0.500000,-0.500000,-0.500000,0.500000,1500.0000,0.066860,160.865817,extrusion,949,10237
-724.2380,-198.2470,-493.0500,0.500000,-0.500000,-0.500000,0.500000,1500.0000,0.296750,160.874468,extrusion,949,10238
-723.3850,-198.2470,-493.0500,0.500000,-0.500000,-0.500000,0.500000,1500.0000,0.091480,160.867526,extrusion,949,10239
-726.1950,-201.0570,-493.0500,0.500000,-0.500000,-0.500000,0.500000,1500.0000,0.426200,160.873084,extrusion,949,10240
-726.1950,-201.9100,-493.0500,0.500000,-0.500000,-0.500000,0.500000,1500.0000,0.091480,160.867526,extrusion,949,10241
-722.5310,-198.2470,-493.0500,0.500000,-0.500000,-0.500000,0.500000,1500.0000,0.555660,160.875236,extrusion,949,10242
-722.2540,-198.2150,-493.0500,0.500000,-0.500000,-0.500000,0.500000,1500.0000,0.029910,160.897425,extrusion,949,10243
-721.9770,-198.1830,-493.0500,0.500000,-0.500000,-0.500000,0.500000,1500.0000,0.027590,148.417251,extrusion,949,10245
-722.0220,-198.1380,-493.0500,0.500000,-0.500000,-0.500000,0.500000,1500.0000,0.005770,136.000204,extrusion,949,10247
-722.0050,-198.0760,-493.0500,0.500000,-0.500000,-0.500000,0.500000,1500.0000,0.005830,136.027624,extrusion,949,10248
-721.9440,-198.0600,-493.0500,0.500000,-0.500000,-0.500000,0.500000,1500.0000,0.005720,136.053429,extrusion,949,10249
-721.8980,-198.1050,-493.0500,0.500000,-0.500000,-0.500000,0.500000,1500.0000,0.005830,135.896164,extrusion,949,10250
-721.9150,-198.1660,-493.0500,0.500000,-0.500000,-0.500000,0.500000,1500.0000,0.005740,135.966202,extrusion,949,10251
-722.0850,-198.6540,-493.0500,0.500000,-0.500000,-0.500000,0.500000,1500.0000,0.055420,160.866780,extrusion,949,10253
-726.1950,-202.7630,-493.0500,0.500000,-0.500000,-0.500000,0.500000,1500.0000,0.623300,160.873459,extrusion,949,10254
-726.3850,-203.6700,-493.0500,0.500000,-0.500000,-0.500000,0.500000,1500.0000,0.099390,160.879544,extrusion,949,10255
-726.4300,-203.6250,-493.0500,0.500000,-0.500000,-0.500000,0.500000,1500.0000,0.005770,136.000204,extrusion,949,10257
-726.4140,-203.5640,-493.0500,0.500000,-0.500000,-0.500000,0.500000,1500.0000,0.005720,136.053429,extrusion,949,10258
-726.3520,-203.5470,-493.0500,0.500000,-0.500000,-0.500000,0.500000,1500.0000,0.005830,136.027624,extrusion,949,10259
-726.3070,-203.5920,-493.0500,0.500000,-0.500000,-0.500000,0.500000,1500.0000,0.005770,136.000204,extrusion,949,10260
-726.3240,-203.6540,-493.0500,0.500000,-0.500000,-0.500000,0.500000,1500.0000,0.005830,136.027624,extrusion,949,10261
-726.1680,-203.5440,-493.0500,0.500000,-0.500000,-0.500000,0.500000,1500.0000,0.018890,148.442367,extrusion,949,10263
-726.0130,-203.4350,-493.0500,0.500000,-0.500000,-0.500000,0.500000,1500.0000,0.020320,160.853846,extrusion,949,10265
-722.0850,-199.5070,-493.0500,0.500000,-0.500000,-0.500000,0.500000,1500.0000,0.595780,160.875794,extrusion,949,10266
-722.0850,-200.3610,-493.0500,0.500000,-0.500000,-0.500000,0.500000,1500.0000,0.091590,160.872365,extrusion,949,10267
-725.1590,-203.4350,-493.0500,0.500000,-0.500000,-0.500000,0.500000,1500.0000,0.466250,160.875994,extrusion,949,10268
-724.3060,-203.4350,-493.0500,0.500000,-0.500000,-0.500000,0.500000,1500.0000,0.091480,160.867526,extrusion,949,10269
-722.0850,-201.2140,-493.0500,0.500000,-0.500000,-0.500000,0.500000,1500.0000,0.336870,160.875548,extrusion,949,10270
-722.0850,-202.0670,-493.0500,0.500000,-0.500000,-0.500000,0.500000,1500.0000,0.091480,160.867526,extrusion,949,10271
-723.4520,-203.4350,-493.0500,0.500000,-0.500000,-0.500000,0.500000,1500.0000,0.207410,160.871306,extrusion,949,10272
-722.7820,-203.5100,-493.0500,0.500000,-0.500000,-0.500000,0.500000,1500.0000,0.072310,160.883214,extrusion,949,10273
-722.0100,-203.5100,-493.0500,0.500000,-0.500000,-0.500000,0.500000,1500.0000,0.062040,120.544041,extrusion,949,10275
-722.0100,-202.7380,-493.0500,0.500000,-0.500000,-0.500000,0.500000,1500.0000,0.062040,120.544041,extrusion,949,10276
-722.5680,-203.2970,-493.0500,0.500000,-0.500000,-0.500000,0.500000,1500.0000,0.063480,120.556277,extrusion,949,10277
-714.2440,-202.0860,-492.6000,0.500000,-0.500000,-0.500000,0.500000,900.0000,0.000000,0.000000,travel,950,10283
-714.2440,-203.8870,-492.6000,0.500000,-0.500000,-0.500000,0.500000,900.0000,0.193160,96.526374,extrusion,951,10286
-708.5540,-203.8870,-492.6000,0.500000,-0.500000,-0.500000,0.500000,900.0000,0.610250,96.524605,extrusion,951,10287
-708.5540,-201.0420,-492.6000,0.500000,-0.500000,-0.500000,0.500000,900.0000,0.305130,96.526186,extrusion,951,10288
-708.5540,-197.7940,-492.6000,0.500000,-0.500000,-0.500000,0.500000,900.0000,0.348350,96.525554,extrusion,951,10289
-714.2440,-197.7940,-492.6000,0.500000,-0.500000,-0.500000,0.500000,900.0000,0.610250,96.524605,extrusion,951,10290
-714.2440,-202.0860,-492.6000,0.500000,-0.500000,-0.500000,0.500000,900.0000,0.460320,96.525629,extrusion,951,10291
-714.8470,-202.0860,-492.6000,0.500000,-0.500000,-0.500000,0.500000,900.0000,0.000000,0.000000,travel,952,10292
-714.8470,-204.4910,-492.6000,0.500000,-0.500000,-0.500000,0.500000,900.0000,0.257940,96.526403,extrusion,953,10294
-707.9510,-204.4910,-492.6000,0.500000,-0.500000,-0.500000,0.500000,900.0000,0.739590,96.524217,extrusion,953,10295
-707.9510,-201.0420,-492.6000,0.500000,-0.500000,-0.500000,0.500000,900.0000,0.369900,96.523630,extrusion,953,10296
-707.9510,-197.1910,-492.6000,0.500000,-0.500000,-0.500000,0.500000,900.0000,0.413020,96.525058,extrusion,953,10297
-714.8470,-197.1910,-492.6000,0.500000,-0.500000,-0.500000,0.500000,900.0000,0.739590,96.524217,extrusion,953,10298
-714.8470,-202.0860,-492.6000,0.500000,-0.500000,-0.500000,0.500000,900.0000,0.524990,96.525230,extrusion,953,10299
-713.6270,-203.3860,-492.6000,0.500000,-0.500000,-0.500000,0.500000,900.0000,0.000000,0.000000,travel,954,10300
-713.6940,-203.4520,-492.6000,0.500000,-0.500000,-0.500000,0.500000,1500.0000,0.012530,199.845057,extrusion,955,10304
-713.7840,-203.4280,-492.6000,0.500000,-0.500000,-0.500000,0.500000,1500.0000,0.012410,199.849593,extrusion,955,10305
-713.8080,-203.3370,-492.6000,0.500000,-0.500000,-0.500000,0.500000,1500.0000,0.012540,199.869015,extrusion,955,10306
-713.7420,-203.2710,-492.6000,0.500000,-0.500000,-0.500000,0.500000,1500.0000,0.012440,199.918372,extrusion,955,10307
-713.6520,-203.2950,-492.6000,0.500000,-0.500000,-0.500000,0.500000,1500.0000,0.012410,199.849593,extrusion,955,10308
-713.7910,-202.3310,-492.6000,0.500000,-0.500000,-0.500000,0.500000,1500.0000,0.104460,160.877693,extrusion,955,10310
-712.6880,-203.4350,-492.6000,0.500000,-0.500000,-0.500000,0.500000,1500.0000,0.167370,160.872383,extrusion,955,10311
-712.5490,-203.5410,-492.6000,0.500000,-0.500000,-0.500000,0.500000,1500.0000,0.018750,160.893009,extrusion,955,10312
-712.4110,-203.6470,-492.6000,0.500000,-0.500000,-0.500000,0.500000,1500.0000,0.017220,148.438471,extrusion,955,10314
-712.4730,-203.6310,-492.6000,0.500000,-0.500000,-0.500000,0.500000,1500.0000,0.005800,135.871173,extrusion,955,10316
-712.5180,-203.6760,-492.6000,0.500000,-0.500000,-0.500000,0.500000,1500.0000,0.005770,136.000204,extrusion,955,10317
-712.5010,-203.7370,-492.6000,0.500000,-0.500000,-0.500000,0.500000,1500.0000,0.005740,135.966202,extrusion,955,10318
-712.4400,-203.7540,-492.6000,0.500000,-0.500000,-0.500000,0.500000,1500.0000,0.005740,135.966202,extrusion,955,10319
-712.3940,-203.7090,-492.6000,0.500000,-0.500000,-0.500000,0.500000,1500.0000,0.005830,135.896164,extrusion,955,10320
-711.8340,-203.4350,-492.6000,0.500000,-0.500000,-0.500000,0.500000,1500.0000,0.066860,160.865817,extrusion,955,10322
-713.7910,-201.4780,-492.6000,0.500000,-0.500000,-0.500000,0.500000,1500.0000,0.296830,160.876729,extrusion,955,10323
-713.7910,-200.6250,-492.6000,0.500000,-0.500000,-0.500000,0.500000,1500.0000,0.091480,160.867526,extrusion,955,10324
-710.9810,-203.4350,-492.6000,0.500000,-0.500000,-0.500000,0.500000,1500.0000,0.426200,160.873084,extrusion,955,10325
-710.1280,-203.4350,-492.6000,0.500000,-0.500000,-0.500000,0.500000,1500.0000,0.091480,160.867526,extrusion,955,10326
-713.7910,-199.7710,-492.6000,0.500000,-0.500000,-0.500000,0.500000,1500.0000,0.555660,160.875236,extrusion,955,10327
-713.7910,-198.9180,-492.6000,0.500000,-0.500000,-0.500000,0.500000,1500.0000,0.091480,160.867526,extrusion,955,10328
-709.2740,-203.4350,-492.6000,0.500000,-0.500000,-0.500000,0.500000,1500.0000,0.685110,160.874229,extrusion,955,10329
-709.0450,-203.4850,-492.6000,0.500000,-0.500000,-0.500000,0.500000,1500.0000,0.025140,160.882295,extrusion,955,10330
-708.8150,-203.5360,-492.6000,0.500000,-0.500000,-0.500000,0.500000,1500.0000,0.023310,148.416822,extrusion,955,10332
-708.8770,-203.5200,-492.6000,0.500000,-0.500000,-0.500000,0.500000,1500.0000,0.005800,135.871173,extrusion,955,10334
-708.9220,-203.5650,-492.6000,0.500000,-0.500000,-0.500000,0.500000,1500.0000,0.005770,136.000204,extrusion,955,10335
-708.9050,-203.6260,-492.6000,0.500000,-0.500000,-0.500000,0.500000,1500.0000,0.005740,135.966202,extrusion,955,10336
-708.8440,-203.6430,-492.6000,0.500000,-0.500000,-0.500000,0.500000,1500.0000,0.005740,135.966202,extrusion,955,10337
-708.7980,-203.5980,-492.6000,0.500000,-0.500000,-0.500000,0.500000,1500.0000,0.005830,135.896164,extrusion,955,10338
-709.0070,-202.8490,-492.6000,0.500000,-0.500000,-0.500000,0.500000,1500.0000,0.083400,160.876937,extrusion,955,10340
-713.6090,-198.2470,-492.6000,0.500000,-0.500000,-0.500000,0.500000,1500.0000,0.698000,160.873707,extrusion,955,10341
-713.7560,-198.1680,-492.6000,0.500000,-0.500000,-0.500000,0.500000,1500.0000,0.017900,160.890978,extrusion,955,10342
-713.9040,-198.0890,-492.6000,0.500000,-0.500000,-0.500000,0.500000,1500.0000,0.016600,148.422151,extrusion,955,10344
-713.9490,-198.1340,-492.6000,0.500000,-0.500000,-0.500000,0.500000,1500.0000,0.005770,136.000204,extrusion,955,10346
-714.0100,-198.1180,-492.6000,0.500000,-0.500000,-0.500000,0.500000,1500.0000,0.005720,136.053429,extrusion,955,10347
-714.0270,-198.0560,-492.6000,0.500000,-0.500000,-0.500000,0.500000,1500.0000,0.005830,136.027624,extrusion,955,10348
-713.9820,-198.0110,-492.6000,0.500000,-0.500000,-0.500000,0.500000,1500.0000,0.005770,136.000204,extrusion,955,10349
-713.9200,-198.0270,-492.6000,0.500000,-0.500000,-0.500000,0.500000,1500.0000,0.005800,135.871173,extrusion,955,10350
-712.7550,-198.2470,-492.6000,0.500000,-0.500000,-0.500000,0.500000,1500.0000,0.127150,160.869194,extrusion,955,10352
-709.0070,-201.9950,-492.6000,0.500000,-0.500000,-0.500000,0.500000,1500.0000,0.568470,160.873396,extrusion,955,10353
-709.0070,-201.1420,-492.6000,0.500000,-0.500000,-0.500000,0.500000,1500.0000,0.091480,160.867526,extrusion,955,10354
-711.9020,-198.2470,-492.6000,0.500000,-0.500000,-0.500000,0.500000,1500.0000,0.439100,160.875952,extrusion,955,10355
-711.0490,-198.2470,-492.6000,0.500000,-0.500000,-0.500000,0.500000,1500.0000,0.091480,160.867526,extrusion,955,10356
-709.0070,-200.2890,-492.6000,0.500000,-0.500000,-0.500000,0.500000,1500.0000,0.309720,160.875450,extrusion,955,10357
-709.0070,-199.4350,-492.6000,0.500000,-0.500000,-0.500000,0.500000,1500.0000,0.091590,160.872365,extrusion,955,10358
-710.1950,-198.2470,-492.6000,0.500000,-0.500000,-0.500000,0.500000,1500.0000,0.180190,160.875721,extrusion,955,10359
-710.2800,-198.1260,-492.6000,0.500000,-0.500000,-0.500000,0.500000,1500.0000,0.015860,160.882857,extrusion,955,10360
-710.3650,-198.0060,-492.6000,0.500000,-0.500000,-0.500000,0.500000,1500.0000,0.014550,148.414453,extrusion,955,10362
-710.4100,-198.0510,-492.6000,0.500000,-0.500000,-0.500000,0.500000,1500.0000,0.005770,136.000204,extrusion,955,10364
-710.4720,-198.0340,-492.6000,0.500000,-0.500000,-0.500000,0.500000,1500.0000,0.005830,136.027624,extrusion,955,10365
-710.4890,-197.9730,-492.6000,0.500000,-0.500000,-0.500000,0.500000,1500.0000,0.005740,135.966202,extrusion,955,10366
-710.4430,-197.9270,-492.6000,0.500000,-0.500000,-0.500000,0.500000,1500.0000,0.005900,136.041196,extrusion,955,10367
-710.3820,-197.9440,-492.6000,0.500000,-0.500000,-0.500000,0.500000,1500.0000,0.005740,135.966202,extrusion,955,10368
-709.0340,-198.2740,-492.6000,0.500000,-0.500000,-0.500000,0.500000,900.0000,0.000000,0.000000,travel,956,10370
-709.1310,-198.2480,-492.6000,0.500000,-0.500000,-0.500000,0.500000,1500.0000,0.014270,213.146046,extrusion,957,10373
-709.2010,-198.3190,-492.6000,0.500000,-0.500000,-0.500000,0.500000,1500.0000,0.014170,213.179811,extrusion,957,10374
-709.1760,-198.4150,-492.6000,0.500000,-0.500000,-0.500000,0.500000,1500.0000,0.014100,213.201745,extrusion,957,10375
-709.0790,-198.4410,-492.6000,0.500000,-0.500000,-0.500000,0.500000,1500.0000,0.014270,213.146046,extrusion,957,10376
-709.0080,-198.3710,-492.6000,0.500000,-0.500000,-0.500000,0.500000,1500.0000,0.014170,213.179811,extrusion,957,10377
-723.6310,-203.8870,-492.6000,0.500000,-0.500000,-0.500000,0.500000,900.0000,0.000000,0.000000,travel,958,10380
-720.9580,-203.8870,-492.6000,0.500000,-0.500000,-0.500000,0.500000,900.0000,0.286680,96.525253,extrusion,959,10383
-720.9580,-201.0420,-492.6000,0.500000,-0.500000,-0.500000,0.500000,900.0000,0.305130,96.526186,extrusion,959,10384
-720.9580,-197.7940,-492.6000,0.500000,-0.500000,-0.500000,0.500000,900.0000,0.348350,96.525554,extrusion,959,10385
-726.6470,-197.7940,-492.6000,0.500000,-0.500000,-0.500000,0.500000,900.0000,0.610140,96.524169,extrusion,959,10386
-726.6470,-203.8870,-492.6000,0.500000,-0.500000,-0.500000,0.500000,900.0000,0.653470,96.524372,extrusion,959,10387
-723.6310,-203.8870,-492.6000,0.500000,-0.500000,-0.500000,0.500000,900.0000,0.323470,96.526194,extrusion,959,10388
-723.6310,-204.4910,-492.6000,0.500000,-0.500000,-0.500000,0.500000,900.0000,0.000000,0.000000,travel,960,10389
-720.3550,-204.4910,-492.6000,0.500000,-0.500000,-0.500000,0.500000,900.0000,0.351350,96.524725,extrusion,961,10391
-720.3550,-201.0420,-492.6000,0.500000,-0.500000,-0.500000,0.500000,900.0000,0.369900,96.523630,extrusion,961,10392
-720.3550,-197.1910,-492.6000,0.500000,-0.500000,-0.500000,0.500000,900.0000,0.413020,96.525058,extrusion,961,10393
-727.2510,-197.1910,-492.6000,0.500000,-0.500000,-0.500000,0.500000,900.0000,0.739590,96.524217,extrusion,961,10394
-727.2510,-204.4910,-492.6000,0.500000,-0.500000,-0.500000,0.500000,900.0000,0.782920,96.524384,extrusion,961,10395
-723.6310,-204.4910,-492.6000,0.500000,-0.500000,-0.500000,0.500000,900.0000,0.388240,96.523757,extrusion,961,10396
-726.0310,-203.3860,-492.6000,0.500000,-0.500000,-0.500000,0.500000,900.0000,0.000000,0.000000,travel,962,10398
-726.0970,-203.4520,-492.6000,0.500000,-0.500000,-0.500000,0.500000,1500.0000,0.012440,199.918372,extrusion,963,10402
-726.1880,-203.4280,-492.6000,0.500000,-0.500000,-0.500000,0.500000,1500.0000,0.012540,199.869015,extrusion,963,10403
-726.2120,-203.3370,-492.6000,0.500000,-0.500000,-0.500000,0.500000,1500.0000,0.012540,199.869015,extrusion,963,10404
-726.1460,-203.2710,-492.6000,0.500000,-0.500000,-0.500000,0.500000,1500.0000,0.012440,199.918372,extrusion,963,10405
-726.0550,-203.2950,-492.6000,0.500000,-0.500000,-0.500000,0.500000,1500.0000,0.012540,199.869015,extrusion,963,10406
-725.0910,-203.4350,-492.6000,0.500000,-0.500000,-0.500000,0.500000,1500.0000,0.104470,160.869438,extrusion,963,10408
-726.2930,-202.2240,-492.6000,0.500000,-0.500000,-0.500000,0.500000,1500.0000,0.183000,160.878128,extrusion,963,10409
-726.3910,-202.1160,-492.6000,0.500000,-0.500000,-0.500000,0.500000,1500.0000,0.014430,148.420628,extrusion,963,10411
-726.4360,-202.1610,-492.6000,0.500000,-0.500000,-0.500000,0.500000,1500.0000,0.005770,136.000204,extrusion,963,10413
-726.4970,-202.1450,-492.6000,0.500000,-0.500000,-0.500000,0.500000,1500.0000,0.005720,136.053429,extrusion,963,10414
-726.5140,-202.0830,-492.6000,0.500000,-0.500000,-0.500000,0.500000,1500.0000,0.005830,136.027624,extrusion,963,10415
-726.4690,-202.0380,-492.6000,0.500000,-0.500000,-0.500000,0.500000,1500.0000,0.005770,136.000204,extrusion,963,10416
-726.4070,-202.0550,-492.6000,0.500000,-0.500000,-0.500000,0.500000,1500.0000,0.005830,136.027624,extrusion,963,10417
-726.1950,-201.4780,-492.6000,0.500000,-0.500000,-0.500000,0.500000,1500.0000,0.065930,160.879758,extrusion,963,10419
-724.2380,-203.4350,-492.6000,0.500000,-0.500000,-0.500000,0.500000,1500.0000,0.296830,160.876729,extrusion,963,10420
-723.3850,-203.4350,-492.6000,0.500000,-0.500000,-0.500000,0.500000,1500.0000,0.091480,160.867526,extrusion,963,10421
-726.1950,-200.6250,-492.6000,0.500000,-0.500000,-0.500000,0.500000,1500.0000,0.426200,160.873084,extrusion,963,10422
-726.1950,-199.7710,-492.6000,0.500000,-0.500000,-0.500000,0.500000,1500.0000,0.091590,160.872365,extrusion,963,10423
-722.5310,-203.4350,-492.6000,0.500000,-0.500000,-0.500000,0.500000,1500.0000,0.555730,160.873547,extrusion,963,10424
-721.2020,-203.5980,-492.6000,0.500000,-0.500000,-0.500000,0.500000,900.0000,0.000000,0.000000,travel,964,10426
-721.2470,-203.6430,-492.6000,0.500000,-0.500000,-0.500000,0.500000,1500.0000,0.005770,136.000204,extrusion,965,10429
-721.3090,-203.6260,-492.6000,0.500000,-0.500000,-0.500000,0.500000,1500.0000,0.005830,136.027624,extrusion,965,10430
-721.3250,-203.5650,-492.6000,0.500000,-0.500000,-0.500000,0.500000,1500.0000,0.005720,136.053429,extrusion,965,10431
-721.2800,-203.5200,-492.6000,0.500000,-0.500000,-0.500000,0.500000,1500.0000,0.005770,136.000204,extrusion,965,10432
-721.2190,-203.5360,-492.6000,0.500000,-0.500000,-0.500000,0.500000,1500.0000,0.005720,136.053429,extrusion,965,10433
-721.4480,-203.4850,-492.6000,0.500000,-0.500000,-0.500000,0.500000,1500.0000,0.023210,148.395010,extrusion,965,10435
-721.6780,-203.4350,-492.6000,0.500000,-0.500000,-0.500000,0.500000,1500.0000,0.025240,160.851727,extrusion,965,10437
-726.1950,-198.9180,-492.6000,0.500000,-0.500000,-0.500000,0.500000,1500.0000,0.685110,160.874229,extrusion,965,10438
-726.3240,-198.0270,-492.6000,0.500000,-0.500000,-0.500000,0.500000,1500.0000,0.096560,160.881502,extrusion,965,10439
-726.3850,-198.0110,-492.6000,0.500000,-0.500000,-0.500000,0.500000,1500.0000,0.005720,136.053429,extrusion,965,10441
-726.4300,-198.0560,-492.6000,0.500000,-0.500000,-0.500000,0.500000,1500.0000,0.005770,136.000204,extrusion,965,10442
-726.4140,-198.1180,-492.6000,0.500000,-0.500000,-0.500000,0.500000,1500.0000,0.005800,135.871173,extrusion,965,10443
-726.3520,-198.1340,-492.6000,0.500000,-0.500000,-0.500000,0.500000,1500.0000,0.005800,135.871173,extrusion,965,10444
-726.3070,-198.0890,-492.6000,0.500000,-0.500000,-0.500000,0.500000,1500.0000,0.005770,136.000204,extrusion,965,10445
-726.1600,-198.1680,-492.6000,0.500000,-0.500000,-0.500000,0.500000,1500.0000,0.016510,148.397209,extrusion,965,10447
-726.0130,-198.2470,-492.6000,0.500000,-0.500000,-0.500000,0.500000,1500.0000,0.017900,160.890978,extrusion,965,10449
-721.4110,-202.8490,-492.6000,0.500000,-0.500000,-0.500000,0.500000,1500.0000,0.698000,160.873707,extrusion,965,10450
-721.4110,-201.9950,-492.6000,0.500000,-0.500000,-0.500000,0.500000,1500.0000,0.091590,160.872365,extrusion,965,10451
-725.1590,-198.2470,-492.6000,0.500000,-0.500000,-0.500000,0.500000,1500.0000,0.568470,160.873396,extrusion,965,10452
-724.3060,-198.2470,-492.6000,0.500000,-0.500000,-0.500000,0.500000,1500.0000,0.091480,160.867526,extrusion,965,10453
-721.4110,-201.1420,-492.6000,0.500000,-0.500000,-0.500000,0.500000,1500.0000,0.439100,160.875952,extrusion,965,10454
-721.4110,-200.2890,-492.6000,0.500000,-0.500000,-0.500000,0.500000,1500.0000,0.091480,160.867526,extrusion,965,10455
-723.4520,-198.2470,-492.6000,0.500000,-0.500000,-0.500000,0.500000,1500.0000,0.309640,160.873282,extrusion,965,10456
-722.7860,-197.9440,-492.6000,0.500000,-0.500000,-0.500000,0.500000,1500.0000,0.078470,160.868097,extrusion,965,10457
-722.8470,-197.9270,-492.6000,0.500000,-0.500000,-0.500000,0.500000,1500.0000,0.005740,135.966202,extrusion,965,10459
-722.8920,-197.9730,-492.6000,0.500000,-0.500000,-0.500000,0.500000,1500.0000,0.005830,135.896164,extrusion,965,10460
-722.8760,-198.0340,-492.6000,0.500000,-0.500000,-0.500000,0.500000,1500.0000,0.005720,136.053429,extrusion,965,10461
-722.8140,-198.0510,-492.6000,0.500000,-0.500000,-0.500000,0.500000,1500.0000,0.005830,136.027624,extrusion,965,10462
-722.7690,-198.0060,-492.6000,0.500000,-0.500000,-0.500000,0.500000,1500.0000,0.005770,136.000204,extrusion,965,10463
-722.6840,-198.1260,-492.6000,0.500000,-0.500000,-0.500000,0.500000,1500.0000,0.014550,148.414453,extrusion,965,10465
-722.5990,-198.2470,-492.6000,0.500000,-0.500000,-0.500000,0.500000,1500.0000,0.015860,160.882857,extrusion,965,10467
-721.4110,-199.4350,-492.6000,0.500000,-0.500000,-0.500000,0.500000,1500.0000,0.180190,160.875721,extrusion,965,10468
-721.4120,-198.3710,-492.6000,0.500000,-0.500000,-0.500000,0.500000,1500.0000,0.114110,160.869290,extrusion,965,10469
-721.4830,-198.4410,-492.6000,0.500000,-0.500000,-0.500000,0.500000,1500.0000,0.014170,213.179811,extrusion,965,10471
-721.5790,-198.4150,-492.6000,0.500000,-0.500000,-0.500000,0.500000,1500.0000,0.014140,213.254702,extrusion,965,10472
-721.6050,-198.3190,-492.6000,0.500000,-0.500000,-0.500000,0.500000,1500.0000,0.014140,213.254702,extrusion,965,10473
-721.5350,-198.2480,-492.6000,0.500000,-0.500000,-0.500000,0.500000,1500.0000,0.014170,213.179811,extrusion,965,10474
-721.4380,-198.2740,-492.6000,0.500000,-0.500000,-0.500000,0.500000,1500.0000,0.014270,213.146046,extrusion,965,10475
-713.2370,-197.7940,-492.1500,0.500000,-0.500000,-0.500000,0.500000,900.0000,0.000000,0.000000,travel,966,10481
-715.4090,-197.7940,-492.1500,0.500000,-0.500000,-0.500000,0.500000,900.0000,0.232950,96.526243,extrusion,967,10484
-715.4090,-203.8870,-492.1500,0.500000,-0.500000,-0.500000,0.500000,900.0000,0.653470,96.524372,extrusion,967,10485
-708.5540,-203.8870,-492.1500,0.500000,-0.500000,-0.500000,0.500000,900.0000,0.735200,96.525164,extrusion,967,10486
-708.5540,-200.8410,-492.1500,0.500000,-0.500000,-0.500000,0.500000,900.0000,0.326680,96.523966,extrusion,967,10487
-708.5540,-197.7940,-492.1500,0.500000,-0.500000,-0.500000,0.500000,900.0000,0.326790,96.524778,extrusion,967,10488
-713.2370,-197.7940,-492.1500,0.500000,-0.500000,-0.500000,0.500000,900.0000,0.502250,96.524664,extrusion,967,10489
-713.2370,-197.1910,-492.1500,0.500000,-0.500000,-0.500000,0.500000,900.0000,0.000000,0.000000,travel,968,10490
-716.0130,-197.1910,-492.1500,0.500000,-0.500000,-0.500000,0.500000,900.0000,0.297730,96.526297,extrusion,969,10492
-716.0130,-204.4910,-492.1500,0.500000,-0.500000,-0.500000,0.500000,900.0000,0.782920,96.524384,extrusion,969,10493
-707.9510,-204.4910,-492.1500,0.500000,-0.500000,-0.500000,0.500000,900.0000,0.864650,96.525056,extrusion,969,10494
-707.9510,-200.8410,-492.1500,0.500000,-0.500000,-0.500000,0.500000,900.0000,0.391460,96.524384,extrusion,969,10495
-707.9510,-197.1910,-492.1500,0.500000,-0.500000,-0.500000,0.500000,900.0000,0.391460,96.524384,extrusion,969,10496
-713.2370,-197.1910,-492.1500,0.500000,-0.500000,-0.500000,0.500000,900.0000,0.566920,96.524404,extrusion,969,10497
-712.6450,-198.4100,-492.1500,0.500000,-0.500000,-0.500000,0.500000,900.0000,0.000000,0.000000,travel,970,10498
-712.7110,-198.3440,-492.1500,0.500000,-0.500000,-0.500000,0.500000,1500.0000,0.012440,199.918372,extrusion,971,10502
-712.6870,-198.2540,-492.1500,0.500000,-0.500000,-0.500000,0.500000,1500.0000,0.012410,199.849593,extrusion,971,10503
-712.5960,-198.2290,-492.1500,0.500000,-0.500000,-0.500000,0.500000,1500.0000,0.012580,199.954211,extrusion,971,10504
-712.5300,-198.2960,-492.1500,0.500000,-0.500000,-0.500000,0.500000,1500.0000,0.012530,199.845057,extrusion,971,10505
-712.5540,-198.3860,-492.1500,0.500000,-0.500000,-0.500000,0.500000,1500.0000,0.012410,199.849593,extrusion,971,10506
-711.5900,-198.2470,-492.1500,0.500000,-0.500000,-0.500000,0.500000,1500.0000,0.104460,160.877693,extrusion,971,10508
-712.6940,-199.3500,-492.1500,0.500000,-0.500000,-0.500000,0.500000,1500.0000,0.167370,160.872383,extrusion,971,10509
-712.8000,-199.4880,-492.1500,0.500000,-0.500000,-0.500000,0.500000,1500.0000,0.018660,160.851444,extrusion,971,10510
-712.9060,-199.6270,-492.1500,0.500000,-0.500000,-0.500000,0.500000,1500.0000,0.017300,148.450616,extrusion,971,10512
-712.8900,-199.5650,-492.1500,0.500000,-0.500000,-0.500000,0.500000,1500.0000,0.005800,135.871173,extrusion,971,10514
-712.9350,-199.5200,-492.1500,0.500000,-0.500000,-0.500000,0.500000,1500.0000,0.005770,136.000204,extrusion,971,10515
-712.9960,-199.5360,-492.1500,0.500000,-0.500000,-0.500000,0.500000,1500.0000,0.005720,136.053429,extrusion,971,10516
-713.0130,-199.5980,-492.1500,0.500000,-0.500000,-0.500000,0.500000,1500.0000,0.005830,136.027624,extrusion,971,10517
-712.9680,-199.6430,-492.1500,0.500000,-0.500000,-0.500000,0.500000,1500.0000,0.005770,136.000204,extrusion,971,10518
-712.6940,-200.2030,-492.1500,0.500000,-0.500000,-0.500000,0.500000,1500.0000,0.066860,160.865817,extrusion,971,10520
-710.7370,-198.2470,-492.1500,0.500000,-0.500000,-0.500000,0.500000,1500.0000,0.296750,160.874468,extrusion,971,10521
-709.8830,-198.2470,-492.1500,0.500000,-0.500000,-0.500000,0.500000,1500.0000,0.091590,160.872365,extrusion,971,10522
-712.6940,-201.0570,-492.1500,0.500000,-0.500000,-0.500000,0.500000,1500.0000,0.426280,160.874653,extrusion,971,10523
-712.6940,-201.9100,-492.1500,0.500000,-0.500000,-0.500000,0.500000,1500.0000,0.091480,160.867526,extrusion,971,10524
-709.0300,-198.2470,-492.1500,0.500000,-0.500000,-0.500000,0.500000,1500.0000,0.555660,160.875236,extrusion,971,10525
-709.0070,-199.0770,-492.1500,0.500000,-0.500000,-0.500000,0.500000,1500.0000,0.089050,160.871981,extrusion,971,10526
-712.6940,-202.7630,-492.1500,0.500000,-0.500000,-0.500000,0.500000,1500.0000,0.559150,160.875662,extrusion,971,10527
-712.8840,-203.6700,-492.1500,0.500000,-0.500000,-0.500000,0.500000,1500.0000,0.099390,160.879544,extrusion,971,10528
-712.9290,-203.6250,-492.1500,0.500000,-0.500000,-0.500000,0.500000,1500.0000,0.005770,136.000204,extrusion,971,10530
-712.9130,-203.5640,-492.1500,0.500000,-0.500000,-0.500000,0.500000,1500.0000,0.005720,136.053429,extrusion,971,10531
-712.8510,-203.5470,-492.1500,0.500000,-0.500000,-0.500000,0.500000,1500.0000,0.005830,136.027624,extrusion,971,10532
-712.8060,-203.5920,-492.1500,0.500000,-0.500000,-0.500000,0.500000,1500.0000,0.005770,136.000204,extrusion,971,10533
-712.8230,-203.6540,-492.1500,0.500000,-0.500000,-0.500000,0.500000,1500.0000,0.005830,136.027624,extrusion,971,10534
-712.6670,-203.5440,-492.1500,0.500000,-0.500000,-0.500000,0.500000,1500.0000,0.018890,148.442367,extrusion,971,10536
-712.5110,-203.4350,-492.1500,0.500000,-0.500000,-0.500000,0.500000,1500.0000,0.020410,160.871098,extrusion,971,10538
-709.0070,-199.9300,-492.1500,0.500000,-0.500000,-0.500000,0.500000,1500.0000,0.531540,160.874105,extrusion,971,10539
-709.0070,-200.7830,-492.1500,0.500000,-0.500000,-0.500000,0.500000,1500.0000,0.091480,160.867526,extrusion,971,10540
-711.6580,-203.4350,-492.1500,0.500000,-0.500000,-0.500000,0.500000,1500.0000,0.402160,160.873124,extrusion,971,10541
-710.8050,-203.4350,-492.1500,0.500000,-0.500000,-0.500000,0.500000,1500.0000,0.091480,160.867526,extrusion,971,10542
-709.0070,-201.6370,-492.1500,0.500000,-0.500000,-0.500000,0.500000,1500.0000,0.272710,160.874658,extrusion,971,10543
-709.7680,-203.2340,-492.1500,0.500000,-0.500000,-0.500000,0.500000,900.0000,0.000000,0.000000,travel,972,10545
-708.9940,-202.4600,-492.1500,0.500000,-0.500000,-0.500000,0.500000,1500.0000,0.112510,154.179426,extrusion,973,10548
-708.9940,-203.4470,-492.1500,0.500000,-0.500000,-0.500000,0.500000,1500.0000,0.101450,154.179331,extrusion,973,10549
-709.9820,-203.4470,-492.1500,0.500000,-0.500000,-0.500000,0.500000,1500.0000,0.101560,154.190283,extrusion,973,10550
-714.8970,-203.7060,-492.1500,0.500000,-0.500000,-0.500000,0.500000,900.0000,0.000000,0.000000,travel,974,10553
-714.8970,-198.2470,-492.1500,0.500000,-0.500000,-0.500000,0.500000,900.0000,0.702570,115.829456,extrusion,975,10557
-714.1720,-198.2470,-492.1500,0.500000,-0.500000,-0.500000,0.500000,900.0000,0.093310,115.833103,extrusion,975,10558
-714.1720,-203.4350,-492.1500,0.500000,-0.500000,-0.500000,0.500000,900.0000,0.667690,115.829029,extrusion,975,10559
-713.4480,-203.4350,-492.1500,0.500000,-0.500000,-0.500000,0.500000,900.0000,0.093180,115.831492,extrusion,975,10560
-713.4480,-197.9750,-492.1500,0.500000,-0.500000,-0.500000,0.500000,900.0000,0.702700,115.829670,extrusion,975,10561
-720.1730,-203.8870,-492.1500,0.500000,-0.500000,-0.500000,0.500000,900.0000,0.000000,0.000000,travel,976,10564
-719.7920,-203.8870,-492.1500,0.500000,-0.500000,-0.500000,0.500000,900.0000,0.040860,96.519685,extrusion,977,10567
-719.7920,-200.8410,-492.1500,0.500000,-0.500000,-0.500000,0.500000,900.0000,0.326680,96.523966,extrusion,977,10568
-719.7920,-197.7940,-492.1500,0.500000,-0.500000,-0.500000,0.500000,900.0000,0.326790,96.524778,extrusion,977,10569
-726.6470,-197.7940,-492.1500,0.500000,-0.500000,-0.500000,0.500000,900.0000,0.735200,96.525164,extrusion,977,10570
-726.6470,-203.8870,-492.1500,0.500000,-0.500000,-0.500000,0.500000,900.0000,0.653470,96.524372,extrusion,977,10571
-720.1730,-203.8870,-492.1500,0.500000,-0.500000,-0.500000,0.500000,900.0000,0.694330,96.524096,extrusion,977,10572
-720.1730,-204.4910,-492.1500,0.500000,-0.500000,-0.500000,0.500000,900.0000,0.000000,0.000000,travel,978,10573
-719.1890,-204.4910,-492.1500,0.500000,-0.500000,-0.500000,0.500000,900.0000,0.105530,96.521341,extrusion,979,10575
-719.1890,-200.8410,-492.1500,0.500000,-0.500000,-0.500000,0.500000,900.0000,0.391460,96.524384,extrusion,979,10576
-719.1890,-197.1910,-492.1500,0.500000,-0.500000,-0.500000,0.500000,900.0000,0.391460,96.524384,extrusion,979,10577
-727.2510,-197.1910,-492.1500,0.500000,-0.500000,-0.500000,0.500000,900.0000,0.864650,96.525056,extrusion,979,10578
-727.2510,-204.4910,-492.1500,0.500000,-0.500000,-0.500000,0.500000,900.0000,0.782920,96.524384,extrusion,979,10579
-720.1730,-204.4910,-492.1500,0.500000,-0.500000,-0.500000,0.500000,900.0000,0.759110,96.524301,extrusion,979,10580
-720.3050,-197.9750,-492.1500,0.500000,-0.500000,-0.500000,0.500000,900.0000,0.000000,0.000000,travel,980,10582
-720.3050,-203.4350,-492.1500,0.500000,-0.500000,-0.500000,0.500000,900.0000,0.702700,115.829670,extrusion,981,10586
-721.0290,-203.4350,-492.1500,0.500000,-0.500000,-0.500000,0.500000,900.0000,0.093180,115.831492,extrusion,981,10587
-721.0290,-198.2470,-492.1500,0.500000,-0.500000,-0.500000,0.500000,900.0000,0.667690,115.829029,extrusion,981,10588
-721.7530,-198.2470,-492.1500,0.500000,-0.500000,-0.500000,0.500000,900.0000,0.093180,115.831492,extrusion,981,10589
-721.7530,-203.7060,-492.1500,0.500000,-0.500000,-0.500000,0.500000,900.0000,0.702570,115.829456,extrusion,981,10590
-726.1460,-198.4100,-492.1500,0.500000,-0.500000,-0.500000,0.500000,900.0000,0.000000,0.000000,travel,982,10593
-726.2120,-198.3440,-492.1500,0.500000,-0.500000,-0.500000,0.500000,1500.0000,0.012440,199.918372,extrusion,983,10597
-726.1880,-198.2540,-492.1500,0.500000,-0.500000,-0.500000,0.500000,1500.0000,0.012410,199.849593,extrusion,983,10598
-726.0970,-198.2290,-492.1500,0.500000,-0.500000,-0.500000,0.500000,1500.0000,0.012580,199.954211,extrusion,983,10599
-726.0310,-198.2960,-492.1500,0.500000,-0.500000,-0.500000,0.500000,1500.0000,0.012530,199.845057,extrusion,983,10600
-726.0550,-198.3860,-492.1500,0.500000,-0.500000,-0.500000,0.500000,1500.0000,0.012410,199.849593,extrusion,983,10601
-726.1950,-199.3500,-492.1500,0.500000,-0.500000,-0.500000,0.500000,1500.0000,0.104470,160.869438,extrusion,983,10603
-725.0910,-198.2470,-492.1500,0.500000,-0.500000,-0.500000,0.500000,1500.0000,0.167370,160.872383,extrusion,983,10604
-724.2380,-198.2470,-492.1500,0.500000,-0.500000,-0.500000,0.500000,1500.0000,0.091480,160.867526,extrusion,983,10605
-726.1950,-200.2030,-492.1500,0.500000,-0.500000,-0.500000,0.500000,1500.0000,0.296750,160.874468,extrusion,983,10606
-726.1950,-201.0570,-492.1500,0.500000,-0.500000,-0.500000,0.500000,1500.0000,0.091590,160.872365,extrusion,983,10607
-723.3850,-198.2470,-492.1500,0.500000,-0.500000,-0.500000,0.500000,1500.0000,0.426200,160.873084,extrusion,983,10608
-722.5310,-198.2470,-492.1500,0.500000,-0.500000,-0.500000,0.500000,1500.0000,0.091590,160.872365,extrusion,983,10609
-726.1950,-201.9100,-492.1500,0.500000,-0.500000,-0.500000,0.500000,1500.0000,0.555660,160.875236,extrusion,983,10610
-726.1950,-202.7630,-492.1500,0.500000,-0.500000,-0.500000,0.500000,1500.0000,0.091480,160.867526,extrusion,983,10611
-722.5080,-199.0770,-492.1500,0.500000,-0.500000,-0.500000,0.500000,1500.0000,0.559150,160.875662,extrusion,983,10612
-722.5080,-199.9300,-492.1500,0.500000,-0.500000,-0.500000,0.500000,1500.0000,0.091480,160.867526,extrusion,983,10613
-726.0130,-203.4350,-492.1500,0.500000,-0.500000,-0.500000,0.500000,1500.0000,0.531620,160.875367,extrusion,983,10614
-726.1680,-203.5440,-492.1500,0.500000,-0.500000,-0.500000,0.500000,1500.0000,0.020320,160.853846,extrusion,983,10615
-726.3240,-203.6540,-492.1500,0.500000,-0.500000,-0.500000,0.500000,1500.0000,0.018890,148.442367,extrusion,983,10617
-726.3070,-203.5920,-492.1500,0.500000,-0.500000,-0.500000,0.500000,1500.0000,0.005830,136.027624,extrusion,983,10619
-726.3520,-203.5470,-492.1500,0.500000,-0.500000,-0.500000,0.500000,1500.0000,0.005770,136.000204,extrusion,983,10620
-726.4140,-203.5640,-492.1500,0.500000,-0.500000,-0.500000,0.500000,1500.0000,0.005830,136.027624,extrusion,983,10621
-726.4300,-203.6250,-492.1500,0.500000,-0.500000,-0.500000,0.500000,1500.0000,0.005720,136.053429,extrusion,983,10622
-726.3850,-203.6700,-492.1500,0.500000,-0.500000,-0.500000,0.500000,1500.0000,0.005770,136.000204,extrusion,983,10623
-725.1590,-203.4350,-492.1500,0.500000,-0.500000,-0.500000,0.500000,900.0000,0.000000,0.000000,travel,984,10625
-722.5080,-200.7830,-492.1500,0.500000,-0.500000,-0.500000,0.500000,1500.0000,0.402160,160.873124,extrusion,985,10628
-722.5080,-201.6370,-492.1500,0.500000,-0.500000,-0.500000,0.500000,1500.0000,0.091590,160.872365,extrusion,985,10629
-724.3060,-203.4350,-492.1500,0.500000,-0.500000,-0.500000,0.500000,1500.0000,0.272710,160.874658,extrusion,985,10630
-724.3990,-203.5860,-492.1500,0.500000,-0.500000,-0.500000,0.500000,1500.0000,0.019020,160.876069,extrusion,985,10631
-724.4920,-203.7370,-492.1500,0.500000,-0.500000,-0.500000,0.500000,1500.0000,0.017550,148.442430,extrusion,985,10633
-724.4760,-203.6760,-492.1500,0.500000,-0.500000,-0.500000,0.500000,1500.0000,0.005720,136.053429,extrusion,985,10635
-724.5210,-203.6310,-492.1500,0.500000,-0.500000,-0.500000,0.500000,1500.0000,0.005770,136.000204,extrusion,985,10636
-724.5830,-203.6470,-492.1500,0.500000,-0.500000,-0.500000,0.500000,1500.0000,0.005800,135.871173,extrusion,985,10637
-724.5990,-203.7090,-492.1500,0.500000,-0.500000,-0.500000,0.500000,1500.0000,0.005800,135.871173,extrusion,985,10638
-724.5540,-203.7540,-492.1500,0.500000,-0.500000,-0.500000,0.500000,1500.0000,0.005770,136.000204,extrusion,985,10639
-723.4830,-203.4470,-492.1500,0.500000,-0.500000,-0.500000,0.500000,1500.0000,0.119490,160.874123,extrusion,985,10641
-722.4950,-203.4470,-492.1500,0.500000,-0.500000,-0.500000,0.500000,1500.0000,0.101560,154.190283,extrusion,985,10643
-722.4950,-202.4600,-492.1500,0.500000,-0.500000,-0.500000,0.500000,1500.0000,0.101450,154.179331,extrusion,985,10644
-723.2690,-203.2340,-492.1500,0.500000,-0.500000,-0.500000,0.500000,1500.0000,0.112510,154.179426,extrusion,985,10645
-711.2110,-203.8870,-491.7000,0.500000,-0.500000,-0.500000,0.500000,900.0000,0.000000,0.000000,travel,986,10651
-708.5540,-203.8870,-491.7000,0.500000,-0.500000,-0.500000,0.500000,900.0000,0.284960,96.523899,extrusion,987,10654
-708.5540,-200.8410,-491.7000,0.500000,-0.500000,-0.500000,0.500000,900.0000,0.326680,96.523966,extrusion,987,10655
-708.5540,-197.7940,-491.7000,0.500000,-0.500000,-0.500000,0.500000,900.0000,0.326790,96.524778,extrusion,987,10656
-726.6470,-197.7940,-491.7000,0.500000,-0.500000,-0.500000,0.500000,900.0000,1.940470,96.524789,extrusion,987,10657
-726.6470,-203.8870,-491.7000,0.500000,-0.500000,-0.500000,0.500000,900.0000,0.653470,96.524372,extrusion,987,10658
-711.2110,-203.8870,-491.7000,0.500000,-0.500000,-0.500000,0.500000,900.0000,1.655510,96.524942,extrusion,987,10659
-711.2110,-204.4910,-491.7000,0.500000,-0.500000,-0.500000,0.500000,900.0000,0.000000,0.000000,travel,988,10660
-707.9510,-204.4910,-491.7000,0.500000,-0.500000,-0.500000,0.500000,900.0000,0.349630,96.523620,extrusion,989,10662
-707.9510,-200.8410,-491.7000,0.500000,-0.500000,-0.500000,0.500000,900.0000,0.391460,96.524384,extrusion,989,10663
-707.9510,-197.1910,-491.7000,0.500000,-0.500000,-0.500000,0.500000,900.0000,0.391460,96.524384,extrusion,989,10664
-727.2510,-197.1910,-491.7000,0.500000,-0.500000,-0.500000,0.500000,900.0000,2.069920,96.524767,extrusion,989,10665
-727.2510,-204.4910,-491.7000,0.500000,-0.500000,-0.500000,0.500000,900.0000,0.782920,96.524384,extrusion,989,10666
-711.2110,-204.4910,-491.7000,0.500000,-0.500000,-0.500000,0.500000,900.0000,1.720290,96.525000,extrusion,989,10667
-713.6960,-203.3860,-491.7000,0.500000,-0.500000,-0.500000,0.500000,900.0000,0.000000,0.000000,travel,990,10669
-713.7620,-203.4520,-491.7000,0.500000,-0.500000,-0.500000,0.500000,1500.0000,0.012440,199.918372,extrusion,991,10673
-713.8530,-203.4280,-491.7000,0.500000,-0.500000,-0.500000,0.500000,1500.0000,0.012540,199.869015,extrusion,991,10674
-713.8770,-203.3370,-491.7000,0.500000,-0.500000,-0.500000,0.500000,1500.0000,0.012540,199.869015,extrusion,991,10675
-713.8110,-203.2710,-491.7000,0.500000,-0.500000,-0.500000,0.500000,1500.0000,0.012440,199.918372,extrusion,991,10676
-713.7200,-203.2950,-491.7000,0.500000,-0.500000,-0.500000,0.500000,1500.0000,0.012540,199.869015,extrusion,991,10677
-713.8590,-202.3310,-491.7000,0.500000,-0.500000,-0.500000,0.500000,1500.0000,0.104460,160.877693,extrusion,991,10679
-712.7560,-203.4350,-491.7000,0.500000,-0.500000,-0.500000,0.500000,1500.0000,0.167370,160.872383,extrusion,991,10680
-712.6180,-203.5410,-491.7000,0.500000,-0.500000,-0.500000,0.500000,1500.0000,0.018660,160.851444,extrusion,991,10681
-712.4790,-203.6470,-491.7000,0.500000,-0.500000,-0.500000,0.500000,1500.0000,0.017300,148.450616,extrusion,991,10683
-712.5410,-203.6310,-491.7000,0.500000,-0.500000,-0.500000,0.500000,1500.0000,0.005800,135.871173,extrusion,991,10685
-712.5860,-203.6760,-491.7000,0.500000,-0.500000,-0.500000,0.500000,1500.0000,0.005770,136.000204,extrusion,991,10686
-712.5700,-203.7370,-491.7000,0.500000,-0.500000,-0.500000,0.500000,1500.0000,0.005720,136.053429,extrusion,991,10687
-712.5080,-203.7540,-491.7000,0.500000,-0.500000,-0.500000,0.500000,1500.0000,0.005830,136.027624,extrusion,991,10688
-712.4630,-203.7090,-491.7000,0.500000,-0.500000,-0.500000,0.500000,1500.0000,0.005770,136.000204,extrusion,991,10689
-711.9030,-203.4350,-491.7000,0.500000,-0.500000,-0.500000,0.500000,1500.0000,0.066860,160.865817,extrusion,991,10691
-713.8590,-201.4780,-491.7000,0.500000,-0.500000,-0.500000,0.500000,1500.0000,0.296750,160.874468,extrusion,991,10692
-713.8590,-200.6250,-491.7000,0.500000,-0.500000,-0.500000,0.500000,1500.0000,0.091480,160.867526,extrusion,991,10693
-711.0490,-203.4350,-491.7000,0.500000,-0.500000,-0.500000,0.500000,1500.0000,0.426200,160.873084,extrusion,991,10694
-710.1960,-203.4350,-491.7000,0.500000,-0.500000,-0.500000,0.500000,1500.0000,0.091480,160.867526,extrusion,991,10695
-713.8590,-199.7710,-491.7000,0.500000,-0.500000,-0.500000,0.500000,1500.0000,0.555660,160.875236,extrusion,991,10696
-713.8590,-198.9180,-491.7000,0.500000,-0.500000,-0.500000,0.500000,1500.0000,0.091480,160.867526,extrusion,991,10697
-709.3430,-203.4350,-491.7000,0.500000,-0.500000,-0.500000,0.500000,1500.0000,0.685040,160.875598,extrusion,991,10698
-709.0070,-202.9170,-491.7000,0.500000,-0.500000,-0.500000,0.500000,1500.0000,0.066220,160.876495,extrusion,991,10699
-713.6770,-198.2470,-491.7000,0.500000,-0.500000,-0.500000,0.500000,1500.0000,0.708320,160.875121,extrusion,991,10700
-713.8250,-198.1680,-491.7000,0.500000,-0.500000,-0.500000,0.500000,1500.0000,0.017990,160.850271,extrusion,991,10701
-713.9720,-198.0890,-491.7000,0.500000,-0.500000,-0.500000,0.500000,1500.0000,0.016510,148.397209,extrusion,991,10703
-714.0170,-198.1340,-491.7000,0.500000,-0.500000,-0.500000,0.500000,1500.0000,0.005770,136.000204,extrusion,991,10705
-714.0790,-198.1180,-491.7000,0.500000,-0.500000,-0.500000,0.500000,1500.0000,0.005800,135.871173,extrusion,991,10706
-714.0950,-198.0560,-491.7000,0.500000,-0.500000,-0.500000,0.500000,1500.0000,0.005800,135.871173,extrusion,991,10707
-714.0500,-198.0110,-491.7000,0.500000,-0.500000,-0.500000,0.500000,1500.0000,0.005770,136.000204,extrusion,991,10708
-713.9880,-198.0270,-491.7000,0.500000,-0.500000,-0.500000,0.500000,1500.0000,0.005800,135.871173,extrusion,991,10709
-712.8240,-198.2470,-491.7000,0.500000,-0.500000,-0.500000,0.500000,1500.0000,0.127050,160.876009,extrusion,991,10711
-709.0070,-202.0640,-491.7000,0.500000,-0.500000,-0.500000,0.500000,1500.0000,0.578940,160.874666,extrusion,991,10712
-709.0070,-201.2100,-491.7000,0.500000,-0.500000,-0.500000,0.500000,1500.0000,0.091590,160.872365,extrusion,991,10713
-711.9710,-198.2470,-491.7000,0.500000,-0.500000,-0.500000,0.500000,1500.0000,0.449490,160.876036,extrusion,991,10714
-711.1170,-198.2470,-491.7000,0.500000,-0.500000,-0.500000,0.500000,1500.0000,0.091590,160.872365,extrusion,991,10715
-709.0070,-200.3570,-491.7000,0.500000,-0.500000,-0.500000,0.500000,1500.0000,0.320030,160.873495,extrusion,991,10716
-709.0070,-199.5040,-491.7000,0.500000,-0.500000,-0.500000,0.500000,1500.0000,0.091480,160.867526,extrusion,991,10717
-710.2640,-198.2470,-491.7000,0.500000,-0.500000,-0.500000,0.500000,1500.0000,0.190650,160.871012,extrusion,991,10718
-709.0510,-198.2910,-491.7000,0.500000,-0.500000,-0.500000,0.500000,900.0000,0.000000,0.000000,travel,992,10720
-709.1520,-198.2630,-491.7000,0.500000,-0.500000,-0.500000,0.500000,1500.0000,0.015640,223.834990,extrusion,993,10723
-709.2260,-198.3380,-491.7000,0.500000,-0.500000,-0.500000,0.500000,1500.0000,0.015730,223.943742,extrusion,993,10724
-709.1990,-198.4390,-491.7000,0.500000,-0.500000,-0.500000,0.500000,1500.0000,0.015610,223.967025,extrusion,993,10725
-709.0980,-198.4660,-491.7000,0.500000,-0.500000,-0.500000,0.500000,1500.0000,0.015610,223.967025,extrusion,993,10726
-709.0240,-198.3920,-491.7000,0.500000,-0.500000,-0.500000,0.500000,1500.0000,0.015620,223.885296,extrusion,993,10727
-721.0100,-198.2670,-491.7000,0.500000,-0.500000,-0.500000,0.500000,900.0000,0.000000,0.000000,travel,994,10730
-714.4630,-198.2670,-491.7000,0.500000,-0.500000,-0.500000,0.500000,900.0000,0.748780,102.932946,extrusion,995,10734
-714.4630,-198.9100,-491.7000,0.500000,-0.500000,-0.500000,0.500000,900.0000,0.073540,102.933126,extrusion,995,10735
-720.7390,-198.9100,-491.7000,0.500000,-0.500000,-0.500000,0.500000,900.0000,0.717790,102.933556,extrusion,995,10736
-720.7390,-199.5540,-491.7000,0.500000,-0.500000,-0.500000,0.500000,900.0000,0.073650,102.927019,extrusion,995,10737
-714.4630,-199.5540,-491.7000,0.500000,-0.500000,-0.500000,0.500000,900.0000,0.717790,102.933556,extrusion,995,10738
-714.4630,-200.1970,-491.7000,0.500000,-0.500000,-0.500000,0.500000,900.0000,0.073540,102.933126,extrusion,995,10739
-720.7390,-200.1970,-491.7000,0.500000,-0.500000,-0.500000,0.500000,900.0000,0.717790,102.933556,extrusion,995,10740
-720.7390,-200.8410,-491.7000,0.500000,-0.500000,-0.500000,0.500000,900.0000,0.073650,102.927019,extrusion,995,10741
-714.4630,-200.8410,-491.7000,0.500000,-0.500000,-0.500000,0.500000,900.0000,0.717790,102.933556,extrusion,995,10742
-714.4630,-201.4840,-491.7000,0.500000,-0.500000,-0.500000,0.500000,900.0000,0.073540,102.933126,extrusion,995,10743
-720.7390,-201.4840,-491.7000,0.500000,-0.500000,-0.500000,0.500000,900.0000,0.717790,102.933556,extrusion,995,10744
-720.7390,-202.1280,-491.7000,0.500000,-0.500000,-0.500000,0.500000,900.0000,0.073650,102.927019,extrusion,995,10745
-714.4630,-202.1280,-491.7000,0.500000,-0.500000,-0.500000,0.500000,900.0000,0.717790,102.933556,extrusion,995,10746
-714.4630,-202.7710,-491.7000,0.500000,-0.500000,-0.500000,0.500000,900.0000,0.073540,102.933126,extrusion,995,10747
-720.7390,-202.7710,-491.7000,0.500000,-0.500000,-0.500000,0.500000,900.0000,0.717790,102.933556,extrusion,995,10748
-720.7390,-203.4150,-491.7000,0.500000,-0.500000,-0.500000,0.500000,900.0000,0.073650,102.927019,extrusion,995,10749
-714.1910,-203.4150,-491.7000,0.500000,-0.500000,-0.500000,0.500000,900.0000,0.748900,102.933720,extrusion,995,10750
-726.0310,-203.3860,-491.7000,0.500000,-0.500000,-0.500000,0.500000,900.0000,0.000000,0.000000,travel,996,10753
-726.0970,-203.4520,-491.7000,0.500000,-0.500000,-0.500000,0.500000,1500.0000,0.012440,199.918372,extrusion,997,10757
-726.1880,-203.4280,-491.7000,0.500000,-0.500000,-0.500000,0.500000,1500.0000,0.012540,199.869015,extrusion,997,10758
-726.2120,-203.3370,-491.7000,0.500000,-0.500000,-0.500000,0.500000,1500.0000,0.012540,199.869015,extrusion,997,10759
-726.1460,-203.2710,-491.7000,0.500000,-0.500000,-0.500000,0.500000,1500.0000,0.012440,199.918372,extrusion,997,10760
-726.0550,-203.2950,-491.7000,0.500000,-0.500000,-0.500000,0.500000,1500.0000,0.012540,199.869015,extrusion,997,10761
-726.3910,-202.1160,-491.7000,0.500000,-0.500000,-0.500000,0.500000,900.0000,0.000000,0.000000,travel,998,10763
-726.4360,-202.1610,-491.7000,0.500000,-0.500000,-0.500000,0.500000,1500.0000,0.005770,136.000204,extrusion,999,10766
-726.4970,-202.1450,-491.7000,0.500000,-0.500000,-0.500000,0.500000,1500.0000,0.005720,136.053429,extrusion,999,10767
-726.5140,-202.0830,-491.7000,0.500000,-0.500000,-0.500000,0.500000,1500.0000,0.005830,136.027624,extrusion,999,10768
-726.4690,-202.0380,-491.7000,0.500000,-0.500000,-0.500000,0.500000,1500.0000,0.005770,136.000204,extrusion,999,10769
-726.4070,-202.0550,-491.7000,0.500000,-0.500000,-0.500000,0.500000,1500.0000,0.005830,136.027624,extrusion,999,10770
-726.3010,-202.1930,-491.7000,0.500000,-0.500000,-0.500000,0.500000,1500.0000,0.017220,148.438471,extrusion,999,10772
-726.1950,-202.3310,-491.7000,0.500000,-0.500000,-0.500000,0.500000,1500.0000,0.018660,160.851444,extrusion,999,10774
-725.0910,-203.4350,-491.7000,0.500000,-0.500000,-0.500000,0.500000,1500.0000,0.167450,160.876400,extrusion,999,10775
-724.9530,-203.5410,-491.7000,0.500000,-0.500000,-0.500000,0.500000,1500.0000,0.018660,160.851444,extrusion,999,10776
-724.8150,-203.6470,-491.7000,0.500000,-0.500000,-0.500000,0.500000,1500.0000,0.017220,148.438471,extrusion,999,10778
-724.8760,-203.6310,-491.7000,0.500000,-0.500000,-0.500000,0.500000,1500.0000,0.005720,136.053429,extrusion,999,10780
-724.9210,-203.6760,-491.7000,0.500000,-0.500000,-0.500000,0.500000,1500.0000,0.005770,136.000204,extrusion,999,10781
-724.9050,-203.7370,-491.7000,0.500000,-0.500000,-0.500000,0.500000,1500.0000,0.005720,136.053429,extrusion,999,10782
-724.8430,-203.7540,-491.7000,0.500000,-0.500000,-0.500000,0.500000,1500.0000,0.005830,136.027624,extrusion,999,10783
-724.7980,-203.7090,-491.7000,0.500000,-0.500000,-0.500000,0.500000,1500.0000,0.005770,136.000204,extrusion,999,10784
-724.2380,-203.4350,-491.7000,0.500000,-0.500000,-0.500000,0.500000,1500.0000,0.066860,160.865817,extrusion,999,10786
-726.1950,-201.4780,-491.7000,0.500000,-0.500000,-0.500000,0.500000,1500.0000,0.296830,160.876729,extrusion,999,10787
-726.1950,-200.6250,-491.7000,0.500000,-0.500000,-0.500000,0.500000,1500.0000,0.091480,160.867526,extrusion,999,10788
-723.3850,-203.4350,-491.7000,0.500000,-0.500000,-0.500000,0.500000,1500.0000,0.426200,160.873084,extrusion,999,10789
-722.5310,-203.4350,-491.7000,0.500000,-0.500000,-0.500000,0.500000,1500.0000,0.091590,160.872365,extrusion,999,10790
-726.1950,-199.7710,-491.7000,0.500000,-0.500000,-0.500000,0.500000,1500.0000,0.555730,160.873547,extrusion,999,10791
-726.1950,-198.9180,-491.7000,0.500000,-0.500000,-0.500000,0.500000,1500.0000,0.091480,160.867526,extrusion,999,10792
-721.6780,-203.4350,-491.7000,0.500000,-0.500000,-0.500000,0.500000,1500.0000,0.685110,160.874229,extrusion,999,10793
-721.4210,-203.4780,-491.7000,0.500000,-0.500000,-0.500000,0.500000,1500.0000,0.027950,160.895753,extrusion,999,10794
-721.1650,-203.5220,-491.7000,0.500000,-0.500000,-0.500000,0.500000,1500.0000,0.025700,148.409804,extrusion,999,10796
-721.2260,-203.5050,-491.7000,0.500000,-0.500000,-0.500000,0.500000,1500.0000,0.005740,135.966202,extrusion,999,10798
-721.2710,-203.5500,-491.7000,0.500000,-0.500000,-0.500000,0.500000,1500.0000,0.005770,136.000204,extrusion,999,10799
-721.2550,-203.6120,-491.7000,0.500000,-0.500000,-0.500000,0.500000,1500.0000,0.005800,135.871173,extrusion,999,10800
-721.1930,-203.6280,-491.7000,0.500000,-0.500000,-0.500000,0.500000,1500.0000,0.005800,135.871173,extrusion,999,10801
-721.1480,-203.5830,-491.7000,0.500000,-0.500000,-0.500000,0.500000,1500.0000,0.005770,136.000204,extrusion,999,10802
-721.3420,-202.9170,-491.7000,0.500000,-0.500000,-0.500000,0.500000,1500.0000,0.074400,160.881088,extrusion,999,10804
-726.0130,-198.2470,-491.7000,0.500000,-0.500000,-0.500000,0.500000,1500.0000,0.708390,160.873794,extrusion,999,10805
-726.1600,-198.1680,-491.7000,0.500000,-0.500000,-0.500000,0.500000,1500.0000,0.017900,160.890978,extrusion,999,10806
-726.3070,-198.0890,-491.7000,0.500000,-0.500000,-0.500000,0.500000,1500.0000,0.016510,148.397209,extrusion,999,10808
-726.3520,-198.1340,-491.7000,0.500000,-0.500000,-0.500000,0.500000,1500.0000,0.005770,136.000204,extrusion,999,10810
-726.4140,-198.1180,-491.7000,0.500000,-0.500000,-0.500000,0.500000,1500.0000,0.005800,135.871173,extrusion,999,10811
-726.4300,-198.0560,-491.7000,0.500000,-0.500000,-0.500000,0.500000,1500.0000,0.005800,135.871173,extrusion,999,10812
-726.3850,-198.0110,-491.7000,0.500000,-0.500000,-0.500000,0.500000,1500.0000,0.005770,136.000204,extrusion,999,10813
-726.3240,-198.0270,-491.7000,0.500000,-0.500000,-0.500000,0.500000,1500.0000,0.005720,136.053429,extrusion,999,10814
-725.1590,-198.2470,-491.7000,0.500000,-0.500000,-0.500000,0.500000,1500.0000,0.127150,160.869194,extrusion,999,10816
-721.3420,-202.0640,-491.7000,0.500000,-0.500000,-0.500000,0.500000,1500.0000,0.578940,160.874666,extrusion,999,10817
-721.3420,-201.2100,-491.7000,0.500000,-0.500000,-0.500000,0.500000,1500.0000,0.091590,160.872365,extrusion,999,10818
-724.3060,-198.2470,-491.7000,0.500000,-0.500000,-0.500000,0.500000,1500.0000,0.449490,160.876036,extrusion,999,10819
-723.4520,-198.2470,-491.7000,0.500000,-0.500000,-0.500000,0.500000,1500.0000,0.091590,160.872365,extrusion,999,10820
-721.3420,-200.3570,-491.7000,0.500000,-0.500000,-0.500000,0.500000,1500.0000,0.320030,160.873495,extrusion,999,10821
-721.0230,-199.7520,-491.7000,0.500000,-0.500000,-0.500000,0.500000,1500.0000,0.073350,160.867298,extrusion,999,10822
-721.0680,-199.7970,-491.7000,0.500000,-0.500000,-0.500000,0.500000,1500.0000,0.005770,136.000204,extrusion,999,10824
-721.1300,-199.7800,-491.7000,0.500000,-0.500000,-0.500000,0.500000,1500.0000,0.005830,136.027624,extrusion,999,10825
-721.1460,-199.7190,-491.7000,0.500000,-0.500000,-0.500000,0.500000,1500.0000,0.005720,136.053429,extrusion,999,10826
-721.1010,-199.6740,-491.7000,0.500000,-0.500000,-0.500000,0.500000,1500.0000,0.005770,136.000204,extrusion,999,10827
-721.0390,-199.6900,-491.7000,0.500000,-0.500000,-0.500000,0.500000,1500.0000,0.005800,135.871173,extrusion,999,10828
-721.1910,-199.5970,-491.7000,0.500000,-0.500000,-0.500000,0.500000,1500.0000,0.017630,148.405908,extrusion,999,10830
-721.3420,-199.5040,-491.7000,0.500000,-0.500000,-0.500000,0.500000,1500.0000,0.019020,160.876069,extrusion,999,10832
-722.5990,-198.2470,-491.7000,0.500000,-0.500000,-0.500000,0.500000,1500.0000,0.190650,160.871012,extrusion,999,10833
-722.6920,-198.0950,-491.7000,0.500000,-0.500000,-0.500000,0.500000,1500.0000,0.019110,160.864260,extrusion,999,10834
-722.7860,-197.9440,-491.7000,0.500000,-0.500000,-0.500000,0.500000,1500.0000,0.017600,148.424734,extrusion,999,10836
-722.8470,-197.9270,-491.7000,0.500000,-0.500000,-0.500000,0.500000,1500.0000,0.005740,135.966202,extrusion,999,10838
-722.8920,-197.9730,-491.7000,0.500000,-0.500000,-0.500000,0.500000,1500.0000,0.005830,135.896164,extrusion,999,10839
-722.8760,-198.0340,-491.7000,0.500000,-0.500000,-0.500000,0.500000,1500.0000,0.005720,136.053429,extrusion,999,10840
-722.8140,-198.0510,-491.7000,0.500000,-0.500000,-0.500000,0.500000,1500.0000,0.005830,136.027624,extrusion,999,10841
-722.7690,-198.0060,-491.7000,0.500000,-0.500000,-0.500000,0.500000,1500.0000,0.005770,136.000204,extrusion,999,10842
-721.3860,-198.2910,-491.7000,0.500000,-0.500000,-0.500000,0.500000,900.0000,0.000000,0.000000,travel,1000,10844
-721.4870,-198.2630,-491.7000,0.500000,-0.500000,-0.500000,0.500000,1500.0000,0.015640,223.834990,extrusion,1001,10847
-721.5620,-198.3380,-491.7000,0.500000,-0.500000,-0.500000,0.500000,1500.0000,0.015830,223.870007,extrusion,1001,10848
-721.5350,-198.4390,-491.7000,0.500000,-0.500000,-0.500000,0.500000,1500.0000,0.015610,223.967025,extrusion,1001,10849
-721.4330,-198.4660,-491.7000,0.500000,-0.500000,-0.500000,0.500000,1500.0000,0.015750,223.905990,extrusion,1001,10850
-721.3590,-198.3920,-491.7000,0.500000,-0.500000,-0.500000,0.500000,1500.0000,0.015620,223.885296,extrusion,1001,10851
-708.5540,-197.8170,-491.2500,0.500000,-0.500000,-0.500000,0.500000,900.0000,0.000000,0.000000,travel,1002,10857
-708.5540,-197.7940,-491.2500,0.500000,-0.500000,-0.500000,0.500000,900.0000,0.002470,96.652174,extrusion,1003,10860
-726.6470,-197.7940,-491.2500,0.500000,-0.500000,-0.500000,0.500000,900.0000,1.940470,96.524789,extrusion,1003,10861
-726.6470,-203.8870,-491.2500,0.500000,-0.500000,-0.500000,0.500000,900.0000,0.653470,96.524372,extrusion,1003,10862
-708.5540,-203.8870,-491.2500,0.500000,-0.500000,-0.500000,0.500000,900.0000,1.940470,96.524789,extrusion,1003,10863
-708.5540,-200.8410,-491.2500,0.500000,-0.500000,-0.500000,0.500000,900.0000,0.326680,96.523966,extrusion,1003,10864
-708.5540,-197.8170,-491.2500,0.500000,-0.500000,-0.500000,0.500000,900.0000,0.324320,96.523810,extrusion,1003,10865
-708.3860,-197.1910,-491.2500,0.500000,-0.500000,-0.500000,0.500000,900.0000,0.000000,0.000000,travel,1004,10866
-727.2510,-197.1910,-491.2500,0.500000,-0.500000,-0.500000,0.500000,900.0000,2.023270,96.524940,extrusion,1005,10868
-727.2510,-204.4910,-491.2500,0.500000,-0.500000,-0.500000,0.500000,900.0000,0.782920,96.524384,extrusion,1005,10869
-707.9510,-204.4910,-491.2500,0.500000,-0.500000,-0.500000,0.500000,900.0000,2.069920,96.524767,extrusion,1005,10870
-707.9510,-200.8410,-491.2500,0.500000,-0.500000,-0.500000,0.500000,900.0000,0.391460,96.524384,extrusion,1005,10871
-707.9510,-197.1910,-491.2500,0.500000,-0.500000,-0.500000,0.500000,900.0000,0.391460,96.524384,extrusion,1005,10872
-708.3860,-197.1910,-491.2500,0.500000,-0.500000,-0.500000,0.500000,900.0000,0.046650,96.517241,extrusion,1005,10873
-708.7350,-200.5090,-491.2500,0.500000,-0.500000,-0.500000,0.500000,900.0000,0.000000,0.000000,travel,1006,10875
-711.9330,-203.7060,-491.2500,0.500000,-0.500000,-0.500000,0.500000,900.0000,0.484980,96.525216,extrusion,1007,10878
-721.8560,-198.4100,-491.2500,0.500000,-0.500000,-0.500000,0.500000,900.0000,0.000000,0.000000,travel,1008,10880
-721.9220,-198.3440,-491.2500,0.500000,-0.500000,-0.500000,0.500000,1500.0000,0.012440,199.918372,extrusion,1009,10884
-721.8980,-198.2540,-491.2500,0.500000,-0.500000,-0.500000,0.500000,1500.0000,0.012410,199.849593,extrusion,1009,10885
-721.8070,-198.2290,-491.2500,0.500000,-0.500000,-0.500000,0.500000,1500.0000,0.012580,199.954211,extrusion,1009,10886
-721.7410,-198.2960,-491.2500,0.500000,-0.500000,-0.500000,0.500000,1500.0000,0.012530,199.845057,extrusion,1009,10887
-721.7650,-198.3860,-491.2500,0.500000,-0.500000,-0.500000,0.500000,1500.0000,0.012410,199.849593,extrusion,1009,10888
-721.9050,-199.3500,-491.2500,0.500000,-0.500000,-0.500000,0.500000,1500.0000,0.104470,160.869438,extrusion,1009,10890
-720.8010,-198.2470,-491.2500,0.500000,-0.500000,-0.500000,0.500000,1500.0000,0.167370,160.872383,extrusion,1009,10891
-719.9480,-198.2470,-491.2500,0.500000,-0.500000,-0.500000,0.500000,1500.0000,0.091480,160.867526,extrusion,1009,10892
-721.9050,-200.2030,-491.2500,0.500000,-0.500000,-0.500000,0.500000,1500.0000,0.296750,160.874468,extrusion,1009,10893
-721.9050,-201.0570,-491.2500,0.500000,-0.500000,-0.500000,0.500000,1500.0000,0.091590,160.872365,extrusion,1009,10894
-719.0940,-198.2470,-491.2500,0.500000,-0.500000,-0.500000,0.500000,1500.0000,0.426280,160.874653,extrusion,1009,10895
-718.2410,-198.2470,-491.2500,0.500000,-0.500000,-0.500000,0.500000,1500.0000,0.091480,160.867526,extrusion,1009,10896
-721.9050,-201.9100,-491.2500,0.500000,-0.500000,-0.500000,0.500000,1500.0000,0.555660,160.875236,extrusion,1009,10897
-721.9050,-202.7630,-491.2500,0.500000,-0.500000,-0.500000,0.500000,1500.0000,0.091480,160.867526,extrusion,1009,10898
-717.3880,-198.2470,-491.2500,0.500000,-0.500000,-0.500000,0.500000,1500.0000,0.685040,160.875598,extrusion,1009,10899
-716.5340,-198.2470,-491.2500,0.500000,-0.500000,-0.500000,0.500000,1500.0000,0.091590,160.872365,extrusion,1009,10900
-721.7220,-203.4350,-491.2500,0.500000,-0.500000,-0.500000,0.500000,1500.0000,0.786880,160.873608,extrusion,1009,10901
-721.8780,-203.5440,-491.2500,0.500000,-0.500000,-0.500000,0.500000,1500.0000,0.020410,160.871098,extrusion,1009,10902
-722.0340,-203.6540,-491.2500,0.500000,-0.500000,-0.500000,0.500000,1500.0000,0.018890,148.442367,extrusion,1009,10904
-722.0170,-203.5920,-491.2500,0.500000,-0.500000,-0.500000,0.500000,1500.0000,0.005830,136.027624,extrusion,1009,10906
-722.0620,-203.5470,-491.2500,0.500000,-0.500000,-0.500000,0.500000,1500.0000,0.005770,136.000204,extrusion,1009,10907
-722.1240,-203.5640,-491.2500,0.500000,-0.500000,-0.500000,0.500000,1500.0000,0.005830,136.027624,extrusion,1009,10908
-722.1400,-203.6250,-491.2500,0.500000,-0.500000,-0.500000,0.500000,1500.0000,0.005720,136.053429,extrusion,1009,10909
-722.0950,-203.6700,-491.2500,0.500000,-0.500000,-0.500000,0.500000,1500.0000,0.005770,136.000204,extrusion,1009,10910
-720.8690,-203.4350,-491.2500,0.500000,-0.500000,-0.500000,0.500000,900.0000,0.000000,0.000000,travel,1010,10912
-715.6810,-198.2470,-491.2500,0.500000,-0.500000,-0.500000,0.500000,1500.0000,0.786880,160.873608,extrusion,1011,10915
-714.8280,-198.2470,-491.2500,0.500000,-0.500000,-0.500000,0.500000,1500.0000,0.091480,160.867526,extrusion,1011,10916
-720.0160,-203.4350,-491.2500,0.500000,-0.500000,-0.500000,0.500000,1500.0000,0.786880,160.873608,extrusion,1011,10917
-719.1620,-203.4350,-491.2500,0.500000,-0.500000,-0.500000,0.500000,1500.0000,0.091590,160.872365,extrusion,1011,10918
-713.9740,-198.2470,-491.2500,0.500000,-0.500000,-0.500000,0.500000,1500.0000,0.786880,160.873608,extrusion,1011,10919
-713.0760,-198.1150,-491.2500,0.500000,-0.500000,-0.500000,0.500000,1500.0000,0.097350,160.882550,extrusion,1011,10920
-713.0590,-198.0540,-491.2500,0.500000,-0.500000,-0.500000,0.500000,1500.0000,0.005740,135.966202,extrusion,1011,10922
-713.1040,-198.0090,-491.2500,0.500000,-0.500000,-0.500000,0.500000,1500.0000,0.005770,136.000204,extrusion,1011,10923
-713.1660,-198.0250,-491.2500,0.500000,-0.500000,-0.500000,0.500000,1500.0000,0.005800,135.871173,extrusion,1011,10924
-713.1820,-198.0870,-491.2500,0.500000,-0.500000,-0.500000,0.500000,1500.0000,0.005800,135.871173,extrusion,1011,10925
-713.1370,-198.1320,-491.2500,0.500000,-0.500000,-0.500000,0.500000,1500.0000,0.005770,136.000204,extrusion,1011,10926
-713.2170,-198.2770,-491.2500,0.500000,-0.500000,-0.500000,0.500000,1500.0000,0.016390,148.455706,extrusion,1011,10928
-713.2970,-198.4230,-491.2500,0.500000,-0.500000,-0.500000,0.500000,1500.0000,0.017860,160.919042,extrusion,1011,10930
-718.3090,-203.4350,-491.2500,0.500000,-0.500000,-0.500000,0.500000,1500.0000,0.760190,160.874552,extrusion,1011,10931
-717.4550,-203.4350,-491.2500,0.500000,-0.500000,-0.500000,0.500000,1500.0000,0.091590,160.872365,extrusion,1011,10932
-713.2970,-199.2760,-491.2500,0.500000,-0.500000,-0.500000,0.500000,1500.0000,0.630740,160.875506,extrusion,1011,10933
-713.2970,-200.1300,-491.2500,0.500000,-0.500000,-0.500000,0.500000,1500.0000,0.091590,160.872365,extrusion,1011,10934
-716.6020,-203.4350,-491.2500,0.500000,-0.500000,-0.500000,0.500000,1500.0000,0.501280,160.873746,extrusion,1011,10935
-715.7490,-203.4350,-491.2500,0.500000,-0.500000,-0.500000,0.500000,1500.0000,0.091480,160.867526,extrusion,1011,10936
-713.2970,-200.9830,-491.2500,0.500000,-0.500000,-0.500000,0.500000,1500.0000,0.371900,160.872560,extrusion,1011,10937
-712.9940,-201.6500,-491.2500,0.500000,-0.500000,-0.500000,0.500000,1500.0000,0.078570,160.872949,extrusion,1011,10938
-712.9780,-201.5880,-491.2500,0.500000,-0.500000,-0.500000,0.500000,1500.0000,0.005800,135.871173,extrusion,1011,10940
-713.0230,-201.5430,-491.2500,0.500000,-0.500000,-0.500000,0.500000,1500.0000,0.005770,136.000204,extrusion,1011,10941
-713.0850,-201.5600,-491.2500,0.500000,-0.500000,-0.500000,0.500000,1500.0000,0.005830,136.027624,extrusion,1011,10942
-713.1010,-201.6210,-491.2500,0.500000,-0.500000,-0.500000,0.500000,1500.0000,0.005720,136.053429,extrusion,1011,10943
-713.0560,-201.6660,-491.2500,0.500000,-0.500000,-0.500000,0.500000,1500.0000,0.005770,136.000204,extrusion,1011,10944
-713.1760,-201.7510,-491.2500,0.500000,-0.500000,-0.500000,0.500000,1500.0000,0.014550,148.414453,extrusion,1011,10946
-713.2970,-201.8360,-491.2500,0.500000,-0.500000,-0.500000,0.500000,1500.0000,0.015860,160.882857,extrusion,1011,10948
-714.8950,-203.4350,-491.2500,0.500000,-0.500000,-0.500000,0.500000,1500.0000,0.242450,160.873973,extrusion,1011,10949
-714.1430,-203.4760,-491.2500,0.500000,-0.500000,-0.500000,0.500000,1500.0000,0.080770,160.871449,extrusion,1011,10950
-713.2550,-203.4760,-491.2500,0.500000,-0.500000,-0.500000,0.500000,1500.0000,0.082050,138.597973,extrusion,1011,10952
-713.2550,-202.5890,-491.2500,0.500000,-0.500000,-0.500000,0.500000,1500.0000,0.081960,138.602029,extrusion,1011,10953
-713.9290,-203.2630,-491.2500,0.500000,-0.500000,-0.500000,0.500000,1500.0000,0.088080,138.609715,extrusion,1011,10954
-723.2690,-197.9750,-491.2500,0.500000,-0.500000,-0.500000,0.500000,900.0000,0.000000,0.000000,travel,1012,10957
-726.4660,-201.1720,-491.2500,0.500000,-0.500000,-0.500000,0.500000,900.0000,0.484900,96.524389,extrusion,1013,10960
-723.8790,-203.8870,-490.8000,0.500000,-0.500000,-0.500000,0.500000,900.0000,0.000000,0.000000,travel,1014,10966
-708.5540,-203.8870,-490.8000,0.500000,-0.500000,-0.500000,0.500000,900.0000,1.643600,96.524633,extrusion,1015,10969
-708.5540,-200.8410,-490.8000,0.500000,-0.500000,-0.500000,0.500000,900.0000,0.326680,96.523966,extrusion,1015,10970
-708.5540,-197.7940,-490.8000,0.500000,-0.500000,-0.500000,0.500000,900.0000,0.326790,96.524778,extrusion,1015,10971
-726.6470,-197.7940,-490.8000,0.500000,-0.500000,-0.500000,0.500000,900.0000,1.940470,96.524789,extrusion,1015,10972
-726.6470,-203.8870,-490.8000,0.500000,-0.500000,-0.500000,0.500000,900.0000,0.653470,96.524372,extrusion,1015,10973
-723.8790,-203.8870,-490.8000,0.500000,-0.500000,-0.500000,0.500000,900.0000,0.296870,96.525650,extrusion,1015,10974
-723.8790,-204.4910,-490.8000,0.500000,-0.500000,-0.500000,0.500000,900.0000,0.000000,0.000000,travel,1016,10975
-707.9510,-204.4910,-490.8000,0.500000,-0.500000,-0.500000,0.500000,900.0000,1.708270,96.524548,extrusion,1017,10977
-707.9510,-200.8410,-490.8000,0.500000,-0.500000,-0.500000,0.500000,900.0000,0.391460,96.524384,extrusion,1017,10978
-707.9510,-197.1910,-490.8000,0.500000,-0.500000,-0.500000,0.500000,900.0000,0.391460,96.524384,extrusion,1017,10979
-727.2510,-197.1910,-490.8000,0.500000,-0.500000,-0.500000,0.500000,900.0000,2.069920,96.524767,extrusion,1017,10980
-727.2510,-204.4910,-490.8000,0.500000,-0.500000,-0.500000,0.500000,900.0000,0.782920,96.524384,extrusion,1017,10981
-723.8790,-204.4910,-490.8000,0.500000,-0.500000,-0.500000,0.500000,900.0000,0.361650,96.525801,extrusion,1017,10982
-723.2690,-203.7060,-490.8000,0.500000,-0.500000,-0.500000,0.500000,900.0000,0.000000,0.000000,travel,1018,10983
-726.4660,-200.5090,-490.8000,0.500000,-0.500000,-0.500000,0.500000,900.0000,0.484900,96.524389,extrusion,1019,10986
-720.5750,-203.3860,-490.8000,0.500000,-0.500000,-0.500000,0.500000,900.0000,0.000000,0.000000,travel,1020,10988
-720.6410,-203.4520,-490.8000,0.500000,-0.500000,-0.500000,0.500000,1500.0000,0.012440,199.918372,extrusion,1021,10992
-720.7320,-203.4280,-490.8000,0.500000,-0.500000,-0.500000,0.500000,1500.0000,0.012540,199.869015,extrusion,1021,10993
-720.7560,-203.3370,-490.8000,0.500000,-0.500000,-0.500000,0.500000,1500.0000,0.012540,199.869015,extrusion,1021,10994
-720.6900,-203.2710,-490.8000,0.500000,-0.500000,-0.500000,0.500000,1500.0000,0.012440,199.918372,extrusion,1021,10995
-720.5990,-203.2950,-490.8000,0.500000,-0.500000,-0.500000,0.500000,1500.0000,0.012540,199.869015,extrusion,1021,10996
-720.7390,-202.3310,-490.8000,0.500000,-0.500000,-0.500000,0.500000,1500.0000,0.104470,160.869438,extrusion,1021,10998
-719.6350,-203.4350,-490.8000,0.500000,-0.500000,-0.500000,0.500000,1500.0000,0.167450,160.876400,extrusion,1021,10999
-718.7820,-203.4350,-490.8000,0.500000,-0.500000,-0.500000,0.500000,1500.0000,0.091480,160.867526,extrusion,1021,11000
-720.7390,-201.4780,-490.8000,0.500000,-0.500000,-0.500000,0.500000,1500.0000,0.296830,160.876729,extrusion,1021,11001
-720.7390,-200.6250,-490.8000,0.500000,-0.500000,-0.500000,0.500000,1500.0000,0.091480,160.867526,extrusion,1021,11002
-717.9290,-203.4350,-490.8000,0.500000,-0.500000,-0.500000,0.500000,1500.0000,0.426200,160.873084,extrusion,1021,11003
-717.0750,-203.4350,-490.8000,0.500000,-0.500000,-0.500000,0.500000,1500.0000,0.091590,160.872365,extrusion,1021,11004
-720.7390,-199.7710,-490.8000,0.500000,-0.500000,-0.500000,0.500000,1500.0000,0.555730,160.873547,extrusion,1021,11005
-720.7390,-198.9180,-490.8000,0.500000,-0.500000,-0.500000,0.500000,1500.0000,0.091480,160.867526,extrusion,1021,11006
-716.2220,-203.4350,-490.8000,0.500000,-0.500000,-0.500000,0.500000,1500.0000,0.685110,160.874229,extrusion,1021,11007
-715.3680,-203.4350,-490.8000,0.500000,-0.500000,-0.500000,0.500000,1500.0000,0.091590,160.872365,extrusion,1021,11008
-720.5560,-198.2470,-490.8000,0.500000,-0.500000,-0.500000,0.500000,1500.0000,0.786880,160.873608,extrusion,1021,11009
-720.7040,-198.1680,-490.8000,0.500000,-0.500000,-0.500000,0.500000,1500.0000,0.017990,160.850271,extrusion,1021,11010
-720.8510,-198.0890,-490.8000,0.500000,-0.500000,-0.500000,0.500000,1500.0000,0.016510,148.397209,extrusion,1021,11012
-720.8960,-198.1340,-490.8000,0.500000,-0.500000,-0.500000,0.500000,1500.0000,0.005770,136.000204,extrusion,1021,11014
-720.9580,-198.1180,-490.8000,0.500000,-0.500000,-0.500000,0.500000,1500.0000,0.005800,135.871173,extrusion,1021,11015
-720.9740,-198.0560,-490.8000,0.500000,-0.500000,-0.500000,0.500000,1500.0000,0.005800,135.871173,extrusion,1021,11016
-720.9290,-198.0110,-490.8000,0.500000,-0.500000,-0.500000,0.500000,1500.0000,0.005770,136.000204,extrusion,1021,11017
-720.8680,-198.0270,-490.8000,0.500000,-0.500000,-0.500000,0.500000,1500.0000,0.005720,136.053429,extrusion,1021,11018
-719.7030,-198.2470,-490.8000,0.500000,-0.500000,-0.500000,0.500000,1500.0000,0.127150,160.869194,extrusion,1021,11020
-714.5150,-203.4350,-490.8000,0.500000,-0.500000,-0.500000,0.500000,1500.0000,0.786880,160.873608,extrusion,1021,11021
-714.4630,-202.6330,-490.8000,0.500000,-0.500000,-0.500000,0.500000,1500.0000,0.086190,160.865461,extrusion,1021,11022
-718.8500,-198.2470,-490.8000,0.500000,-0.500000,-0.500000,0.500000,1500.0000,0.665320,160.875053,extrusion,1021,11023
-717.9960,-198.2470,-490.8000,0.500000,-0.500000,-0.500000,0.500000,1500.0000,0.091590,160.872365,extrusion,1021,11024
-714.4630,-201.7800,-490.8000,0.500000,-0.500000,-0.500000,0.500000,1500.0000,0.535860,160.873297,extrusion,1021,11025
-714.4630,-200.9270,-490.8000,0.500000,-0.500000,-0.500000,0.500000,1500.0000,0.091480,160.867526,extrusion,1021,11026
-717.1430,-198.2470,-490.8000,0.500000,-0.500000,-0.500000,0.500000,1500.0000,0.406490,160.876027,extrusion,1021,11027
-716.2900,-198.2470,-490.8000,0.500000,-0.500000,-0.500000,0.500000,1500.0000,0.091480,160.867526,extrusion,1021,11028
-714.4630,-200.0730,-490.8000,0.500000,-0.500000,-0.500000,0.500000,1500.0000,0.277030,160.873078,extrusion,1021,11029
-714.4550,-199.2400,-490.8000,0.500000,-0.500000,-0.500000,0.500000,1500.0000,0.089340,160.868932,extrusion,1021,11030
-714.4550,-198.2380,-490.8000,0.500000,-0.500000,-0.500000,0.500000,1500.0000,0.104500,156.437126,extrusion,1021,11032
-715.4560,-198.2380,-490.8000,0.500000,-0.500000,-0.500000,0.500000,1500.0000,0.104390,156.428571,extrusion,1021,11033
-714.6680,-199.0270,-490.8000,0.500000,-0.500000,-0.500000,0.500000,1500.0000,0.116290,156.428848,extrusion,1021,11034
-711.9330,-197.9750,-490.8000,0.500000,-0.500000,-0.500000,0.500000,900.0000,0.000000,0.000000,travel,1022,11037
-708.7350,-201.1720,-490.8000,0.500000,-0.500000,-0.500000,0.500000,900.0000,0.484980,96.525216,extrusion,1023,11040
-718.8600,-203.8870,-490.3500,0.500000,-0.500000,-0.500000,0.500000,900.0000,0.000000,0.000000,travel,1024,11046
-708.5540,-203.8870,-490.3500,0.500000,-0.500000,-0.500000,0.500000,900.0000,1.105320,96.525131,extrusion,1025,11049
-708.5540,-200.8410,-490.3500,0.500000,-0.500000,-0.500000,0.500000,900.0000,0.326680,96.523966,extrusion,1025,11050
-708.5540,-197.7940,-490.3500,0.500000,-0.500000,-0.500000,0.500000,900.0000,0.326790,96.524778,extrusion,1025,11051
-726.6470,-197.7940,-490.3500,0.500000,-0.500000,-0.500000,0.500000,900.0000,1.940470,96.524789,extrusion,1025,11052
-726.6470,-203.8870,-490.3500,0.500000,-0.500000,-0.500000,0.500000,900.0000,0.653470,96.524372,extrusion,1025,11053
-718.8600,-203.8870,-490.3500,0.500000,-0.500000,-0.500000,0.500000,900.0000,0.835150,96.524335,extrusion,1025,11054
-718.8600,-204.4910,-490.3500,0.500000,-0.500000,-0.500000,0.500000,900.0000,0.000000,0.000000,travel,1026,11055
-707.9510,-204.4910,-490.3500,0.500000,-0.500000,-0.500000,0.500000,900.0000,1.169990,96.524979,extrusion,1027,11057
-707.9510,-200.8410,-490.3500,0.500000,-0.500000,-0.500000,0.500000,900.0000,0.391460,96.524384,extrusion,1027,11058
-707.9510,-197.1910,-490.3500,0.500000,-0.500000,-0.500000,0.500000,900.0000,0.391460,96.524384,extrusion,1027,11059
-727.2510,-197.1910,-490.3500,0.500000,-0.500000,-0.500000,0.500000,900.0000,2.069920,96.524767,extrusion,1027,11060
-727.2510,-204.4910,-490.3500,0.500000,-0.500000,-0.500000,0.500000,900.0000,0.782920,96.524384,extrusion,1027,11061
-718.8600,-204.4910,-490.3500,0.500000,-0.500000,-0.500000,0.500000,900.0000,0.899930,96.524491,extrusion,1027,11062
-726.4660,-201.1720,-490.3500,0.500000,-0.500000,-0.500000,0.500000,900.0000,0.000000,0.000000,travel,1028,11064
-723.5410,-198.2470,-490.3500,0.500000,-0.500000,-0.500000,0.500000,900.0000,0.443650,96.525515,extrusion,1029,11067
-715.0070,-198.2470,-490.3500,0.500000,-0.500000,-0.500000,0.500000,900.0000,0.915270,96.524842,extrusion,1029,11068
-720.1950,-203.4350,-490.3500,0.500000,-0.500000,-0.500000,0.500000,900.0000,0.786890,96.525391,extrusion,1029,11069
-711.6610,-203.4350,-490.3500,0.500000,-0.500000,-0.500000,0.500000,900.0000,0.915270,96.524842,extrusion,1029,11070
-708.7350,-200.5090,-490.3500,0.500000,-0.500000,-0.500000,0.500000,900.0000,0.443800,96.525151,extrusion,1029,11071
-723.0950,-197.7940,-489.9000,0.500000,-0.500000,-0.500000,0.500000,900.0000,0.000000,0.000000,travel,1030,11077
-726.6470,-197.7940,-489.9000,0.500000,-0.500000,-0.500000,0.500000,900.0000,0.380950,96.524493,extrusion,1031,11080
-726.6470,-203.8870,-489.9000,0.500000,-0.500000,-0.500000,0.500000,900.0000,0.653470,96.524372,extrusion,1031,11081
-708.5540,-203.8870,-489.9000,0.500000,-0.500000,-0.500000,0.500000,900.0000,1.940470,96.524789,extrusion,1031,11082
-708.5540,-200.8410,-489.9000,0.500000,-0.500000,-0.500000,0.500000,900.0000,0.326680,96.523966,extrusion,1031,11083
-708.5540,-197.7940,-489.9000,0.500000,-0.500000,-0.500000,0.500000,900.0000,0.326790,96.524778,extrusion,1031,11084
-723.0950,-197.7940,-489.9000,0.500000,-0.500000,-0.500000,0.500000,900.0000,1.559520,96.524861,extrusion,1031,11085
-723.0950,-197.1910,-489.9000,0.500000,-0.500000,-0.500000,0.500000,900.0000,0.000000,0.000000,travel,1032,11086
-727.2510,-197.1910,-489.9000,0.500000,-0.500000,-0.500000,0.500000,900.0000,0.445730,96.524783,extrusion,1033,11088
-727.2510,-204.4910,-489.9000,0.500000,-0.500000,-0.500000,0.500000,900.0000,0.782920,96.524384,extrusion,1033,11089
-707.9510,-204.4910,-489.9000,0.500000,-0.500000,-0.500000,0.500000,900.0000,2.069920,96.524767,extrusion,1033,11090
-707.9510,-200.8410,-489.9000,0.500000,-0.500000,-0.500000,0.500000,900.0000,0.391460,96.524384,extrusion,1033,11091
-707.9510,-197.1910,-489.9000,0.500000,-0.500000,-0.500000,0.500000,900.0000,0.391460,96.524384,extrusion,1033,11092
-723.0950,-197.1910,-489.9000,0.500000,-0.500000,-0.500000,0.500000,900.0000,1.624190,96.524762,extrusion,1033,11093
-723.2690,-203.7060,-489.9000,0.500000,-0.500000,-0.500000,0.500000,900.0000,0.000000,0.000000,travel,1034,11095
-726.1950,-200.7800,-489.9000,0.500000,-0.500000,-0.500000,0.500000,900.0000,0.443800,96.525151,extrusion,1035,11098
-726.1950,-198.2470,-489.9000,0.500000,-0.500000,-0.500000,0.500000,900.0000,0.271660,96.523490,extrusion,1035,11099
-720.1950,-198.2470,-489.9000,0.500000,-0.500000,-0.500000,0.500000,900.0000,0.643500,96.525000,extrusion,1035,11100
-715.0070,-203.4350,-489.9000,0.500000,-0.500000,-0.500000,0.500000,900.0000,0.786890,96.525391,extrusion,1035,11101
-709.0070,-203.4350,-489.9000,0.500000,-0.500000,-0.500000,0.500000,900.0000,0.643500,96.525000,extrusion,1035,11102
-709.0070,-200.9010,-489.9000,0.500000,-0.500000,-0.500000,0.500000,900.0000,0.271770,96.524467,extrusion,1035,11103
-711.9330,-197.9750,-489.9000,0.500000,-0.500000,-0.500000,0.500000,900.0000,0.443800,96.525151,extrusion,1035,11104
-722.9020,-197.7940,-489.4500,0.500000,-0.500000,-0.500000,0.500000,900.0000,0.000000,0.000000,travel,1036,11110
-726.6470,-197.7940,-489.4500,0.500000,-0.500000,-0.500000,0.500000,900.0000,0.401650,96.524700,extrusion,1037,11113
-726.6470,-203.8870,-489.4500,0.500000,-0.500000,-0.500000,0.500000,900.0000,0.653470,96.524372,extrusion,1037,11114
-708.5540,-203.8870,-489.4500,0.500000,-0.500000,-0.500000,0.500000,900.0000,1.940470,96.524789,extrusion,1037,11115
-708.5540,-200.8410,-489.4500,0.500000,-0.500000,-0.500000,0.500000,900.0000,0.326680,96.523966,extrusion,1037,11116
-708.5540,-197.7940,-489.4500,0.500000,-0.500000,-0.500000,0.500000,900.0000,0.326790,96.524778,extrusion,1037,11117
-722.9020,-197.7940,-489.4500,0.500000,-0.500000,-0.500000,0.500000,900.0000,1.538820,96.524812,extrusion,1037,11118
-722.9020,-197.1910,-489.4500,0.500000,-0.500000,-0.500000,0.500000,900.0000,0.000000,0.000000,travel,1038,11119
-727.2510,-197.1910,-489.4500,0.500000,-0.500000,-0.500000,0.500000,900.0000,0.466430,96.524948,extrusion,1039,11121
-727.2510,-204.4910,-489.4500,0.500000,-0.500000,-0.500000,0.500000,900.0000,0.782920,96.524384,extrusion,1039,11122
-707.9510,-204.4910,-489.4500,0.500000,-0.500000,-0.500000,0.500000,900.0000,2.069920,96.524767,extrusion,1039,11123
-707.9510,-200.8410,-489.4500,0.500000,-0.500000,-0.500000,0.500000,900.0000,0.391460,96.524384,extrusion,1039,11124
-707.9510,-197.1910,-489.4500,0.500000,-0.500000,-0.500000,0.500000,900.0000,0.391460,96.524384,extrusion,1039,11125
-722.9020,-197.1910,-489.4500,0.500000,-0.500000,-0.500000,0.500000,900.0000,1.603490,96.524714,extrusion,1039,11126
-726.4660,-201.1720,-489.4500,0.500000,-0.500000,-0.500000,0.500000,900.0000,0.000000,0.000000,travel,1040,11128
-723.5410,-198.2470,-489.4500,0.500000,-0.500000,-0.500000,0.500000,900.0000,0.443650,96.525515,extrusion,1041,11131
-715.0070,-198.2470,-489.4500,0.500000,-0.500000,-0.500000,0.500000,900.0000,0.915270,96.524842,extrusion,1041,11132
-720.1950,-203.4350,-489.4500,0.500000,-0.500000,-0.500000,0.500000,900.0000,0.786890,96.525391,extrusion,1041,11133
-711.6610,-203.4350,-489.4500,0.500000,-0.500000,-0.500000,0.500000,900.0000,0.915270,96.524842,extrusion,1041,11134
-708.7350,-200.5090,-489.4500,0.500000,-0.500000,-0.500000,0.500000,900.0000,0.443800,96.525151,extrusion,1041,11135
-708.5540,-200.1810,-489.0000,0.500000,-0.500000,-0.500000,0.500000,900.0000,0.000000,0.000000,travel,1042,11140
-708.5540,-197.7940,-489.0000,0.500000,-0.500000,-0.500000,0.500000,900.0000,0.256010,96.526602,extrusion,1043,11143
-726.6470,-197.7940,-489.0000,0.500000,-0.500000,-0.500000,0.500000,900.0000,1.940470,96.524789,extrusion,1043,11144
-726.6470,-203.8870,-489.0000,0.500000,-0.500000,-0.500000,0.500000,900.0000,0.653470,96.524372,extrusion,1043,11145
-708.5540,-203.8870,-489.0000,0.500000,-0.500000,-0.500000,0.500000,900.0000,1.940470,96.524789,extrusion,1043,11146
-708.5540,-200.8410,-489.0000,0.500000,-0.500000,-0.500000,0.500000,900.0000,0.326680,96.523966,extrusion,1043,11147
-708.5540,-200.1810,-489.0000,0.500000,-0.500000,-0.500000,0.500000,900.0000,0.070780,96.518182,extrusion,1043,11148
-707.9510,-200.1810,-489.0000,0.500000,-0.500000,-0.500000,0.500000,900.0000,0.000000,0.000000,travel,1044,11149
-707.9510,-197.1910,-489.0000,0.500000,-0.500000,-0.500000,0.500000,900.0000,0.320680,96.525753,extrusion,1045,11151
-727.2510,-197.1910,-489.0000,0.500000,-0.500000,-0.500000,0.500000,900.0000,2.069920,96.524767,extrusion,1045,11152
-727.2510,-204.4910,-489.0000,0.500000,-0.500000,-0.500000,0.500000,900.0000,0.782920,96.524384,extrusion,1045,11153
-707.9510,-204.4910,-489.0000,0.500000,-0.500000,-0.500000,0.500000,900.0000,2.069920,96.524767,extrusion,1045,11154
-707.9510,-200.8410,-489.0000,0.500000,-0.500000,-0.500000,0.500000,900.0000,0.391460,96.524384,extrusion,1045,11155
-707.9510,-200.1810,-489.0000,0.500000,-0.500000,-0.500000,0.500000,900.0000,0.070780,96.518182,extrusion,1045,11156
-711.9330,-197.9750,-489.0000,0.500000,-0.500000,-0.500000,0.500000,900.0000,0.000000,0.000000,travel,1046,11158
-709.0070,-200.9010,-489.0000,0.500000,-0.500000,-0.500000,0.500000,900.0000,0.443800,96.525151,extrusion,1047,11161
-709.0070,-203.4350,-489.0000,0.500000,-0.500000,-0.500000,0.500000,900.0000,0.271770,96.524467,extrusion,1047,11162
-715.0070,-203.4350,-489.0000,0.500000,-0.500000,-0.500000,0.500000,900.0000,0.643500,96.525000,extrusion,1047,11163
-720.1950,-198.2470,-489.0000,0.500000,-0.500000,-0.500000,0.500000,900.0000,0.786890,96.525391,extrusion,1047,11164
-726.1950,-198.2470,-489.0000,0.500000,-0.500000,-0.500000,0.500000,900.0000,0.643500,96.525000,extrusion,1047,11165
-726.1950,-200.7800,-489.0000,0.500000,-0.500000,-0.500000,0.500000,900.0000,0.271660,96.523490,extrusion,1047,11166
-723.2690,-203.7060,-489.0000,0.500000,-0.500000,-0.500000,0.500000,900.0000,0.443800,96.525151,extrusion,1047,11167
-719.3230,-203.8870,-488.5500,0.500000,-0.500000,-0.500000,0.500000,900.0000,0.000000,0.000000,travel,1048,11173
-708.5540,-203.8870,-488.5500,0.500000,-0.500000,-0.500000,0.500000,900.0000,1.154970,96.524561,extrusion,1049,11176
-708.5540,-200.8410,-488.5500,0.500000,-0.500000,-0.500000,0.500000,900.0000,0.326680,96.523966,extrusion,1049,11177
-708.5540,-197.7940,-488.5500,0.500000,-0.500000,-0.500000,0.500000,900.0000,0.326790,96.524778,extrusion,1049,11178
-726.6470,-197.7940,-488.5500,0.500000,-0.500000,-0.500000,0.500000,900.0000,1.940470,96.524789,extrusion,1049,11179
-726.6470,-203.8870,-488.5500,0.500000,-0.500000,-0.500000,0.500000,900.0000,0.653470,96.524372,extrusion,1049,11180
-719.3230,-203.8870,-488.5500,0.500000,-0.500000,-0.500000,0.500000,900.0000,0.785500,96.525123,extrusion,1049,11181
-719.3230,-204.4910,-488.5500,0.500000,-0.500000,-0.500000,0.500000,900.0000,0.000000,0.000000,travel,1050,11182
-707.9510,-204.4910,-488.5500,0.500000,-0.500000,-0.500000,0.500000,900.0000,1.219640,96.524446,extrusion,1051,11184
-707.9510,-200.8410,-488.5500,0.500000,-0.500000,-0.500000,0.500000,900.0000,0.391460,96.524384,extrusion,1051,11185
-707.9510,-197.1910,-488.5500,0.500000,-0.500000,-0.500000,0.500000,900.0000,0.391460,96.524384,extrusion,1051,11186
-727.2510,-197.1910,-488.5500,0.500000,-0.500000,-0.500000,0.500000,900.0000,2.069920,96.524767,extrusion,1051,11187
-727.2510,-204.4910,-488.5500,0.500000,-0.500000,-0.500000,0.500000,900.0000,0.782920,96.524384,extrusion,1051,11188
-719.3230,-204.4910,-488.5500,0.500000,-0.500000,-0.500000,0.500000,900.0000,0.850280,96.525227,extrusion,1051,11189
-725.8630,-200.5690,-488.5500,0.500000,-0.500000,-0.500000,0.500000,900.0000,0.000000,0.000000,travel,1052,11191
-724.1440,-198.8500,-488.5500,0.500000,-0.500000,-0.500000,0.500000,900.0000,0.260730,96.525629,extrusion,1053,11194
-715.6100,-198.8500,-488.5500,0.500000,-0.500000,-0.500000,0.500000,900.0000,0.915270,96.524842,extrusion,1053,11195
-719.5910,-202.8310,-488.5500,0.500000,-0.500000,-0.500000,0.500000,900.0000,0.603810,96.524072,extrusion,1053,11196
-711.0580,-202.8310,-488.5500,0.500000,-0.500000,-0.500000,0.500000,900.0000,0.915160,96.524552,extrusion,1053,11197
-709.3390,-201.1120,-488.5500,0.500000,-0.500000,-0.500000,0.500000,900.0000,0.260730,96.525629,extrusion,1053,11198
-726.1950,-198.5480,-488.5500,0.500000,-0.500000,-0.500000,0.500000,900.0000,0.000000,0.000000,travel,1054,11200
-726.1950,-203.1330,-488.5500,0.500000,-0.500000,-0.500000,0.500000,1500.0000,0.491730,160.871320,extrusion,1055,11204
-726.1780,-203.2160,-488.5500,0.500000,-0.500000,-0.500000,0.500000,1500.0000,0.009610,170.142543,extrusion,1055,11206
-726.1600,-203.3000,-488.5500,0.500000,-0.500000,-0.500000,0.500000,1500.0000,0.010270,179.321978,extrusion,1055,11208
-726.1430,-203.3830,-488.5500,0.500000,-0.500000,-0.500000,0.500000,1500.0000,0.010650,188.555472,extrusion,1055,11210
-726.0600,-203.4000,-488.5500,0.500000,-0.500000,-0.500000,0.500000,1500.0000,0.010650,188.555472,extrusion,1055,11211
-725.9760,-203.4170,-488.5500,0.500000,-0.500000,-0.500000,0.500000,1500.0000,0.010240,179.223649,extrusion,1055,11213
-725.8930,-203.4350,-488.5500,0.500000,-0.500000,-0.500000,0.500000,1500.0000,0.009630,170.082480,extrusion,1055,11215
-709.3080,-203.4350,-488.5500,0.500000,-0.500000,-0.500000,0.500000,1500.0000,1.778700,160.871269,extrusion,1055,11217
-709.2250,-203.4170,-488.5500,0.500000,-0.500000,-0.500000,0.500000,1500.0000,0.009630,170.082480,extrusion,1055,11219
-709.1420,-203.4000,-488.5500,0.500000,-0.500000,-0.500000,0.500000,1500.0000,0.010130,179.349007,extrusion,1055,11221
-709.0590,-203.3830,-488.5500,0.500000,-0.500000,-0.500000,0.500000,1500.0000,0.010650,188.555472,extrusion,1055,11223
-709.0340,-203.2840,-488.5500,0.500000,-0.500000,-0.500000,0.500000,1500.0000,0.012830,188.477301,extrusion,1055,11224
-709.0090,-203.1850,-488.5500,0.500000,-0.500000,-0.500000,0.500000,1500.0000,0.011930,175.255979,extrusion,1055,11226
-709.0070,-203.1330,-488.5500,0.500000,-0.500000,-0.500000,0.500000,1500.0000,0.005620,161.995610,extrusion,1055,11228
-709.0070,-198.5480,-488.5500,0.500000,-0.500000,-0.500000,0.500000,1500.0000,0.491730,160.871320,extrusion,1055,11230
-709.0240,-198.4650,-488.5500,0.500000,-0.500000,-0.500000,0.500000,1500.0000,0.009610,170.142543,extrusion,1055,11232
-709.0410,-198.3820,-488.5500,0.500000,-0.500000,-0.500000,0.500000,1500.0000,0.010130,179.349007,extrusion,1055,11234
-709.0590,-198.2980,-488.5500,0.500000,-0.500000,-0.500000,0.500000,1500.0000,0.010790,188.401572,extrusion,1055,11236
-709.1420,-198.2810,-488.5500,0.500000,-0.500000,-0.500000,0.500000,1500.0000,0.010650,188.555472,extrusion,1055,11237
-709.2250,-198.2640,-488.5500,0.500000,-0.500000,-0.500000,0.500000,1500.0000,0.010130,179.349007,extrusion,1055,11239
-709.3080,-198.2470,-488.5500,0.500000,-0.500000,-0.500000,0.500000,1500.0000,0.009610,170.142543,extrusion,1055,11241
-725.8930,-198.2470,-488.5500,0.500000,-0.500000,-0.500000,0.500000,1500.0000,1.778700,160.871269,extrusion,1055,11243
-725.9950,-198.2680,-488.5500,0.500000,-0.500000,-0.500000,0.500000,1500.0000,0.011950,172.125172,extrusion,1055,11245
-726.0980,-198.2890,-488.5500,0.500000,-0.500000,-0.500000,0.500000,1500.0000,0.012860,183.506346,extrusion,1055,11247
-711.3530,-197.7940,-488.1000,0.500000,-0.500000,-0.500000,0.500000,900.0000,0.000000,0.000000,travel,1056,11253
-726.6470,-197.7940,-488.1000,0.500000,-0.500000,-0.500000,0.500000,900.0000,1.640280,96.524912,extrusion,1057,11256
-726.6470,-203.8870,-488.1000,0.500000,-0.500000,-0.500000,0.500000,900.0000,0.653470,96.524372,extrusion,1057,11257
-708.5540,-203.8870,-488.1000,0.500000,-0.500000,-0.500000,0.500000,900.0000,1.940470,96.524789,extrusion,1057,11258
-708.5540,-200.8410,-488.1000,0.500000,-0.500000,-0.500000,0.500000,900.0000,0.326680,96.523966,extrusion,1057,11259
-708.5540,-197.7940,-488.1000,0.500000,-0.500000,-0.500000,0.500000,900.0000,0.326790,96.524778,extrusion,1057,11260
-711.3530,-197.7940,-488.1000,0.500000,-0.500000,-0.500000,0.500000,900.0000,0.300190,96.524116,extrusion,1057,11261
-711.3530,-197.1910,-488.1000,0.500000,-0.500000,-0.500000,0.500000,900.0000,0.000000,0.000000,travel,1058,11262
-727.2510,-197.1910,-488.1000,0.500000,-0.500000,-0.500000,0.500000,900.0000,1.705060,96.524972,extrusion,1059,11264
-727.2510,-204.4910,-488.1000,0.500000,-0.500000,-0.500000,0.500000,900.0000,0.782920,96.524384,extrusion,1059,11265
-707.9510,-204.4910,-488.1000,0.500000,-0.500000,-0.500000,0.500000,900.0000,2.069920,96.524767,extrusion,1059,11266
-707.9510,-200.8410,-488.1000,0.500000,-0.500000,-0.500000,0.500000,900.0000,0.391460,96.524384,extrusion,1059,11267
-707.9510,-197.1910,-488.1000,0.500000,-0.500000,-0.500000,0.500000,900.0000,0.391460,96.524384,extrusion,1059,11268
-711.3530,-197.1910,-488.1000,0.500000,-0.500000,-0.500000,0.500000,900.0000,0.364860,96.523810,extrusion,1059,11269
-708.7380,-199.3270,-488.1000,0.500000,-0.500000,-0.500000,0.500000,900.0000,0.000000,0.000000,travel,1060,11271
-709.7950,-198.2700,-488.1000,0.500000,-0.500000,-0.500000,0.500000,900.0000,0.176540,106.290793,extrusion,1061,11276
-710.7380,-198.2700,-488.1000,0.500000,-0.500000,-0.500000,0.500000,900.0000,0.111370,106.291622,extrusion,1061,11277
-709.0300,-199.9780,-488.1000,0.500000,-0.500000,-0.500000,0.500000,900.0000,0.285270,106.290818,extrusion,1061,11278
-709.0300,-200.9220,-488.1000,0.500000,-0.500000,-0.500000,0.500000,900.0000,0.111490,106.293432,extrusion,1061,11279
-711.6820,-198.2700,-488.1000,0.500000,-0.500000,-0.500000,0.500000,900.0000,0.442930,106.289188,extrusion,1061,11280
-712.6250,-198.2700,-488.1000,0.500000,-0.500000,-0.500000,0.500000,900.0000,0.111370,106.291622,extrusion,1061,11281
-709.0300,-201.8650,-488.1000,0.500000,-0.500000,-0.500000,0.500000,900.0000,0.600430,106.289656,extrusion,1061,11282
-709.0300,-202.8080,-488.1000,0.500000,-0.500000,-0.500000,0.500000,900.0000,0.111370,106.291622,extrusion,1061,11283
-713.5680,-198.2700,-488.1000,0.500000,-0.500000,-0.500000,0.500000,900.0000,0.757930,106.289929,extrusion,1061,11284
-714.5120,-198.2700,-488.1000,0.500000,-0.500000,-0.500000,0.500000,900.0000,0.111490,106.293432,extrusion,1061,11285
-709.3700,-203.4110,-488.1000,0.500000,-0.500000,-0.500000,0.500000,900.0000,0.858730,106.290464,extrusion,1061,11286
-710.3140,-203.4110,-488.1000,0.500000,-0.500000,-0.500000,0.500000,900.0000,0.111490,106.293432,extrusion,1061,11287
-715.4550,-198.2700,-488.1000,0.500000,-0.500000,-0.500000,0.500000,900.0000,0.858640,106.289662,extrusion,1061,11288
-716.3980,-198.2700,-488.1000,0.500000,-0.500000,-0.500000,0.500000,900.0000,0.111370,106.291622,extrusion,1061,11289
-711.2570,-203.4110,-488.1000,0.500000,-0.500000,-0.500000,0.500000,900.0000,0.858640,106.289662,extrusion,1061,11290
-712.2000,-203.4110,-488.1000,0.500000,-0.500000,-0.500000,0.500000,900.0000,0.111370,106.291622,extrusion,1061,11291
-717.3420,-198.2700,-488.1000,0.500000,-0.500000,-0.500000,0.500000,900.0000,0.858730,106.290464,extrusion,1061,11292
-718.2850,-198.2700,-488.1000,0.500000,-0.500000,-0.500000,0.500000,900.0000,0.111370,106.291622,extrusion,1061,11293
-713.1430,-203.4110,-488.1000,0.500000,-0.500000,-0.500000,0.500000,900.0000,0.858730,106.290464,extrusion,1061,11294
-714.0870,-203.4110,-488.1000,0.500000,-0.500000,-0.500000,0.500000,900.0000,0.111490,106.293432,extrusion,1061,11295
-719.2280,-198.2700,-488.1000,0.500000,-0.500000,-0.500000,0.500000,900.0000,0.858640,106.289662,extrusion,1061,11296
-720.1720,-198.2700,-488.1000,0.500000,-0.500000,-0.500000,0.500000,900.0000,0.111490,106.293432,extrusion,1061,11297
-715.0300,-203.4110,-488.1000,0.500000,-0.500000,-0.500000,0.500000,900.0000,0.858730,106.290464,extrusion,1061,11298
-715.9730,-203.4110,-488.1000,0.500000,-0.500000,-0.500000,0.500000,900.0000,0.111370,106.291622,extrusion,1061,11299
-721.1150,-198.2700,-488.1000,0.500000,-0.500000,-0.500000,0.500000,900.0000,0.858730,106.290464,extrusion,1061,11300
-722.0580,-198.2700,-488.1000,0.500000,-0.500000,-0.500000,0.500000,900.0000,0.111370,106.291622,extrusion,1061,11301
-716.9170,-203.4110,-488.1000,0.500000,-0.500000,-0.500000,0.500000,900.0000,0.858640,106.289662,extrusion,1061,11302
-717.8600,-203.4110,-488.1000,0.500000,-0.500000,-0.500000,0.500000,900.0000,0.111370,106.291622,extrusion,1061,11303
-723.0010,-198.2700,-488.1000,0.500000,-0.500000,-0.500000,0.500000,900.0000,0.858640,106.289662,extrusion,1061,11304
-723.9450,-198.2700,-488.1000,0.500000,-0.500000,-0.500000,0.500000,900.0000,0.111490,106.293432,extrusion,1061,11305
-718.8030,-203.4110,-488.1000,0.500000,-0.500000,-0.500000,0.500000,900.0000,0.858730,106.290464,extrusion,1061,11306
-719.7470,-203.4110,-488.1000,0.500000,-0.500000,-0.500000,0.500000,900.0000,0.111490,106.293432,extrusion,1061,11307
-724.8880,-198.2700,-488.1000,0.500000,-0.500000,-0.500000,0.500000,900.0000,0.858640,106.289662,extrusion,1061,11308
-725.8310,-198.2700,-488.1000,0.500000,-0.500000,-0.500000,0.500000,900.0000,0.111370,106.291622,extrusion,1061,11309
-720.6900,-203.4110,-488.1000,0.500000,-0.500000,-0.500000,0.500000,900.0000,0.858640,106.289662,extrusion,1061,11310
-721.6330,-203.4110,-488.1000,0.500000,-0.500000,-0.500000,0.500000,900.0000,0.111370,106.291622,extrusion,1061,11311
-726.1710,-198.8730,-488.1000,0.500000,-0.500000,-0.500000,0.500000,900.0000,0.757930,106.289929,extrusion,1061,11312
-726.1710,-199.8160,-488.1000,0.500000,-0.500000,-0.500000,0.500000,900.0000,0.111370,106.291622,extrusion,1061,11313
-722.5770,-203.4110,-488.1000,0.500000,-0.500000,-0.500000,0.500000,900.0000,0.600350,106.290276,extrusion,1061,11314
-723.5200,-203.4110,-488.1000,0.500000,-0.500000,-0.500000,0.500000,900.0000,0.111370,106.291622,extrusion,1061,11315
-726.1710,-200.7600,-488.1000,0.500000,-0.500000,-0.500000,0.500000,900.0000,0.442770,106.290872,extrusion,1061,11316
-726.1710,-201.7030,-488.1000,0.500000,-0.500000,-0.500000,0.500000,900.0000,0.111370,106.291622,extrusion,1061,11317
-724.4630,-203.4110,-488.1000,0.500000,-0.500000,-0.500000,0.500000,900.0000,0.285270,106.290818,extrusion,1061,11318
-725.4070,-203.4110,-488.1000,0.500000,-0.500000,-0.500000,0.500000,900.0000,0.111490,106.293432,extrusion,1061,11319
-726.4640,-202.3540,-488.1000,0.500000,-0.500000,-0.500000,0.500000,900.0000,0.176540,106.290793,extrusion,1061,11320
-725.0430,-197.7940,-487.6500,0.500000,-0.500000,-0.500000,0.500000,900.0000,0.000000,0.000000,travel,1062,11327
-726.6470,-197.7940,-487.6500,0.500000,-0.500000,-0.500000,0.500000,900.0000,0.172030,96.525561,extrusion,1063,11330
-726.6470,-203.8870,-487.6500,0.500000,-0.500000,-0.500000,0.500000,900.0000,0.653470,96.524372,extrusion,1063,11331
-708.5540,-203.8870,-487.6500,0.500000,-0.500000,-0.500000,0.500000,900.0000,1.940470,96.524789,extrusion,1063,11332
-708.5540,-200.8410,-487.6500,0.500000,-0.500000,-0.500000,0.500000,900.0000,0.326680,96.523966,extrusion,1063,11333
-708.5540,-197.7940,-487.6500,0.500000,-0.500000,-0.500000,0.500000,900.0000,0.326790,96.524778,extrusion,1063,11334
-725.0430,-197.7940,-487.6500,0.500000,-0.500000,-0.500000,0.500000,900.0000,1.768440,96.524713,extrusion,1063,11335
-725.0430,-197.1910,-487.6500,0.500000,-0.500000,-0.500000,0.500000,900.0000,0.000000,0.000000,travel,1064,11336
-727.2510,-197.1910,-487.6500,0.500000,-0.500000,-0.500000,0.500000,900.0000,0.236810,96.525815,extrusion,1065,11338
-727.2510,-204.4910,-487.6500,0.500000,-0.500000,-0.500000,0.500000,900.0000,0.782920,96.524384,extrusion,1065,11339
-707.9510,-204.4910,-487.6500,0.500000,-0.500000,-0.500000,0.500000,900.0000,2.069920,96.524767,extrusion,1065,11340
-707.9510,-200.8410,-487.6500,0.500000,-0.500000,-0.500000,0.500000,900.0000,0.391460,96.524384,extrusion,1065,11341
-707.9510,-197.1910,-487.6500,0.500000,-0.500000,-0.500000,0.500000,900.0000,0.391460,96.524384,extrusion,1065,11342
-725.0430,-197.1910,-487.6500,0.500000,-0.500000,-0.500000,0.500000,900.0000,1.833110,96.524631,extrusion,1065,11343
-726.1460,-198.4100,-487.6500,0.500000,-0.500000,-0.500000,0.500000,900.0000,0.000000,0.000000,travel,1066,11344
-726.2120,-198.3440,-487.6500,0.500000,-0.500000,-0.500000,0.500000,1500.0000,0.012440,199.918372,extrusion,1067,11348
-726.1880,-198.2540,-487.6500,0.500000,-0.500000,-0.500000,0.500000,1500.0000,0.012410,199.849593,extrusion,1067,11349
-726.0970,-198.2290,-487.6500,0.500000,-0.500000,-0.500000,0.500000,1500.0000,0.012580,199.954211,extrusion,1067,11350
-726.0310,-198.2960,-487.6500,0.500000,-0.500000,-0.500000,0.500000,1500.0000,0.012530,199.845057,extrusion,1067,11351
-726.0550,-198.3860,-487.6500,0.500000,-0.500000,-0.500000,0.500000,1500.0000,0.012410,199.849593,extrusion,1067,11352
-724.8760,-198.0510,-487.6500,0.500000,-0.500000,-0.500000,0.500000,900.0000,0.000000,0.000000,travel,1068,11354
-724.9210,-198.0060,-487.6500,0.500000,-0.500000,-0.500000,0.500000,1500.0000,0.005770,136.000204,extrusion,1069,11357
-724.9050,-197.9440,-487.6500,0.500000,-0.500000,-0.500000,0.500000,1500.0000,0.005800,135.871173,extrusion,1069,11358
-724.8430,-197.9270,-487.6500,0.500000,-0.500000,-0.500000,0.500000,1500.0000,0.005830,136.027624,extrusion,1069,11359
-724.7980,-197.9730,-487.6500,0.500000,-0.500000,-0.500000,0.500000,1500.0000,0.005830,135.896164,extrusion,1069,11360
-724.8150,-198.0340,-487.6500,0.500000,-0.500000,-0.500000,0.500000,1500.0000,0.005740,135.966202,extrusion,1069,11361
-724.9530,-198.1400,-487.6500,0.500000,-0.500000,-0.500000,0.500000,1500.0000,0.017220,148.438471,extrusion,1069,11363
-725.0910,-198.2470,-487.6500,0.500000,-0.500000,-0.500000,0.500000,1500.0000,0.018730,160.889966,extrusion,1069,11365
-726.1950,-199.3500,-487.6500,0.500000,-0.500000,-0.500000,0.500000,1500.0000,0.167370,160.872383,extrusion,1069,11366
-726.3010,-199.4880,-487.6500,0.500000,-0.500000,-0.500000,0.500000,1500.0000,0.018660,160.851444,extrusion,1069,11367
-726.4070,-199.6270,-487.6500,0.500000,-0.500000,-0.500000,0.500000,1500.0000,0.017300,148.450616,extrusion,1069,11369
-726.3910,-199.5650,-487.6500,0.500000,-0.500000,-0.500000,0.500000,1500.0000,0.005800,135.871173,extrusion,1069,11371
-726.4360,-199.5200,-487.6500,0.500000,-0.500000,-0.500000,0.500000,1500.0000,0.005770,136.000204,extrusion,1069,11372
-726.4970,-199.5360,-487.6500,0.500000,-0.500000,-0.500000,0.500000,1500.0000,0.005720,136.053429,extrusion,1069,11373
-726.5140,-199.5980,-487.6500,0.500000,-0.500000,-0.500000,0.500000,1500.0000,0.005830,136.027624,extrusion,1069,11374
-726.4690,-199.6430,-487.6500,0.500000,-0.500000,-0.500000,0.500000,1500.0000,0.005770,136.000204,extrusion,1069,11375
-726.1950,-200.2030,-487.6500,0.500000,-0.500000,-0.500000,0.500000,1500.0000,0.066860,160.865817,extrusion,1069,11377
-724.2380,-198.2470,-487.6500,0.500000,-0.500000,-0.500000,0.500000,1500.0000,0.296750,160.874468,extrusion,1069,11378
-723.3850,-198.2470,-487.6500,0.500000,-0.500000,-0.500000,0.500000,1500.0000,0.091480,160.867526,extrusion,1069,11379
-726.1950,-201.0570,-487.6500,0.500000,-0.500000,-0.500000,0.500000,1500.0000,0.426200,160.873084,extrusion,1069,11380
-726.1950,-201.9100,-487.6500,0.500000,-0.500000,-0.500000,0.500000,1500.0000,0.091480,160.867526,extrusion,1069,11381
-722.5310,-198.2470,-487.6500,0.500000,-0.500000,-0.500000,0.500000,1500.0000,0.555660,160.875236,extrusion,1069,11382
-721.6780,-198.2470,-487.6500,0.500000,-0.500000,-0.500000,0.500000,1500.0000,0.091480,160.867526,extrusion,1069,11383
-726.1950,-202.7630,-487.6500,0.500000,-0.500000,-0.500000,0.500000,1500.0000,0.685040,160.875598,extrusion,1069,11384
-726.3850,-203.6700,-487.6500,0.500000,-0.500000,-0.500000,0.500000,1500.0000,0.099390,160.879544,extrusion,1069,11385
-726.4300,-203.6250,-487.6500,0.500000,-0.500000,-0.500000,0.500000,1500.0000,0.005770,136.000204,extrusion,1069,11387
-726.4140,-203.5640,-487.6500,0.500000,-0.500000,-0.500000,0.500000,1500.0000,0.005720,136.053429,extrusion,1069,11388
-726.3520,-203.5470,-487.6500,0.500000,-0.500000,-0.500000,0.500000,1500.0000,0.005830,136.027624,extrusion,1069,11389
-726.3070,-203.5920,-487.6500,0.500000,-0.500000,-0.500000,0.500000,1500.0000,0.005770,136.000204,extrusion,1069,11390
-726.3240,-203.6540,-487.6500,0.500000,-0.500000,-0.500000,0.500000,1500.0000,0.005830,136.027624,extrusion,1069,11391
-726.1680,-203.5440,-487.6500,0.500000,-0.500000,-0.500000,0.500000,1500.0000,0.018890,148.442367,extrusion,1069,11393
-726.0130,-203.4350,-487.6500,0.500000,-0.500000,-0.500000,0.500000,1500.0000,0.020320,160.853846,extrusion,1069,11395
-720.8250,-198.2470,-487.6500,0.500000,-0.500000,-0.500000,0.500000,1500.0000,0.786880,160.873608,extrusion,1069,11396
-719.9710,-198.2470,-487.6500,0.500000,-0.500000,-0.500000,0.500000,1500.0000,0.091590,160.872365,extrusion,1069,11397
-725.1590,-203.4350,-487.6500,0.500000,-0.500000,-0.500000,0.500000,1500.0000,0.786880,160.873608,extrusion,1069,11398
-724.3060,-203.4350,-487.6500,0.500000,-0.500000,-0.500000,0.500000,1500.0000,0.091480,160.867526,extrusion,1069,11399
-719.1180,-198.2470,-487.6500,0.500000,-0.500000,-0.500000,0.500000,1500.0000,0.786880,160.873608,extrusion,1069,11400
-718.2640,-198.2470,-487.6500,0.500000,-0.500000,-0.500000,0.500000,1500.0000,0.091590,160.872365,extrusion,1069,11401
-723.4520,-203.4350,-487.6500,0.500000,-0.500000,-0.500000,0.500000,1500.0000,0.786880,160.873608,extrusion,1069,11402
-722.5990,-203.4350,-487.6500,0.500000,-0.500000,-0.500000,0.500000,1500.0000,0.091480,160.867526,extrusion,1069,11403
-717.4110,-198.2470,-487.6500,0.500000,-0.500000,-0.500000,0.500000,1500.0000,0.786880,160.873608,extrusion,1069,11404
-716.5580,-198.2470,-487.6500,0.500000,-0.500000,-0.500000,0.500000,1500.0000,0.091480,160.867526,extrusion,1069,11405
-721.7460,-203.4350,-487.6500,0.500000,-0.500000,-0.500000,0.500000,1500.0000,0.786880,160.873608,extrusion,1069,11406
-720.8920,-203.4350,-487.6500,0.500000,-0.500000,-0.500000,0.500000,1500.0000,0.091590,160.872365,extrusion,1069,11407
-715.7040,-198.2470,-487.6500,0.500000,-0.500000,-0.500000,0.500000,1500.0000,0.786880,160.873608,extrusion,1069,11408
-714.8510,-198.2470,-487.6500,0.500000,-0.500000,-0.500000,0.500000,1500.0000,0.091480,160.867526,extrusion,1069,11409
-720.0390,-203.4350,-487.6500,0.500000,-0.500000,-0.500000,0.500000,1500.0000,0.786880,160.873608,extrusion,1069,11410
-719.1860,-203.4350,-487.6500,0.500000,-0.500000,-0.500000,0.500000,1500.0000,0.091480,160.867526,extrusion,1069,11411
-713.9980,-198.2470,-487.6500,0.500000,-0.500000,-0.500000,0.500000,1500.0000,0.786880,160.873608,extrusion,1069,11412
-713.1440,-198.2470,-487.6500,0.500000,-0.500000,-0.500000,0.500000,1500.0000,0.091590,160.872365,extrusion,1069,11413
-718.3320,-203.4350,-487.6500,0.500000,-0.500000,-0.500000,0.500000,1500.0000,0.786880,160.873608,extrusion,1069,11414
-717.4790,-203.4350,-487.6500,0.500000,-0.500000,-0.500000,0.500000,1500.0000,0.091480,160.867526,extrusion,1069,11415
-712.2910,-198.2470,-487.6500,0.500000,-0.500000,-0.500000,0.500000,1500.0000,0.786880,160.873608,extrusion,1069,11416
-711.4370,-198.2470,-487.6500,0.500000,-0.500000,-0.500000,0.500000,1500.0000,0.091590,160.872365,extrusion,1069,11417
-716.6250,-203.4350,-487.6500,0.500000,-0.500000,-0.500000,0.500000,1500.0000,0.786880,160.873608,extrusion,1069,11418
-715.7720,-203.4350,-487.6500,0.500000,-0.500000,-0.500000,0.500000,1500.0000,0.091480,160.867526,extrusion,1069,11419
-710.5840,-198.2470,-487.6500,0.500000,-0.500000,-0.500000,0.500000,1500.0000,0.786880,160.873608,extrusion,1069,11420
-709.7310,-198.2470,-487.6500,0.500000,-0.500000,-0.500000,0.500000,1500.0000,0.091480,160.867526,extrusion,1069,11421
-714.9190,-203.4350,-487.6500,0.500000,-0.500000,-0.500000,0.500000,1500.0000,0.786880,160.873608,extrusion,1069,11422
-714.0650,-203.4350,-487.6500,0.500000,-0.500000,-0.500000,0.500000,1500.0000,0.091590,160.872365,extrusion,1069,11423
-709.0070,-198.3760,-487.6500,0.500000,-0.500000,-0.500000,0.500000,1500.0000,0.767240,160.873956,extrusion,1069,11424
-708.9170,-198.2440,-487.6500,0.500000,-0.500000,-0.500000,0.500000,1500.0000,0.017130,160.832663,extrusion,1069,11425
-708.8280,-198.1130,-487.6500,0.500000,-0.500000,-0.500000,0.500000,1500.0000,0.015670,148.415471,extrusion,1069,11427
-708.8730,-198.0680,-487.6500,0.500000,-0.500000,-0.500000,0.500000,1500.0000,0.005770,136.000204,extrusion,1069,11429
-708.8570,-198.0060,-487.6500,0.500000,-0.500000,-0.500000,0.500000,1500.0000,0.005800,135.871173,extrusion,1069,11430
-708.7950,-197.9900,-487.6500,0.500000,-0.500000,-0.500000,0.500000,1500.0000,0.005800,135.871173,extrusion,1069,11431
-708.7500,-198.0350,-487.6500,0.500000,-0.500000,-0.500000,0.500000,1500.0000,0.005770,136.000204,extrusion,1069,11432
-708.7660,-198.0960,-487.6500,0.500000,-0.500000,-0.500000,0.500000,1500.0000,0.005720,136.053429,extrusion,1069,11433
-709.0070,-199.2290,-487.6500,0.500000,-0.500000,-0.500000,0.500000,1500.0000,0.124230,160.871350,extrusion,1069,11435
-713.2120,-203.4350,-487.6500,0.500000,-0.500000,-0.500000,0.500000,1500.0000,0.637870,160.875829,extrusion,1069,11436
-712.3590,-203.4350,-487.6500,0.500000,-0.500000,-0.500000,0.500000,1500.0000,0.091480,160.867526,extrusion,1069,11437
-709.0070,-200.0830,-487.6500,0.500000,-0.500000,-0.500000,0.500000,1500.0000,0.508410,160.874176,extrusion,1069,11438
-709.0070,-200.9360,-487.6500,0.500000,-0.500000,-0.500000,0.500000,1500.0000,0.091480,160.867526,extrusion,1069,11439
-711.5050,-203.4350,-487.6500,0.500000,-0.500000,-0.500000,0.500000,1500.0000,0.378960,160.875634,extrusion,1069,11440
-710.9000,-203.7540,-487.6500,0.500000,-0.500000,-0.500000,0.500000,1500.0000,0.073350,160.867298,extrusion,1069,11441
-710.9450,-203.7090,-487.6500,0.500000,-0.500000,-0.500000,0.500000,1500.0000,0.005770,136.000204,extrusion,1069,11443
-710.9290,-203.6470,-487.6500,0.500000,-0.500000,-0.500000,0.500000,1500.0000,0.005800,135.871173,extrusion,1069,11444
-710.8670,-203.6310,-487.6500,0.500000,-0.500000,-0.500000,0.500000,1500.0000,0.005800,135.871173,extrusion,1069,11445
-710.8220,-203.6760,-487.6500,0.500000,-0.500000,-0.500000,0.500000,1500.0000,0.005770,136.000204,extrusion,1069,11446
-710.8380,-203.7370,-487.6500,0.500000,-0.500000,-0.500000,0.500000,1500.0000,0.005720,136.053429,extrusion,1069,11447
-710.7450,-203.5860,-487.6500,0.500000,-0.500000,-0.500000,0.500000,1500.0000,0.017550,148.442430,extrusion,1069,11449
-710.6520,-203.4350,-487.6500,0.500000,-0.500000,-0.500000,0.500000,1500.0000,0.019020,160.876069,extrusion,1069,11451
-709.0070,-201.7900,-487.6500,0.500000,-0.500000,-0.500000,0.500000,1500.0000,0.249500,160.872166,extrusion,1069,11452
-708.8550,-201.6960,-487.6500,0.500000,-0.500000,-0.500000,0.500000,1500.0000,0.019170,160.896248,extrusion,1069,11453
-708.7040,-201.6030,-487.6500,0.500000,-0.500000,-0.500000,0.500000,1500.0000,0.017550,148.442430,extrusion,1069,11455
-708.6880,-201.5410,-487.6500,0.500000,-0.500000,-0.500000,0.500000,1500.0000,0.005800,135.871173,extrusion,1069,11457
-708.7330,-201.4960,-487.6500,0.500000,-0.500000,-0.500000,0.500000,1500.0000,0.005770,136.000204,extrusion,1069,11458
-708.7940,-201.5130,-487.6500,0.500000,-0.500000,-0.500000,0.500000,1500.0000,0.005740,135.966202,extrusion,1069,11459
-708.8110,-201.5740,-487.6500,0.500000,-0.500000,-0.500000,0.500000,1500.0000,0.005740,135.966202,extrusion,1069,11460
-708.7660,-201.6200,-487.6500,0.500000,-0.500000,-0.500000,0.500000,1500.0000,0.005830,135.896164,extrusion,1069,11461
-709.6690,-203.2560,-487.6500,0.500000,-0.500000,-0.500000,0.500000,900.0000,0.000000,0.000000,travel,1070,11463
-708.9720,-202.5590,-487.6500,0.500000,-0.500000,-0.500000,0.500000,1500.0000,0.093480,142.253247,extrusion,1071,11466
-708.9720,-203.4700,-487.6500,0.500000,-0.500000,-0.500000,0.500000,1500.0000,0.086400,142.261251,extrusion,1071,11467
-709.8830,-203.4700,-487.6500,0.500000,-0.500000,-0.500000,0.500000,1500.0000,0.086400,142.261251,extrusion,1071,11468
-718.0730,-197.7940,-487.2000,0.500000,-0.500000,-0.500000,0.500000,900.0000,0.000000,0.000000,travel,1072,11474
-726.6470,-197.7940,-487.2000,0.500000,-0.500000,-0.500000,0.500000,900.0000,0.919560,96.524843,extrusion,1073,11477
-726.6470,-203.8870,-487.2000,0.500000,-0.500000,-0.500000,0.500000,900.0000,0.653470,96.524372,extrusion,1073,11478
-708.5540,-203.8870,-487.2000,0.500000,-0.500000,-0.500000,0.500000,900.0000,1.940470,96.524789,extrusion,1073,11479
-708.5540,-200.8410,-487.2000,0.500000,-0.500000,-0.500000,0.500000,900.0000,0.326680,96.523966,extrusion,1073,11480
-708.5540,-197.7940,-487.2000,0.500000,-0.500000,-0.500000,0.500000,900.0000,0.326790,96.524778,extrusion,1073,11481
-718.0730,-197.7940,-487.2000,0.500000,-0.500000,-0.500000,0.500000,900.0000,1.020910,96.524740,extrusion,1073,11482
-718.0730,-197.1910,-487.2000,0.500000,-0.500000,-0.500000,0.500000,900.0000,0.000000,0.000000,travel,1074,11483
-727.2510,-197.1910,-487.2000,0.500000,-0.500000,-0.500000,0.500000,900.0000,0.984340,96.524951,extrusion,1075,11485
-727.2510,-204.4910,-487.2000,0.500000,-0.500000,-0.500000,0.500000,900.0000,0.782920,96.524384,extrusion,1075,11486
-707.9510,-204.4910,-487.2000,0.500000,-0.500000,-0.500000,0.500000,900.0000,2.069920,96.524767,extrusion,1075,11487
-707.9510,-200.8410,-487.2000,0.500000,-0.500000,-0.500000,0.500000,900.0000,0.391460,96.524384,extrusion,1075,11488
-707.9510,-197.1910,-487.2000,0.500000,-0.500000,-0.500000,0.500000,900.0000,0.391460,96.524384,extrusion,1075,11489
-718.0730,-197.1910,-487.2000,0.500000,-0.500000,-0.500000,0.500000,900.0000,1.085580,96.524600,extrusion,1075,11490
-709.9850,-197.9750,-487.2000,0.500000,-0.500000,-0.500000,0.500000,900.0000,0.000000,0.000000,travel,1076,11492
-709.0070,-198.9530,-487.2000,0.500000,-0.500000,-0.500000,0.500000,900.0000,0.151820,98.791060,extrusion,1077,11495
-709.0070,-199.8270,-487.2000,0.500000,-0.500000,-0.500000,0.500000,900.0000,0.095940,98.794050,extrusion,1077,11496
-710.5870,-198.2470,-487.2000,0.500000,-0.500000,-0.500000,0.500000,900.0000,0.245280,98.794453,extrusion,1077,11497
-711.4600,-198.2470,-487.2000,0.500000,-0.500000,-0.500000,0.500000,900.0000,0.095830,98.793814,extrusion,1077,11498
-709.0070,-200.7000,-487.2000,0.500000,-0.500000,-0.500000,0.500000,900.0000,0.380800,98.793166,extrusion,1077,11499
-709.0070,-201.5740,-487.2000,0.500000,-0.500000,-0.500000,0.500000,900.0000,0.095940,98.794050,extrusion,1077,11500
-712.3340,-198.2470,-487.2000,0.500000,-0.500000,-0.500000,0.500000,900.0000,0.516480,98.793465,extrusion,1077,11501
-713.2070,-198.2470,-487.2000,0.500000,-0.500000,-0.500000,0.500000,900.0000,0.095830,98.793814,extrusion,1077,11502
-709.0070,-202.4470,-487.2000,0.500000,-0.500000,-0.500000,0.500000,900.0000,0.652010,98.794434,extrusion,1077,11503
-709.0070,-203.3210,-487.2000,0.500000,-0.500000,-0.500000,0.500000,900.0000,0.095940,98.794050,extrusion,1077,11504
-714.0810,-198.2470,-487.2000,0.500000,-0.500000,-0.500000,0.500000,900.0000,0.787690,98.794412,extrusion,1077,11505
-714.9540,-198.2470,-487.2000,0.500000,-0.500000,-0.500000,0.500000,900.0000,0.095830,98.793814,extrusion,1077,11506
-709.7660,-203.4350,-487.2000,0.500000,-0.500000,-0.500000,0.500000,900.0000,0.805380,98.793503,extrusion,1077,11507
-710.6400,-203.4350,-487.2000,0.500000,-0.500000,-0.500000,0.500000,900.0000,0.095940,98.794050,extrusion,1077,11508
-715.8280,-198.2470,-487.2000,0.500000,-0.500000,-0.500000,0.500000,900.0000,0.805380,98.793503,extrusion,1077,11509
-716.7010,-198.2470,-487.2000,0.500000,-0.500000,-0.500000,0.500000,900.0000,0.095830,98.793814,extrusion,1077,11510
-711.5130,-203.4350,-487.2000,0.500000,-0.500000,-0.500000,0.500000,900.0000,0.805380,98.793503,extrusion,1077,11511
-712.3870,-203.4350,-487.2000,0.500000,-0.500000,-0.500000,0.500000,900.0000,0.095940,98.794050,extrusion,1077,11512
-717.5750,-198.2470,-487.2000,0.500000,-0.500000,-0.500000,0.500000,900.0000,0.805380,98.793503,extrusion,1077,11513
-718.4480,-198.2470,-487.2000,0.500000,-0.500000,-0.500000,0.500000,900.0000,0.095830,98.793814,extrusion,1077,11514
-713.2600,-203.4350,-487.2000,0.500000,-0.500000,-0.500000,0.500000,900.0000,0.805380,98.793503,extrusion,1077,11515
-714.1330,-203.4350,-487.2000,0.500000,-0.500000,-0.500000,0.500000,900.0000,0.095830,98.793814,extrusion,1077,11516
-719.3210,-198.2470,-487.2000,0.500000,-0.500000,-0.500000,0.500000,900.0000,0.805380,98.793503,extrusion,1077,11517
-720.1950,-198.2470,-487.2000,0.500000,-0.500000,-0.500000,0.500000,900.0000,0.095940,98.794050,extrusion,1077,11518
-715.0070,-203.4350,-487.2000,0.500000,-0.500000,-0.500000,0.500000,900.0000,0.805380,98.793503,extrusion,1077,11519
-715.8800,-203.4350,-487.2000,0.500000,-0.500000,-0.500000,0.500000,900.0000,0.095830,98.793814,extrusion,1077,11520
-721.0680,-198.2470,-487.2000,0.500000,-0.500000,-0.500000,0.500000,900.0000,0.805380,98.793503,extrusion,1077,11521
-721.9420,-198.2470,-487.2000,0.500000,-0.500000,-0.500000,0.500000,900.0000,0.095940,98.794050,extrusion,1077,11522
-716.7540,-203.4350,-487.2000,0.500000,-0.500000,-0.500000,0.500000,900.0000,0.805380,98.793503,extrusion,1077,11523
-717.6270,-203.4350,-487.2000,0.500000,-0.500000,-0.500000,0.500000,900.0000,0.095830,98.793814,extrusion,1077,11524
-722.8150,-198.2470,-487.2000,0.500000,-0.500000,-0.500000,0.500000,900.0000,0.805380,98.793503,extrusion,1077,11525
-723.6890,-198.2470,-487.2000,0.500000,-0.500000,-0.500000,0.500000,900.0000,0.095940,98.794050,extrusion,1077,11526
-718.5010,-203.4350,-487.2000,0.500000,-0.500000,-0.500000,0.500000,900.0000,0.805380,98.793503,extrusion,1077,11527
-719.3740,-203.4350,-487.2000,0.500000,-0.500000,-0.500000,0.500000,900.0000,0.095830,98.793814,extrusion,1077,11528
-724.5620,-198.2470,-487.2000,0.500000,-0.500000,-0.500000,0.500000,900.0000,0.805380,98.793503,extrusion,1077,11529
-725.4350,-198.2470,-487.2000,0.500000,-0.500000,-0.500000,0.500000,900.0000,0.095830,98.793814,extrusion,1077,11530
-720.2470,-203.4350,-487.2000,0.500000,-0.500000,-0.500000,0.500000,900.0000,0.805380,98.793503,extrusion,1077,11531
-721.1210,-203.4350,-487.2000,0.500000,-0.500000,-0.500000,0.500000,900.0000,0.095940,98.794050,extrusion,1077,11532
-726.1950,-198.3610,-487.2000,0.500000,-0.500000,-0.500000,0.500000,900.0000,0.787690,98.794412,extrusion,1077,11533
-726.1950,-199.2340,-487.2000,0.500000,-0.500000,-0.500000,0.500000,900.0000,0.095830,98.793814,extrusion,1077,11534
-721.9940,-203.4350,-487.2000,0.500000,-0.500000,-0.500000,0.500000,900.0000,0.652160,98.793640,extrusion,1077,11535
-722.8680,-203.4350,-487.2000,0.500000,-0.500000,-0.500000,0.500000,900.0000,0.095940,98.794050,extrusion,1077,11536
-726.1950,-200.1080,-487.2000,0.500000,-0.500000,-0.500000,0.500000,900.0000,0.516480,98.793465,extrusion,1077,11537
-726.1950,-200.9810,-487.2000,0.500000,-0.500000,-0.500000,0.500000,900.0000,0.095830,98.793814,extrusion,1077,11538
-723.7410,-203.4350,-487.2000,0.500000,-0.500000,-0.500000,0.500000,900.0000,0.380960,98.794401,extrusion,1077,11539
-724.6150,-203.4350,-487.2000,0.500000,-0.500000,-0.500000,0.500000,900.0000,0.095940,98.794050,extrusion,1077,11540
-726.1950,-201.8540,-487.2000,0.500000,-0.500000,-0.500000,0.500000,900.0000,0.245360,98.795407,extrusion,1077,11541
-726.1950,-202.7280,-487.2000,0.500000,-0.500000,-0.500000,0.500000,900.0000,0.095940,98.794050,extrusion,1077,11542
-725.2170,-203.7060,-487.2000,0.500000,-0.500000,-0.500000,0.500000,900.0000,0.151820,98.791060,extrusion,1077,11543
